-8.51785986E-01 2020 10 29 00 00 02
-8.69344545E-01 2020 10 29 00 05 02
-9.45672711E-01 2020 10 29 00 10 02
-9.96730714E-01 2020 10 29 00 15 02
-9.64826616E-01 2020 10 29 00 20 02
-1.14519446E+00 2020 10 29 00 25 02
-1.05787866E+00 2020 10 29 00 30 02
-9.00699827E-01 2020 10 29 00 35 02
-8.14270900E-01 2020 10 29 00 40 02
-1.02542788E+00 2020 10 29 00 45 03
-7.87393048E-01 2020 10 29 00 50 02
-5.46123839E-01 2020 10 29 00 55 02
-6.61444935E-01 2020 10 29 01 00 02
-8.05657565E-01 2020 10 29 01 05 02
-8.67856237E-01 2020 10 29 01 10 03
-9.15805074E-01 2020 10 29 01 15 02
-8.51185642E-01 2020 10 29 01 20 02
-7.28436104E-01 2020 10 29 01 25 02
-7.22421864E-01 2020 10 29 01 30 02
-6.80507473E-01 2020 10 29 01 35 03
-6.12145815E-01 2020 10 29 01 40 02
-6.03204381E-01 2020 10 29 01 45 02
-6.42688368E-01 2020 10 29 01 50 02
-5.13047910E-01 2020 10 29 01 55 02
-3.96093676E-01 2020 10 29 02 00 03
-4.62523777E-01 2020 10 29 02 05 02
-5.03891359E-01 2020 10 29 02 10 02
-4.29065513E-01 2020 10 29 02 15 02
-3.73263297E-01 2020 10 29 02 20 02
-3.11922657E-01 2020 10 29 02 25 02
-3.03813802E-01 2020 10 29 02 30 02
-2.26300884E-01 2020 10 29 02 35 02
-2.24852459E-01 2020 10 29 02 40 02
-3.27831163E-01 2020 10 29 02 45 02
-4.01138155E-01 2020 10 29 02 50 02
-3.92049567E-01 2020 10 29 02 55 02
-4.30098585E-01 2020 10 29 03 00 02
-4.29270467E-01 2020 10 29 03 05 02
-4.42499390E-01 2020 10 29 03 10 02
-3.64623586E-01 2020 10 29 03 15 02
-2.56311403E-01 2020 10 29 03 20 02
-2.22750741E-01 2020 10 29 03 25 02
-2.15789447E-01 2020 10 29 03 30 02
-2.84563702E-04 2020 10 29 03 35 02
+9.86916439E-02 2020 10 29 03 40 02
+2.38777947E-01 2020 10 29 03 45 02
+4.84268114E-01 2020 10 29 03 50 02
+4.47346562E-01 2020 10 29 03 55 02
+3.80794317E-01 2020 10 29 04 00 02
+2.13634058E-01 2020 10 29 04 05 02
+1.40717495E-01 2020 10 29 04 10 02
+6.69686879E-02 2020 10 29 04 15 02
-1.56891508E-01 2020 10 29 04 20 02
-2.40035221E-01 2020 10 29 04 25 02
-3.43862178E-01 2020 10 29 04 30 02
-3.45978399E-01 2020 10 29 04 35 02
-2.73821992E-01 2020 10 29 04 40 03
-1.62116781E-01 2020 10 29 04 45 02
-1.64313482E-01 2020 10 29 04 50 02
-2.36748742E-01 2020 10 29 04 55 02
-2.42303537E-01 2020 10 29 05 00 02
-2.98288639E-01 2020 10 29 05 05 03
-3.33689786E-01 2020 10 29 05 10 02
-3.47522150E-01 2020 10 29 05 15 02
-3.69668037E-01 2020 10 29 05 20 02
-4.23976612E-01 2020 10 29 05 25 02
-4.37570608E-01 2020 10 29 05 30 02
-4.42950970E-01 2020 10 29 05 35 02
-4.23666234E-01 2020 10 29 05 40 02
-3.59736035E-01 2020 10 29 05 45 02
-2.46362030E-01 2020 10 29 05 50 02
-2.74257116E-01 2020 10 29 05 55 02
-2.45699975E-01 2020 10 29 06 00 02
-2.14025396E-01 2020 10 29 06 05 02
-2.02825559E-01 2020 10 29 06 10 02
-8.10378831E-02 2020 10 29 06 15 02
-1.18110559E-01 2020 10 29 06 20 02
-7.58486896E-02 2020 10 29 06 25 02
-3.06544680E-02 2020 10 29 06 30 02
-7.26359766E-02 2020 10 29 06 35 02
-2.12660133E-01 2020 10 29 06 40 02
-2.19660766E-01 2020 10 29 06 45 02
-2.55239026E-01 2020 10 29 06 50 02
-3.07573835E-01 2020 10 29 06 55 02
-2.83215192E-01 2020 10 29 07 00 02
-2.71598120E-01 2020 10 29 07 05 02
-3.34197144E-01 2020 10 29 07 10 02
-3.57091631E-01 2020 10 29 07 15 02
-3.09613821E-01 2020 10 29 07 20 02
-3.75110609E-01 2020 10 29 07 25 02
-3.85642307E-01 2020 10 29 07 30 02
-4.78753832E-01 2020 10 29 07 35 02
-5.81894289E-01 2020 10 29 07 40 02
-5.60882174E-01 2020 10 29 07 45 03
-5.78546255E-01 2020 10 29 07 50 02
-6.55929805E-01 2020 10 29 07 55 02
-6.79647461E-01 2020 10 29 08 00 02
-7.65118791E-01 2020 10 29 08 05 02
-7.12639734E-01 2020 10 29 08 10 02
-7.36650531E-01 2020 10 29 08 15 02
-7.60860080E-01 2020 10 29 08 20 02
-8.36610426E-01 2020 10 29 08 25 02
-7.48223544E-01 2020 10 29 08 30 02
-7.87269322E-01 2020 10 29 08 35 03
-8.22217403E-01 2020 10 29 08 40 02
-8.47875067E-01 2020 10 29 08 45 02
-9.02095320E-01 2020 10 29 08 50 02
-7.49436889E-01 2020 10 29 08 55 02
-8.54286234E-01 2020 10 29 09 00 03
-9.63015322E-01 2020 10 29 09 05 02
-9.46949474E-01 2020 10 29 09 10 02
-9.91018028E-01 2020 10 29 09 15 02
-9.73793964E-01 2020 10 29 09 20 02
-1.01210595E+00 2020 10 29 09 25 03
-9.90146243E-01 2020 10 29 09 30 02
-9.88746506E-01 2020 10 29 09 35 02
-9.51584923E-01 2020 10 29 09 40 02
-9.95642748E-01 2020 10 29 09 45 02
-1.03234478E+00 2020 10 29 09 50 03
-1.06131968E+00 2020 10 29 09 55 02
-1.12785317E+00 2020 10 29 10 00 02
-1.06263192E+00 2020 10 29 10 05 02
-1.14311107E+00 2020 10 29 10 10 02
-9.59743957E-01 2020 10 29 10 15 03
-1.10856650E+00 2020 10 29 10 20 02
-1.12198593E+00 2020 10 29 10 25 02
-1.08371865E+00 2020 10 29 10 30 02
-1.17952659E+00 2020 10 29 10 35 02
-1.18142199E+00 2020 10 29 10 40 02
-1.09214351E+00 2020 10 29 10 45 02
-1.08603663E+00 2020 10 29 10 50 02
-9.80585184E-01 2020 10 29 10 55 02
-9.75588033E-01 2020 10 29 11 00 02
-9.68387001E-01 2020 10 29 11 05 02
-9.61252885E-01 2020 10 29 11 10 02
-9.28947204E-01 2020 10 29 11 15 02
-9.35365107E-01 2020 10 29 11 20 02
-8.85210185E-01 2020 10 29 11 25 02
-8.59730529E-01 2020 10 29 11 30 02
-8.91771467E-01 2020 10 29 11 35 02
-7.97406208E-01 2020 10 29 11 40 02
-7.72962978E-01 2020 10 29 11 45 02
-6.85806316E-01 2020 10 29 11 50 02
-6.74320081E-01 2020 10 29 11 55 02
-5.94665365E-01 2020 10 29 12 00 02
-5.40752695E-01 2020 10 29 12 05 02
-5.52772295E-01 2020 10 29 12 10 02
-5.91956355E-01 2020 10 29 12 15 02
-5.98189139E-01 2020 10 29 12 20 02
-4.30230472E-01 2020 10 29 12 25 02
-4.64608500E-01 2020 10 29 12 30 03
-4.34561281E-01 2020 10 29 12 35 02
-4.56663114E-01 2020 10 29 12 40 02
-3.11423245E-01 2020 10 29 12 45 02
-3.15071438E-01 2020 10 29 12 50 02
-3.50494135E-01 2020 10 29 12 55 03
-3.13355203E-01 2020 10 29 13 00 02
-3.79029174E-01 2020 10 29 13 05 02
-3.19664999E-01 2020 10 29 13 10 02
-4.53537608E-01 2020 10 29 13 15 02
-3.78857736E-01 2020 10 29 13 20 02
-3.42262450E-01 2020 10 29 13 25 02
-3.99748939E-01 2020 10 29 13 30 02
-4.60213040E-01 2020 10 29 13 35 02
-4.20081959E-01 2020 10 29 13 40 02
-3.61182654E-01 2020 10 29 13 45 02
-4.60097488E-01 2020 10 29 13 50 02
-4.34634733E-01 2020 10 29 13 55 02
-4.22887844E-01 2020 10 29 14 00 02
-5.55298573E-01 2020 10 29 14 05 02
-4.56754055E-01 2020 10 29 14 10 02
-4.95512010E-01 2020 10 29 14 15 02
-4.56764553E-01 2020 10 29 14 20 02
-4.47041779E-01 2020 10 29 14 25 02
-4.85462808E-01 2020 10 29 14 30 02
-3.84799848E-01 2020 10 29 14 35 02
-5.00867335E-01 2020 10 29 14 40 02
-5.01846728E-01 2020 10 29 14 45 02
-5.88786478E-01 2020 10 29 14 50 02
-5.10691991E-01 2020 10 29 14 55 02
-5.04181066E-01 2020 10 29 15 00 02
-5.24330325E-01 2020 10 29 15 05 02
-4.02267355E-01 2020 10 29 15 10 03
-4.23039195E-01 2020 10 29 15 15 02
-3.30094130E-01 2020 10 29 15 20 02
-2.88199533E-01 2020 10 29 15 25 02
-3.55568984E-01 2020 10 29 15 30 02
-4.00921263E-01 2020 10 29 15 35 03
-3.51756721E-01 2020 10 29 15 40 02
-3.24481091E-01 2020 10 29 15 45 02
-2.70251517E-01 2020 10 29 15 50 02
-2.41639942E-01 2020 10 29 15 55 02
-3.32080149E-01 2020 10 29 16 00 03
-1.88173302E-01 2020 10 29 16 05 02
-2.05330068E-01 2020 10 29 16 10 02
-1.74766779E-01 2020 10 29 16 15 02
-1.77408985E-01 2020 10 29 16 20 02
-1.77299753E-01 2020 10 29 16 25 03
-1.58882273E-01 2020 10 29 16 30 02
-2.56309565E-01 2020 10 29 16 35 02
-1.67310184E-01 2020 10 29 16 40 02
-1.09766987E-01 2020 10 29 16 45 02
-1.50602041E-01 2020 10 29 16 50 03
-1.18327662E-01 2020 10 29 16 55 02
-1.40596936E-01 2020 10 29 17 00 02
-2.70472803E-01 2020 10 29 17 05 02
-1.82165306E-01 2020 10 29 17 10 02
-2.17081235E-01 2020 10 29 17 15 03
-2.76011378E-01 2020 10 29 17 20 02
-1.92062904E-01 2020 10 29 17 25 02
-2.59507713E-01 2020 10 29 17 30 02
-4.09574100E-01 2020 10 29 17 35 02
-4.51733017E-01 2020 10 29 17 40 03
-2.87943337E-01 2020 10 29 17 45 02
-3.29548864E-01 2020 10 29 17 50 02
-3.60249665E-01 2020 10 29 17 55 02
-3.78844456E-01 2020 10 29 18 00 02
-4.53525007E-01 2020 10 29 18 05 02
-4.69053723E-01 2020 10 29 18 10 02
-5.25153867E-01 2020 10 29 18 15 02
-4.58316564E-01 2020 10 29 18 20 02
-4.81161018E-01 2020 10 29 18 25 02
-4.74279963E-01 2020 10 29 18 30 02
-3.75292977E-01 2020 10 29 18 35 02
-5.15892870E-01 2020 10 29 18 40 02
-4.19148328E-01 2020 10 29 18 45 02
-3.77430306E-01 2020 10 29 18 50 02
-3.04193962E-01 2020 10 29 18 55 02
-3.34153808E-01 2020 10 29 19 00 02
-3.19383464E-01 2020 10 29 19 05 02
-2.51445253E-01 2020 10 29 19 10 02
-2.12587760E-01 2020 10 29 19 15 02
-2.23645939E-01 2020 10 29 19 20 02
-2.32880231E-01 2020 10 29 19 25 02
-3.31544925E-01 2020 10 29 19 30 02
-2.79076410E-01 2020 10 29 19 35 02
-3.12596369E-01 2020 10 29 19 40 02
-2.90576060E-01 2020 10 29 19 45 02
-4.55384787E-01 2020 10 29 19 50 02
-6.77415808E-01 2020 10 29 19 55 03
-9.40665409E-01 2020 10 29 20 00 02
-1.20804443E+00 2020 10 29 20 05 02
-1.08508715E+00 2020 10 29 20 10 02
-8.80625451E-01 2020 10 29 20 15 02
-6.66224985E-01 2020 10 29 20 20 02
-4.36535734E-01 2020 10 29 20 25 02
-4.16472435E-01 2020 10 29 20 30 02
-5.20808404E-01 2020 10 29 20 35 02
-6.43394269E-01 2020 10 29 20 40 02
-5.68980239E-01 2020 10 29 20 45 02
-5.94317569E-01 2020 10 29 20 50 02
-5.33443798E-01 2020 10 29 20 55 02
-4.25264520E-01 2020 10 29 21 00 02
-4.31950290E-01 2020 10 29 21 05 02
-4.03204389E-01 2020 10 29 21 10 03
-6.47630706E-01 2020 10 29 21 15 02
-5.59397028E-01 2020 10 29 21 20 02
-6.62996492E-01 2020 10 29 21 25 02
-6.73550844E-01 2020 10 29 21 30 02
-6.57579202E-01 2020 10 29 21 35 03
-6.50319437E-01 2020 10 29 21 40 02
-6.69529703E-01 2020 10 29 21 45 02
-5.59179854E-01 2020 10 29 21 50 02
-6.31711823E-01 2020 10 29 21 55 02
-7.58291395E-01 2020 10 29 22 00 03
-7.92038905E-01 2020 10 29 22 05 02
-9.06539888E-01 2020 10 29 22 10 02
-7.48193820E-01 2020 10 29 22 15 02
-7.84868744E-01 2020 10 29 22 20 02
-8.32261358E-01 2020 10 29 22 25 03
-9.02744906E-01 2020 10 29 22 30 02
-9.20681590E-01 2020 10 29 22 35 02
-9.62596217E-01 2020 10 29 22 40 02
-9.67885730E-01 2020 10 29 22 45 02
-1.00744210E+00 2020 10 29 22 50 03
-1.07382497E+00 2020 10 29 22 55 02
-1.09759092E+00 2020 10 29 23 00 02
-1.11031863E+00 2020 10 29 23 05 02
-1.13806455E+00 2020 10 29 23 10 02
-1.08232621E+00 2020 10 29 23 15 03
-9.54471028E-01 2020 10 29 23 20 02
-1.09034911E+00 2020 10 29 23 25 02
-1.07913919E+00 2020 10 29 23 30 02
-1.10536082E+00 2020 10 29 23 35 02
-1.11032235E+00 2020 10 29 23 40 03
-1.01833382E+00 2020 10 29 23 45 02
-9.86058415E-01 2020 10 29 23 50 02
-9.72507627E-01 2020 10 29 23 55 02
