-8.70342610E-01 2020 10 30 00 00 02
-9.67151143E-01 2020 10 30 00 05 02
-9.71720984E-01 2020 10 30 00 10 02
-9.99062417E-01 2020 10 30 00 15 02
-9.87271547E-01 2020 10 30 00 20 02
-1.03495869E+00 2020 10 30 00 25 02
-9.30240624E-01 2020 10 30 00 30 02
-9.23803602E-01 2020 10 30 00 35 02
-1.02481583E+00 2020 10 30 00 40 02
-1.06678302E+00 2020 10 30 00 45 02
-9.92813082E-01 2020 10 30 00 50 02
-7.48812970E-01 2020 10 30 00 55 02
-7.34311549E-01 2020 10 30 01 00 02
-6.45101769E-01 2020 10 30 01 05 03
-7.01579050E-01 2020 10 30 01 10 02
-7.56045764E-01 2020 10 30 01 15 02
-6.43559132E-01 2020 10 30 01 20 02
-5.55276119E-01 2020 10 30 01 25 02
-3.22387912E-01 2020 10 30 01 30 03
-1.18386875E-01 2020 10 30 01 35 02
-1.02524544E-01 2020 10 30 01 40 02
-2.56289067E-01 2020 10 30 01 45 02
-5.31467278E-01 2020 10 30 01 50 02
-7.61728718E-01 2020 10 30 01 55 03
-9.18988248E-01 2020 10 30 02 00 02
-1.15220651E+00 2020 10 30 02 05 02
-1.23205528E+00 2020 10 30 02 10 02
-1.16905406E+00 2020 10 30 02 15 02
-1.06005902E+00 2020 10 30 02 20 02
-8.91422694E-01 2020 10 30 02 25 02
-7.18884919E-01 2020 10 30 02 30 02
-6.21532381E-01 2020 10 30 02 35 02
-4.90885351E-01 2020 10 30 02 40 02
-4.15346428E-01 2020 10 30 02 45 02
-3.89106495E-01 2020 10 30 02 50 02
-4.16438378E-01 2020 10 30 02 55 02
-3.78338297E-01 2020 10 30 03 00 02
-3.63078300E-01 2020 10 30 03 05 02
-4.14517063E-01 2020 10 30 03 10 02
-4.53457969E-01 2020 10 30 03 15 02
-3.71337061E-01 2020 10 30 03 20 02
-3.06257051E-01 2020 10 30 03 25 02
-2.44768546E-01 2020 10 30 03 30 02
-1.38134602E-01 2020 10 30 03 35 03
-1.57394319E-01 2020 10 30 03 40 02
-1.44272099E-01 2020 10 30 03 45 02
-1.27884278E-01 2020 10 30 03 50 02
-2.72344292E-02 2020 10 30 03 55 02
-7.05440212E-02 2020 10 30 04 00 02
-1.22870093E-02 2020 10 30 04 05 02
-5.29851603E-02 2020 10 30 04 10 02
-7.69079123E-02 2020 10 30 04 15 02
-5.08532275E-02 2020 10 30 04 20 02
-2.75291410E-02 2020 10 30 04 25 02
-2.55903165E-02 2020 10 30 04 30 02
-5.57031048E-03 2020 10 30 04 35 02
+3.76754998E-02 2020 10 30 04 40 02
+7.92282425E-02 2020 10 30 04 45 02
+8.24613983E-02 2020 10 30 04 50 02
+7.64989552E-02 2020 10 30 04 55 02
+9.00877607E-02 2020 10 30 05 00 02
+1.24388158E-01 2020 10 30 05 05 02
+1.71854444E-01 2020 10 30 05 10 02
+1.18302076E-01 2020 10 30 05 15 02
+1.36273425E-01 2020 10 30 05 20 02
+1.47578093E-01 2020 10 30 05 25 02
+1.66577788E-01 2020 10 30 05 30 02
+1.24016151E-01 2020 10 30 05 35 02
+1.02183974E-01 2020 10 30 05 40 02
+7.57001021E-02 2020 10 30 05 45 02
+8.11278267E-02 2020 10 30 05 50 02
+6.58012951E-02 2020 10 30 05 55 02
+6.87707193E-03 2020 10 30 06 00 02
-7.98566082E-04 2020 10 30 06 05 02
+4.97247234E-03 2020 10 30 06 10 02
-1.87432530E-02 2020 10 30 06 15 02
+1.98191770E-02 2020 10 30 06 20 02
-1.10765344E-01 2020 10 30 06 25 02
-6.37278195E-02 2020 10 30 06 30 02
+3.68044767E-02 2020 10 30 06 35 02
-5.42462206E-02 2020 10 30 06 40 03
-6.93749805E-02 2020 10 30 06 45 02
-1.40552120E-02 2020 10 30 06 50 02
-9.38002833E-02 2020 10 30 06 55 02
-9.41142577E-02 2020 10 30 07 00 02
-2.27930411E-01 2020 10 30 07 05 03
-1.87051219E-01 2020 10 30 07 10 02
-1.84607635E-01 2020 10 30 07 15 02
-1.27599034E-01 2020 10 30 07 20 02
-1.81924617E-01 2020 10 30 07 25 02
-2.29244536E-01 2020 10 30 07 30 03
-2.84215351E-01 2020 10 30 07 35 02
-3.33944056E-01 2020 10 30 07 40 02
-3.02004103E-01 2020 10 30 07 45 02
-2.82372549E-01 2020 10 30 07 50 02
-3.21837460E-01 2020 10 30 07 55 03
-2.50065610E-01 2020 10 30 08 00 02
-4.09985275E-01 2020 10 30 08 05 02
-4.43981121E-01 2020 10 30 08 10 02
-4.33327985E-01 2020 10 30 08 15 02
-4.65454612E-01 2020 10 30 08 20 02
-4.56637906E-01 2020 10 30 08 25 02
-4.32506242E-01 2020 10 30 08 30 02
-3.81179174E-01 2020 10 30 08 35 02
-3.88724954E-01 2020 10 30 08 40 02
-5.29259092E-01 2020 10 30 08 45 02
-5.34301978E-01 2020 10 30 08 50 02
-5.58289313E-01 2020 10 30 08 55 02
-5.58947390E-01 2020 10 30 09 00 02
-6.01324573E-01 2020 10 30 09 05 02
-6.22901667E-01 2020 10 30 09 10 02
-7.32070304E-01 2020 10 30 09 15 02
-6.83948235E-01 2020 10 30 09 20 02
-6.86230628E-01 2020 10 30 09 25 02
-7.00338321E-01 2020 10 30 09 30 02
-6.94954304E-01 2020 10 30 09 35 02
-7.43997719E-01 2020 10 30 09 40 02
-7.46961633E-01 2020 10 30 09 45 02
-8.15655874E-01 2020 10 30 09 50 02
-8.01554691E-01 2020 10 30 09 55 02
-9.74334760E-01 2020 10 30 10 00 02
-8.41120549E-01 2020 10 30 10 05 02
-8.39450300E-01 2020 10 30 10 10 02
-8.51780783E-01 2020 10 30 10 15 02
-8.40293548E-01 2020 10 30 10 20 02
-8.46712497E-01 2020 10 30 10 25 02
-8.67266349E-01 2020 10 30 10 30 02
-8.51386084E-01 2020 10 30 10 35 02
-9.08406866E-01 2020 10 30 10 40 02
-8.86161429E-01 2020 10 30 10 45 02
-8.10711230E-01 2020 10 30 10 50 02
-8.50694955E-01 2020 10 30 10 55 02
-8.62550310E-01 2020 10 30 11 00 02
-8.63872610E-01 2020 10 30 11 05 02
-9.56588018E-01 2020 10 30 11 10 02
-8.75262941E-01 2020 10 30 11 15 02
-8.63496956E-01 2020 10 30 11 20 02
-8.55722914E-01 2020 10 30 11 25 02
-9.09801093E-01 2020 10 30 11 30 02
-8.50647871E-01 2020 10 30 11 35 02
-8.10577702E-01 2020 10 30 11 40 02
-9.06303189E-01 2020 10 30 11 45 02
-8.15986306E-01 2020 10 30 11 50 02
-8.65248130E-01 2020 10 30 11 55 02
-7.62070219E-01 2020 10 30 12 00 02
-7.92717395E-01 2020 10 30 12 05 02
-7.22489564E-01 2020 10 30 12 10 02
-6.32758754E-01 2020 10 30 12 15 03
-6.55213701E-01 2020 10 30 12 20 02
-6.39788727E-01 2020 10 30 12 25 02
-7.39510909E-01 2020 10 30 12 30 02
-6.40589719E-01 2020 10 30 12 35 02
-6.71670432E-01 2020 10 30 12 40 03
-6.82944079E-01 2020 10 30 12 45 02
-6.28624648E-01 2020 10 30 12 50 02
-5.20805484E-01 2020 10 30 12 55 02
-6.67492904E-01 2020 10 30 13 00 02
-6.64511294E-01 2020 10 30 13 05 02
-5.85514900E-01 2020 10 30 13 10 02
-5.94232741E-01 2020 10 30 13 15 02
-5.90382588E-01 2020 10 30 13 20 02
-5.55695605E-01 2020 10 30 13 25 02
-5.28418453E-01 2020 10 30 13 30 02
-6.06131554E-01 2020 10 30 13 35 02
-5.77856111E-01 2020 10 30 13 40 02
-5.65220308E-01 2020 10 30 13 45 02
-4.29338116E-01 2020 10 30 13 50 02
-5.11060284E-01 2020 10 30 13 55 02
-5.07230652E-01 2020 10 30 14 00 02
-5.49170698E-01 2020 10 30 14 05 02
-4.56232968E-01 2020 10 30 14 10 02
-4.54276032E-01 2020 10 30 14 15 02
-4.50490610E-01 2020 10 30 14 20 02
-3.88943148E-01 2020 10 30 14 25 02
-4.37991165E-01 2020 10 30 14 30 03
-4.44900557E-01 2020 10 30 14 35 02
-4.66233757E-01 2020 10 30 14 40 02
-5.34688776E-01 2020 10 30 14 45 02
-4.86553166E-01 2020 10 30 14 50 02
-3.77239338E-01 2020 10 30 14 55 03
-4.72714198E-01 2020 10 30 15 00 02
-4.19471383E-01 2020 10 30 15 05 02
-3.54120533E-01 2020 10 30 15 10 02
-3.80027092E-01 2020 10 30 15 15 02
-4.66778574E-01 2020 10 30 15 20 02
-3.51963674E-01 2020 10 30 15 25 02
-3.63889725E-01 2020 10 30 15 30 02
-3.15077738E-01 2020 10 30 15 35 02
-3.23917236E-01 2020 10 30 15 40 02
-3.39925542E-01 2020 10 30 15 45 02
-4.28027016E-01 2020 10 30 15 50 02
-3.02816272E-01 2020 10 30 15 55 02
-2.34738544E-01 2020 10 30 16 00 02
-1.96570791E-01 2020 10 30 16 05 02
-3.06273567E-01 2020 10 30 16 10 02
-1.83187006E-01 2020 10 30 16 15 02
-1.96052976E-01 2020 10 30 16 20 02
-1.78797594E-01 2020 10 30 16 25 02
-1.80603777E-01 2020 10 30 16 30 02
-1.27391561E-01 2020 10 30 16 35 02
-9.14800931E-02 2020 10 30 16 40 02
-7.68743135E-02 2020 10 30 16 45 02
-6.33866601E-02 2020 10 30 16 50 02
-1.67771163E-01 2020 10 30 16 55 02
-5.78311717E-02 2020 10 30 17 00 02
-8.99458608E-02 2020 10 30 17 05 02
-1.30442750E-01 2020 10 30 17 10 02
-1.45129775E-01 2020 10 30 17 15 02
-1.06008010E-01 2020 10 30 17 20 02
-9.51190186E-02 2020 10 30 17 25 02
-6.97399762E-02 2020 10 30 17 30 02
-2.01073585E-02 2020 10 30 17 35 02
-1.10589724E-01 2020 10 30 17 40 02
-4.64363397E-02 2020 10 30 17 45 02
-3.76135396E-02 2020 10 30 17 50 02
-8.06063571E-02 2020 10 30 17 55 02
-1.19753868E-01 2020 10 30 18 00 03
-1.71485644E-01 2020 10 30 18 05 02
-2.32269544E-01 2020 10 30 18 10 02
-8.48913955E-02 2020 10 30 18 15 02
-6.73226673E-03 2020 10 30 18 20 02
-3.26764442E-02 2020 10 30 18 25 03
-9.92863584E-02 2020 10 30 18 30 02
-5.42422555E-02 2020 10 30 18 35 02
-1.03409472E-01 2020 10 30 18 40 02
-8.22829525E-02 2020 10 30 18 45 02
-7.89919698E-02 2020 10 30 18 50 03
+1.30384081E-02 2020 10 30 18 55 02
+5.98609873E-03 2020 10 30 19 00 02
-5.79968599E-02 2020 10 30 19 05 02
-1.30151225E-01 2020 10 30 19 10 02
-6.00769596E-02 2020 10 30 19 15 03
-1.24478883E-01 2020 10 30 19 20 02
-1.91250317E-01 2020 10 30 19 25 02
-1.32917414E-01 2020 10 30 19 30 02
-1.29869629E-01 2020 10 30 19 35 02
-2.69480962E-01 2020 10 30 19 40 03
-2.24871279E-01 2020 10 30 19 45 02
-1.40491290E-01 2020 10 30 19 50 02
-1.09749283E-01 2020 10 30 19 55 02
-1.55616955E-01 2020 10 30 20 00 02
-1.61103930E-01 2020 10 30 20 05 03
-1.75751061E-01 2020 10 30 20 10 02
-1.46824251E-01 2020 10 30 20 15 02
-2.45549842E-01 2020 10 30 20 20 02
-2.52963761E-01 2020 10 30 20 25 02
-1.90263697E-01 2020 10 30 20 30 03
-2.57366881E-01 2020 10 30 20 35 02
-3.51537241E-01 2020 10 30 20 40 02
-3.16510537E-01 2020 10 30 20 45 02
-3.86661120E-01 2020 10 30 20 50 02
-3.91134332E-01 2020 10 30 20 55 03
-3.89152902E-01 2020 10 30 21 00 02
-4.62244728E-01 2020 10 30 21 05 02
-4.68167742E-01 2020 10 30 21 10 02
-4.20003015E-01 2020 10 30 21 15 02
-4.16713321E-01 2020 10 30 21 20 03
-5.03348281E-01 2020 10 30 21 25 02
-5.35135063E-01 2020 10 30 21 30 02
-5.86728501E-01 2020 10 30 21 35 02
-5.57210046E-01 2020 10 30 21 40 02
-6.01019437E-01 2020 10 30 21 45 03
-6.12442302E-01 2020 10 30 21 50 02
-6.26754277E-01 2020 10 30 21 55 02
-6.73528826E-01 2020 10 30 22 00 02
-6.45562637E-01 2020 10 30 22 05 02
-6.62853456E-01 2020 10 30 22 10 03
-7.16025577E-01 2020 10 30 22 15 02
-6.76013107E-01 2020 10 30 22 20 02
-7.82031004E-01 2020 10 30 22 25 02
-7.62687587E-01 2020 10 30 22 30 02
-7.16660951E-01 2020 10 30 22 35 02
-6.99496318E-01 2020 10 30 22 40 02
-8.04028717E-01 2020 10 30 22 45 02
-7.84159945E-01 2020 10 30 22 50 02
-8.37248771E-01 2020 10 30 22 55 02
-8.41490327E-01 2020 10 30 23 00 03
-8.33992639E-01 2020 10 30 23 05 02
-8.13080213E-01 2020 10 30 23 10 02
-8.14252543E-01 2020 10 30 23 15 02
-8.76360430E-01 2020 10 30 23 20 02
-7.85059640E-01 2020 10 30 23 25 03
-8.53279822E-01 2020 10 30 23 30 02
-8.19454005E-01 2020 10 30 23 35 02
-7.63329291E-01 2020 10 30 23 40 02
-8.26639005E-01 2020 10 30 23 45 02
-7.69030638E-01 2020 10 30 23 50 03
-7.83276180E-01 2020 10 30 23 55 02
