-8.00726163E-01 2020 10 31 00 00 02
-8.57063045E-01 2020 10 31 00 05 02
-8.67949481E-01 2020 10 31 00 10 02
-8.11194936E-01 2020 10 31 00 15 02
-7.64831180E-01 2020 10 31 00 20 02
-8.40424715E-01 2020 10 31 00 25 02
-8.49924987E-01 2020 10 31 00 30 02
-8.24923144E-01 2020 10 31 00 35 02
-8.14624273E-01 2020 10 31 00 40 02
-7.83771153E-01 2020 10 31 00 45 02
-7.41859034E-01 2020 10 31 00 50 02
-7.52803561E-01 2020 10 31 00 55 02
-7.66710041E-01 2020 10 31 01 00 02
-8.16324029E-01 2020 10 31 01 05 02
-7.73556861E-01 2020 10 31 01 10 02
-7.59449853E-01 2020 10 31 01 15 02
-7.67385451E-01 2020 10 31 01 20 02
-7.96057331E-01 2020 10 31 01 25 02
-7.72331751E-01 2020 10 31 01 30 02
-7.37108859E-01 2020 10 31 01 35 02
-6.95070284E-01 2020 10 31 01 40 02
-6.79540700E-01 2020 10 31 01 45 02
-6.49042377E-01 2020 10 31 01 50 02
-6.05466067E-01 2020 10 31 01 55 02
-5.87402249E-01 2020 10 31 02 00 02
-5.39512955E-01 2020 10 31 02 05 02
-5.48619702E-01 2020 10 31 02 10 02
-5.33512222E-01 2020 10 31 02 15 02
-5.21824556E-01 2020 10 31 02 20 02
-5.02091889E-01 2020 10 31 02 25 02
-4.63875667E-01 2020 10 31 02 30 02
-4.31504370E-01 2020 10 31 02 35 02
-4.65582586E-01 2020 10 31 02 40 02
-4.24225984E-01 2020 10 31 02 45 02
-3.73073045E-01 2020 10 31 02 50 02
-3.38920235E-01 2020 10 31 02 55 03
-3.21468574E-01 2020 10 31 03 00 02
-2.76111888E-01 2020 10 31 03 05 02
-2.96493810E-01 2020 10 31 03 10 02
-2.39595732E-01 2020 10 31 03 15 02
-2.36810437E-01 2020 10 31 03 20 03
-2.40872865E-01 2020 10 31 03 25 02
-2.14449399E-01 2020 10 31 03 30 02
-1.49723673E-01 2020 10 31 03 35 02
-1.21202909E-01 2020 10 31 03 40 02
-8.61337809E-02 2020 10 31 03 45 03
-9.51174402E-02 2020 10 31 03 50 02
-4.65960264E-02 2020 10 31 03 55 02
-6.44571448E-02 2020 10 31 04 00 02
-7.77263313E-03 2020 10 31 04 05 02
-1.21725457E-02 2020 10 31 04 10 02
+2.09312877E-02 2020 10 31 04 15 02
+3.19508689E-02 2020 10 31 04 20 02
+3.48672278E-02 2020 10 31 04 25 02
+4.75852596E-02 2020 10 31 04 30 02
+4.47105278E-02 2020 10 31 04 35 02
+3.53659987E-02 2020 10 31 04 40 02
+4.77476786E-02 2020 10 31 04 45 02
+1.08967141E-01 2020 10 31 04 50 02
+1.34643696E-01 2020 10 31 04 55 02
+1.75818902E-01 2020 10 31 05 00 02
+1.69562102E-01 2020 10 31 05 05 02
+1.61820697E-01 2020 10 31 05 10 02
+2.28054821E-01 2020 10 31 05 15 02
+1.98161334E-01 2020 10 31 05 20 02
+1.53858678E-01 2020 10 31 05 25 02
+1.71914672E-01 2020 10 31 05 30 02
+1.43980157E-01 2020 10 31 05 35 02
+1.62079837E-01 2020 10 31 05 40 02
+1.35571576E-01 2020 10 31 05 45 02
+1.53896303E-01 2020 10 31 05 50 02
+1.21321590E-01 2020 10 31 05 55 02
+2.22041241E-01 2020 10 31 06 00 03
+2.46399262E-01 2020 10 31 06 05 02
+1.13781668E-01 2020 10 31 06 10 02
+2.15477220E-01 2020 10 31 06 15 02
+1.87456463E-01 2020 10 31 06 20 02
+1.89468965E-01 2020 10 31 06 25 03
+1.84653234E-01 2020 10 31 06 30 02
+1.82576619E-01 2020 10 31 06 35 02
+1.57832610E-01 2020 10 31 06 40 02
+1.36884105E-01 2020 10 31 06 45 02
+1.77175814E-01 2020 10 31 06 50 03
+1.03385881E-01 2020 10 31 06 55 02
+4.61842050E-02 2020 10 31 07 00 02
-4.96544946E-03 2020 10 31 07 05 02
-3.59441085E-02 2020 10 31 07 10 02
-1.41034427E-01 2020 10 31 07 15 03
-1.67725501E-01 2020 10 31 07 20 02
-1.07741937E-01 2020 10 31 07 25 02
-1.41038362E-01 2020 10 31 07 30 02
-1.92338419E-01 2020 10 31 07 35 02
-1.33553641E-01 2020 10 31 07 40 03
-1.96854368E-01 2020 10 31 07 45 02
-1.75214652E-01 2020 10 31 07 50 02
-1.99835460E-01 2020 10 31 07 55 02
-2.35874516E-01 2020 10 31 08 00 02
-2.73454461E-01 2020 10 31 08 05 02
-3.36096479E-01 2020 10 31 08 10 02
-3.46469339E-01 2020 10 31 08 15 02
-3.71212993E-01 2020 10 31 08 20 02
-3.95887652E-01 2020 10 31 08 25 02
-4.52549045E-01 2020 10 31 08 30 02
-4.88065584E-01 2020 10 31 08 35 02
-5.90177916E-01 2020 10 31 08 40 02
-5.12037581E-01 2020 10 31 08 45 02
-5.49114635E-01 2020 10 31 08 50 02
-5.09840163E-01 2020 10 31 08 55 02
-5.60264111E-01 2020 10 31 09 00 02
-5.98238251E-01 2020 10 31 09 05 03
-5.80848654E-01 2020 10 31 09 10 02
-6.76804737E-01 2020 10 31 09 15 02
-6.66658479E-01 2020 10 31 09 20 02
-6.66479177E-01 2020 10 31 09 25 02
-6.54615020E-01 2020 10 31 09 30 03
-7.04627993E-01 2020 10 31 09 35 02
-6.86160154E-01 2020 10 31 09 40 02
-7.00462565E-01 2020 10 31 09 45 02
-8.14440772E-01 2020 10 31 09 50 02
-8.02049352E-01 2020 10 31 09 55 03
-7.80841362E-01 2020 10 31 10 00 02
-8.17450782E-01 2020 10 31 10 05 02
-8.31775373E-01 2020 10 31 10 10 02
-8.24800654E-01 2020 10 31 10 15 02
-8.63907158E-01 2020 10 31 10 20 03
-9.12344050E-01 2020 10 31 10 25 02
-8.88787627E-01 2020 10 31 10 30 02
-1.01135814E+00 2020 10 31 10 35 02
-9.75338324E-01 2020 10 31 10 40 02
-9.61406171E-01 2020 10 31 10 45 03
-1.08282303E+00 2020 10 31 10 50 02
-1.01966655E+00 2020 10 31 10 55 02
-1.06783375E+00 2020 10 31 11 00 02
-1.08379954E+00 2020 10 31 11 05 02
-9.98078435E-01 2020 10 31 11 10 03
-9.48899949E-01 2020 10 31 11 15 02
-1.01055079E+00 2020 10 31 11 20 02
-9.44930184E-01 2020 10 31 11 25 02
-9.46521569E-01 2020 10 31 11 30 02
-9.51746973E-01 2020 10 31 11 35 02
-9.43138563E-01 2020 10 31 11 40 02
-8.85591625E-01 2020 10 31 11 45 02
-8.12907552E-01 2020 10 31 11 50 02
-8.67864281E-01 2020 10 31 11 55 02
-7.60921944E-01 2020 10 31 12 00 02
-6.94258134E-01 2020 10 31 12 05 02
-7.72250843E-01 2020 10 31 12 10 02
-7.24405104E-01 2020 10 31 12 15 02
-6.86671730E-01 2020 10 31 12 20 02
-6.89879816E-01 2020 10 31 12 25 02
-6.41269620E-01 2020 10 31 12 30 02
-5.83775679E-01 2020 10 31 12 35 02
-6.11620933E-01 2020 10 31 12 40 02
-5.93404579E-01 2020 10 31 12 45 02
-6.54646218E-01 2020 10 31 12 50 02
-6.10400464E-01 2020 10 31 12 55 02
-6.93382230E-01 2020 10 31 13 00 02
-6.48520732E-01 2020 10 31 13 05 02
-6.41757182E-01 2020 10 31 13 10 02
-6.41990071E-01 2020 10 31 13 15 02
-6.81652350E-01 2020 10 31 13 20 02
-6.11667802E-01 2020 10 31 13 25 02
-5.54824880E-01 2020 10 31 13 30 02
-7.03206407E-01 2020 10 31 13 35 02
-7.23808957E-01 2020 10 31 13 40 02
-7.22200748E-01 2020 10 31 13 45 02
-6.37002737E-01 2020 10 31 13 50 02
-6.92791032E-01 2020 10 31 13 55 02
-7.02094622E-01 2020 10 31 14 00 02
-7.18562018E-01 2020 10 31 14 05 02
-6.87413634E-01 2020 10 31 14 10 02
-6.25699270E-01 2020 10 31 14 15 03
-6.76203720E-01 2020 10 31 14 20 02
-7.26405898E-01 2020 10 31 14 25 02
-7.08233300E-01 2020 10 31 14 30 02
-7.28679455E-01 2020 10 31 14 35 02
-7.35319238E-01 2020 10 31 14 40 03
-7.10333615E-01 2020 10 31 14 45 02
-7.33597088E-01 2020 10 31 14 50 02
-7.63179585E-01 2020 10 31 14 55 02
-6.34889629E-01 2020 10 31 15 00 02
-6.10003401E-01 2020 10 31 15 05 03
-6.10887045E-01 2020 10 31 15 10 02
-5.46235107E-01 2020 10 31 15 15 02
-5.43373964E-01 2020 10 31 15 20 02
-6.00227628E-01 2020 10 31 15 25 02
-5.63125119E-01 2020 10 31 15 30 02
-6.37251745E-01 2020 10 31 15 35 02
-5.61051188E-01 2020 10 31 15 40 02
-6.06712271E-01 2020 10 31 15 45 02
-5.86000535E-01 2020 10 31 15 50 02
-6.18150986E-01 2020 10 31 15 55 03
-5.97058324E-01 2020 10 31 16 00 02
-5.73045685E-01 2020 10 31 16 05 02
-4.66147883E-01 2020 10 31 16 10 02
-4.07493539E-01 2020 10 31 16 15 02
-4.04512343E-01 2020 10 31 16 20 03
-4.58341446E-01 2020 10 31 16 25 02
-3.80558999E-01 2020 10 31 16 30 02
-3.66782514E-01 2020 10 31 16 35 02
-4.80134490E-01 2020 10 31 16 40 02
-3.82737286E-01 2020 10 31 16 45 03
-4.03464060E-01 2020 10 31 16 50 02
-3.98378381E-01 2020 10 31 16 55 02
-3.11716500E-01 2020 10 31 17 00 02
-3.08255862E-01 2020 10 31 17 05 02
-2.75135182E-01 2020 10 31 17 10 03
-3.02675157E-01 2020 10 31 17 15 02
-3.26879634E-01 2020 10 31 17 20 02
-3.38750059E-01 2020 10 31 17 25 02
-3.53893524E-01 2020 10 31 17 30 02
-3.54663220E-01 2020 10 31 17 35 03
-3.15852461E-01 2020 10 31 17 40 02
-4.94584820E-01 2020 10 31 17 45 02
-2.55791819E-01 2020 10 31 17 50 02
-3.01611319E-01 2020 10 31 17 55 02
-2.97618502E-01 2020 10 31 18 00 03
-2.30412558E-01 2020 10 31 18 05 02
-3.19277569E-01 2020 10 31 18 10 02
-3.25634496E-01 2020 10 31 18 15 02
-2.91985407E-01 2020 10 31 18 20 02
-1.83019084E-01 2020 10 31 18 25 03
-2.16415565E-01 2020 10 31 18 30 02
-2.94947588E-01 2020 10 31 18 35 02
-3.13826631E-01 2020 10 31 18 40 02
-3.36331788E-01 2020 10 31 18 45 02
-2.82575665E-01 2020 10 31 18 50 02
-3.51588642E-01 2020 10 31 18 55 02
-3.35509134E-01 2020 10 31 19 00 02
-3.02189102E-01 2020 10 31 19 05 02
-2.83730337E-01 2020 10 31 19 10 02
-2.09701930E-01 2020 10 31 19 15 02
-2.06988881E-01 2020 10 31 19 20 02
-2.67500487E-01 2020 10 31 19 25 02
-4.05729956E-01 2020 10 31 19 30 02
-3.49864059E-01 2020 10 31 19 35 02
-5.17953845E-01 2020 10 31 19 40 02
-4.48066437E-01 2020 10 31 19 45 02
-4.07937012E-01 2020 10 31 19 50 02
-4.20842672E-01 2020 10 31 19 55 02
-6.07224744E-01 2020 10 31 20 00 02
-4.87126785E-01 2020 10 31 20 05 02
-5.96523270E-01 2020 10 31 20 10 02
-6.24018272E-01 2020 10 31 20 15 02
-6.73964276E-01 2020 10 31 20 20 02
-6.04989059E-01 2020 10 31 20 25 02
-5.18219907E-01 2020 10 31 20 30 02
-4.56550157E-01 2020 10 31 20 35 02
-3.79135556E-01 2020 10 31 20 40 02
-4.02194830E-01 2020 10 31 20 45 02
-4.29647935E-01 2020 10 31 20 50 02
-5.02144779E-01 2020 10 31 20 55 02
-4.14342479E-01 2020 10 31 21 00 02
-4.94585356E-01 2020 10 31 21 05 02
-6.14172780E-01 2020 10 31 21 10 02
-6.42346631E-01 2020 10 31 21 15 02
-7.44488812E-01 2020 10 31 21 20 02
-6.61513628E-01 2020 10 31 21 25 02
-7.78839600E-01 2020 10 31 21 30 03
-7.74038458E-01 2020 10 31 21 35 02
-7.17714588E-01 2020 10 31 21 40 02
-8.04291029E-01 2020 10 31 21 45 02
-8.61157989E-01 2020 10 31 21 50 02
-9.68057201E-01 2020 10 31 21 55 03
-8.79348014E-01 2020 10 31 22 00 02
-7.77385739E-01 2020 10 31 22 05 02
-8.90094023E-01 2020 10 31 22 10 02
-9.43930230E-01 2020 10 31 22 15 02
-1.05899804E+00 2020 10 31 22 20 03
-1.06265979E+00 2020 10 31 22 25 02
-9.71901901E-01 2020 10 31 22 30 02
-9.38692328E-01 2020 10 31 22 35 02
-8.02441993E-01 2020 10 31 22 40 02
-8.26510093E-01 2020 10 31 22 45 03
-8.50207932E-01 2020 10 31 22 50 02
-9.47337528E-01 2020 10 31 22 55 02
-1.04723239E+00 2020 10 31 23 00 02
-1.14619147E+00 2020 10 31 23 05 02
-1.16048393E+00 2020 10 31 23 10 03
-1.21372167E+00 2020 10 31 23 15 02
-1.17493596E+00 2020 10 31 23 20 02
-1.19429158E+00 2020 10 31 23 25 02
-1.32921881E+00 2020 10 31 23 30 02
-1.21903794E+00 2020 10 31 23 35 02
-1.16227038E+00 2020 10 31 23 40 02
-1.02861516E+00 2020 10 31 23 45 02
-9.11784247E-01 2020 10 31 23 50 02
-1.27710577E+00 2020 10 31 23 55 02
