-2.93269378E-01 2020 10 28 17 15 02
-2.74879411E-01 2020 10 28 17 20 03
-2.29288578E-01 2020 10 28 17 25 02
-2.87707463E-01 2020 10 28 17 30 02
-4.02096720E-01 2020 10 28 17 35 02
-3.30844504E-01 2020 10 28 17 40 02
-3.80161415E-01 2020 10 28 17 45 03
-2.42699592E-01 2020 10 28 17 50 02
-2.88348515E-01 2020 10 28 17 55 02
-3.48480282E-01 2020 10 28 18 00 02
-4.17324616E-01 2020 10 28 18 05 02
-3.90189041E-01 2020 10 28 18 10 03
-4.08106922E-01 2020 10 28 18 15 02
-5.61012981E-01 2020 10 28 18 20 02
-4.95402825E-01 2020 10 28 18 25 02
-4.66748307E-01 2020 10 28 18 30 02
-3.99922296E-01 2020 10 28 18 35 02
-4.22288662E-01 2020 10 28 18 40 02
-4.13646625E-01 2020 10 28 18 45 02
-4.36311786E-01 2020 10 28 18 50 02
-4.82430366E-01 2020 10 28 18 55 02
-4.61473381E-01 2020 10 28 19 00 02
-5.58925784E-01 2020 10 28 19 05 02
-6.33591049E-01 2020 10 28 19 10 02
-5.35394821E-01 2020 10 28 19 15 02
-6.68970263E-01 2020 10 28 19 20 02
-6.03471473E-01 2020 10 28 19 25 02
-5.86873830E-01 2020 10 28 19 30 02
-6.10842715E-01 2020 10 28 19 35 02
-6.59800390E-01 2020 10 28 19 40 02
-5.97599266E-01 2020 10 28 19 45 02
-6.74804591E-01 2020 10 28 19 50 02
-6.36844349E-01 2020 10 28 19 55 02
-6.81769271E-01 2020 10 28 20 00 02
-7.89167862E-01 2020 10 28 20 05 02
-8.51790156E-01 2020 10 28 20 10 02
-8.18621897E-01 2020 10 28 20 15 02
-8.06929911E-01 2020 10 28 20 20 02
-8.15513551E-01 2020 10 28 20 25 02
-7.50747159E-01 2020 10 28 20 30 02
-7.54827564E-01 2020 10 28 20 35 02
-8.22443344E-01 2020 10 28 20 40 02
-9.14078642E-01 2020 10 28 20 45 02
-9.32819355E-01 2020 10 28 20 50 03
-1.02678602E+00 2020 10 28 20 55 02
-1.01606151E+00 2020 10 28 21 00 02
-1.03632725E+00 2020 10 28 21 05 02
-1.00847395E+00 2020 10 28 21 10 02
-1.05103956E+00 2020 10 28 21 15 03
-9.81037028E-01 2020 10 28 21 20 02
-9.26767579E-01 2020 10 28 21 25 02
-9.04973041E-01 2020 10 28 21 30 02
-8.62273502E-01 2020 10 28 21 35 02
-8.79058150E-01 2020 10 28 21 40 03
-7.65440710E-01 2020 10 28 21 45 02
-8.32375515E-01 2020 10 28 21 50 02
-9.47521936E-01 2020 10 28 21 55 02
-1.05900516E+00 2020 10 28 22 00 02
-9.12488022E-01 2020 10 28 22 05 03
-8.88817444E-01 2020 10 28 22 10 02
-9.29176378E-01 2020 10 28 22 15 02
-9.17458639E-01 2020 10 28 22 20 02
-1.16203989E+00 2020 10 28 22 25 02
-1.03409021E+00 2020 10 28 22 30 02
-8.87190924E-01 2020 10 28 22 35 02
-8.59032631E-01 2020 10 28 22 40 02
-8.11702701E-01 2020 10 28 22 45 02
-7.97831019E-01 2020 10 28 22 50 02
-7.56456644E-01 2020 10 28 22 55 02
-7.92323245E-01 2020 10 28 23 00 02
-8.30480454E-01 2020 10 28 23 05 02
-9.56375370E-01 2020 10 28 23 10 02
-9.64848701E-01 2020 10 28 23 15 02
-1.32320451E+00 2020 10 28 23 20 02
-1.16015794E+00 2020 10 28 23 25 02
-9.91331297E-01 2020 10 28 23 30 02
-1.03908696E+00 2020 10 28 23 35 02
-1.24381423E+00 2020 10 28 23 40 02
-1.11587736E+00 2020 10 28 23 45 02
-1.04369701E+00 2020 10 28 23 50 02
-9.92813397E-01 2020 10 28 23 55 02
