-8.98585230E-01 2020 11 05 00 00 03
-9.25870357E-01 2020 11 05 00 05 02
-8.77823998E-01 2020 11 05 00 10 02
-8.75086136E-01 2020 11 05 00 15 02
-9.10336163E-01 2020 11 05 00 20 02
-9.64733456E-01 2020 11 05 00 25 02
-9.38910823E-01 2020 11 05 00 30 02
-9.31131408E-01 2020 11 05 00 35 02
-9.33396539E-01 2020 11 05 00 40 02
-9.42474243E-01 2020 11 05 00 45 02
-9.78024719E-01 2020 11 05 00 50 02
-9.78054898E-01 2020 11 05 00 55 02
-9.72804661E-01 2020 11 05 01 00 02
-9.87695414E-01 2020 11 05 01 05 02
-1.01612716E+00 2020 11 05 01 10 02
-1.03334619E+00 2020 11 05 01 15 02
-1.02880353E+00 2020 11 05 01 20 02
-1.00241608E+00 2020 11 05 01 25 02
-9.99043512E-01 2020 11 05 01 30 02
-1.01812977E+00 2020 11 05 01 35 02
-1.04639816E+00 2020 11 05 01 40 02
-1.05676325E+00 2020 11 05 01 45 02
-1.00557041E+00 2020 11 05 01 50 02
-9.89743136E-01 2020 11 05 01 55 02
-9.27634310E-01 2020 11 05 02 00 02
-9.21584976E-01 2020 11 05 02 05 02
-9.57949057E-01 2020 11 05 02 10 02
-9.82760415E-01 2020 11 05 02 15 02
-9.81716568E-01 2020 11 05 02 20 02
-1.01063255E+00 2020 11 05 02 25 02
-9.91690549E-01 2020 11 05 02 30 02
-9.64825915E-01 2020 11 05 02 35 02
-9.97250571E-01 2020 11 05 02 40 02
-9.78342489E-01 2020 11 05 02 45 02
-9.97753865E-01 2020 11 05 02 50 02
-9.58288882E-01 2020 11 05 02 55 02
-9.49381405E-01 2020 11 05 03 00 02
-9.41006174E-01 2020 11 05 03 05 02
-9.32169160E-01 2020 11 05 03 10 02
-9.24065877E-01 2020 11 05 03 15 02
-9.11530493E-01 2020 11 05 03 20 02
-8.85078696E-01 2020 11 05 03 25 02
-8.52696803E-01 2020 11 05 03 30 02
-8.19778131E-01 2020 11 05 03 35 02
-8.05881311E-01 2020 11 05 03 40 02
-7.80846414E-01 2020 11 05 03 45 02
-7.49079253E-01 2020 11 05 03 50 02
-7.36132224E-01 2020 11 05 03 55 02
-7.37575007E-01 2020 11 05 04 00 02
-7.09510011E-01 2020 11 05 04 05 02
-6.82240581E-01 2020 11 05 04 10 02
-6.74160698E-01 2020 11 05 04 15 02
-6.77638339E-01 2020 11 05 04 20 03
-6.40104347E-01 2020 11 05 04 25 02
-5.98484307E-01 2020 11 05 04 30 02
-5.92124805E-01 2020 11 05 04 35 02
-5.66158508E-01 2020 11 05 04 40 02
-5.47463363E-01 2020 11 05 04 45 03
-5.04508632E-01 2020 11 05 04 50 02
-4.82177124E-01 2020 11 05 04 55 02
-4.70698522E-01 2020 11 05 05 00 02
-4.52205186E-01 2020 11 05 05 05 02
-4.10919723E-01 2020 11 05 05 10 03
-3.57593021E-01 2020 11 05 05 15 02
-3.61149035E-01 2020 11 05 05 20 02
-3.24848590E-01 2020 11 05 05 25 02
-3.32397585E-01 2020 11 05 05 30 02
-3.96869975E-01 2020 11 05 05 35 03
-3.46390468E-01 2020 11 05 05 40 02
-2.90937634E-01 2020 11 05 05 45 02
-3.01127865E-01 2020 11 05 05 50 02
-2.32804580E-01 2020 11 05 05 55 02
-2.77312038E-01 2020 11 05 06 00 02
-3.05464910E-01 2020 11 05 06 05 02
-1.01306175E-01 2020 11 05 06 10 02
-1.22444139E-01 2020 11 05 06 15 02
-8.28900770E-02 2020 11 05 06 20 02
-4.36437540E-02 2020 11 05 06 25 03
-5.99411587E-02 2020 11 05 06 30 02
-1.79545236E-02 2020 11 05 06 35 02
-7.13618457E-02 2020 11 05 06 40 02
+4.09364283E-02 2020 11 05 06 45 02
+6.87362171E-03 2020 11 05 06 50 02
+1.33930573E-02 2020 11 05 06 55 02
+6.93059511E-02 2020 11 05 07 00 02
-9.88076523E-03 2020 11 05 07 05 02
+4.86279634E-02 2020 11 05 07 10 02
+7.01244953E-03 2020 11 05 07 15 02
+7.05489334E-02 2020 11 05 07 20 02
+6.86870653E-02 2020 11 05 07 25 02
+1.30214414E-01 2020 11 05 07 30 02
-2.73316892E-02 2020 11 05 07 35 02
-2.55971108E-02 2020 11 05 07 40 02
-1.01839821E-01 2020 11 05 07 45 02
-3.04417527E-02 2020 11 05 07 50 02
-2.69744633E-02 2020 11 05 07 55 02
-4.96367091E-02 2020 11 05 08 00 02
-7.41749725E-02 2020 11 05 08 05 02
+2.15164853E-02 2020 11 05 08 10 02
+6.42983194E-03 2020 11 05 08 15 02
-1.34642293E-01 2020 11 05 08 20 02
-1.36519557E-01 2020 11 05 08 25 02
-1.25208245E-01 2020 11 05 08 30 02
-1.18588573E-01 2020 11 05 08 35 02
-1.22571053E-01 2020 11 05 08 40 02
-2.16803516E-01 2020 11 05 08 45 02
-2.11838886E-01 2020 11 05 08 50 02
-2.32395571E-01 2020 11 05 08 55 02
-1.92969840E-01 2020 11 05 09 00 02
-1.69043094E-01 2020 11 05 09 05 02
-2.67648914E-01 2020 11 05 09 10 02
-3.36936108E-01 2020 11 05 09 15 02
-2.36158559E-01 2020 11 05 09 20 02
-2.88739092E-01 2020 11 05 09 25 02
-2.28681880E-01 2020 11 05 09 30 03
-2.94252435E-01 2020 11 05 09 35 02
-3.27306352E-01 2020 11 05 09 40 02
-3.50189190E-01 2020 11 05 09 45 02
-2.91919221E-01 2020 11 05 09 50 02
-3.24711530E-01 2020 11 05 09 55 03
-3.59432132E-01 2020 11 05 10 00 02
-2.55054184E-01 2020 11 05 10 05 02
-3.88478781E-01 2020 11 05 10 10 02
-3.54372196E-01 2020 11 05 10 15 02
-3.19160185E-01 2020 11 05 10 20 03
-3.56566983E-01 2020 11 05 10 25 02
-4.28728948E-01 2020 11 05 10 30 02
-3.61147898E-01 2020 11 05 10 35 02
-4.07537959E-01 2020 11 05 10 40 02
-4.28779379E-01 2020 11 05 10 45 03
-4.41217094E-01 2020 11 05 10 50 02
-4.00286957E-01 2020 11 05 10 55 02
-3.64207122E-01 2020 11 05 11 00 02
-4.07827566E-01 2020 11 05 11 05 02
-3.71449813E-01 2020 11 05 11 10 03
-4.11869094E-01 2020 11 05 11 15 02
-3.95884029E-01 2020 11 05 11 20 02
-2.63477298E-01 2020 11 05 11 25 02
-2.35026191E-01 2020 11 05 11 30 02
-2.07051891E-01 2020 11 05 11 35 02
-1.14980249E-01 2020 11 05 11 40 02
-1.37468203E-01 2020 11 05 11 45 02
-1.60571791E-01 2020 11 05 11 50 02
-1.28707882E-01 2020 11 05 11 55 02
+1.61861581E-02 2020 11 05 12 00 03
-1.48757433E-02 2020 11 05 12 05 02
+2.70997528E-02 2020 11 05 12 10 02
+5.19389717E-02 2020 11 05 12 15 02
+3.49173153E-02 2020 11 05 12 20 02
-1.10097312E-02 2020 11 05 12 25 02
-2.67568697E-02 2020 11 05 12 30 02
-1.72686283E-02 2020 11 05 12 35 02
-3.55499657E-02 2020 11 05 12 40 02
-6.14497031E-02 2020 11 05 12 45 02
-4.97625974E-02 2020 11 05 12 50 02
-1.50270213E-01 2020 11 05 12 55 02
-1.39660838E-01 2020 11 05 13 00 02
-2.79062751E-01 2020 11 05 13 05 02
-1.36549160E-01 2020 11 05 13 10 02
-2.76617010E-01 2020 11 05 13 15 02
-2.54747396E-01 2020 11 05 13 20 02
-2.88717156E-01 2020 11 05 13 25 02
-3.20536342E-01 2020 11 05 13 30 02
-3.68296542E-01 2020 11 05 13 35 02
-4.41598652E-01 2020 11 05 13 40 02
-4.17047412E-01 2020 11 05 13 45 02
-5.02474513E-01 2020 11 05 13 50 02
-4.78182064E-01 2020 11 05 13 55 02
-4.74613036E-01 2020 11 05 14 00 02
-4.39534837E-01 2020 11 05 14 05 02
-5.80768480E-01 2020 11 05 14 10 02
-5.97648493E-01 2020 11 05 14 15 02
-5.29115080E-01 2020 11 05 14 20 02
-6.78071967E-01 2020 11 05 14 25 02
-5.67010113E-01 2020 11 05 14 30 02
-4.97581910E-01 2020 11 05 14 35 02
-5.59613374E-01 2020 11 05 14 40 03
-6.17944287E-01 2020 11 05 14 45 02
-6.37884453E-01 2020 11 05 14 50 02
-6.37512745E-01 2020 11 05 14 55 02
-6.45043748E-01 2020 11 05 15 00 02
-5.19004515E-01 2020 11 05 15 05 03
-6.19034344E-01 2020 11 05 15 10 02
-6.70937214E-01 2020 11 05 15 15 02
-7.74289845E-01 2020 11 05 15 20 02
-7.39699759E-01 2020 11 05 15 25 02
-6.98980494E-01 2020 11 05 15 30 03
-7.10402596E-01 2020 11 05 15 35 02
-7.04192770E-01 2020 11 05 15 40 02
-7.54335565E-01 2020 11 05 15 45 02
-7.92626340E-01 2020 11 05 15 50 02
-8.13075568E-01 2020 11 05 15 55 03
-8.60228322E-01 2020 11 05 16 00 02
-7.22989251E-01 2020 11 05 16 05 02
-8.06128912E-01 2020 11 05 16 10 02
-8.25296741E-01 2020 11 05 16 15 02
-8.03222894E-01 2020 11 05 16 20 02
-8.39964762E-01 2020 11 05 16 25 02
-8.10948381E-01 2020 11 05 16 30 02
-7.97561658E-01 2020 11 05 16 35 02
-7.90679727E-01 2020 11 05 16 40 02
-8.83799592E-01 2020 11 05 16 45 02
-8.01668374E-01 2020 11 05 16 50 02
-7.73715026E-01 2020 11 05 16 55 02
-8.19027592E-01 2020 11 05 17 00 02
-8.32195394E-01 2020 11 05 17 05 02
-7.59715565E-01 2020 11 05 17 10 02
-7.63601412E-01 2020 11 05 17 15 02
-7.17921157E-01 2020 11 05 17 20 02
-6.98141877E-01 2020 11 05 17 25 02
-7.13159116E-01 2020 11 05 17 30 02
-6.65485529E-01 2020 11 05 17 35 02
-7.03425033E-01 2020 11 05 17 40 02
-6.77928968E-01 2020 11 05 17 45 02
-6.60648925E-01 2020 11 05 17 50 02
-6.00070609E-01 2020 11 05 17 55 02
-6.54274320E-01 2020 11 05 18 00 02
-6.52927142E-01 2020 11 05 18 05 02
-6.11821879E-01 2020 11 05 18 10 02
-6.43757130E-01 2020 11 05 18 15 02
-5.76554228E-01 2020 11 05 18 20 02
-5.46360676E-01 2020 11 05 18 25 02
-6.09379774E-01 2020 11 05 18 30 02
-5.40499812E-01 2020 11 05 18 35 02
-6.40793534E-01 2020 11 05 18 40 02
-5.91296560E-01 2020 11 05 18 45 02
-4.84867759E-01 2020 11 05 18 50 02
-5.37293749E-01 2020 11 05 18 55 02
-4.63618361E-01 2020 11 05 19 00 03
-4.78288409E-01 2020 11 05 19 05 02
-5.50426059E-01 2020 11 05 19 10 02
-4.32850811E-01 2020 11 05 19 15 02
-4.18334501E-01 2020 11 05 19 20 02
-3.94369648E-01 2020 11 05 19 25 03
-4.09686063E-01 2020 11 05 19 30 02
-3.55923868E-01 2020 11 05 19 35 02
-4.26270086E-01 2020 11 05 19 40 02
-4.21913883E-01 2020 11 05 19 45 02
-4.53159432E-01 2020 11 05 19 50 03
-4.09067930E-01 2020 11 05 19 55 02
-4.61206604E-01 2020 11 05 20 00 02
-3.96210468E-01 2020 11 05 20 05 02
-3.74113915E-01 2020 11 05 20 10 02
-3.14927082E-01 2020 11 05 20 15 02
-4.15443099E-01 2020 11 05 20 20 02
-3.82412123E-01 2020 11 05 20 25 02
-3.82568909E-01 2020 11 05 20 30 02
-3.07509525E-01 2020 11 05 20 35 02
-3.86656276E-01 2020 11 05 20 40 02
-3.91472189E-01 2020 11 05 20 45 02
-3.96075155E-01 2020 11 05 20 50 02
-3.72613573E-01 2020 11 05 20 55 02
-4.00407783E-01 2020 11 05 21 00 02
-4.06943856E-01 2020 11 05 21 05 02
-4.39370981E-01 2020 11 05 21 10 02
-3.90154660E-01 2020 11 05 21 15 02
-4.60035203E-01 2020 11 05 21 20 02
-3.59388685E-01 2020 11 05 21 25 02
-3.98244703E-01 2020 11 05 21 30 02
-4.04033570E-01 2020 11 05 21 35 02
-4.52149216E-01 2020 11 05 21 40 03
-4.16581469E-01 2020 11 05 21 45 02
-4.63156763E-01 2020 11 05 21 50 02
-9.72780726E-02 2020 11 05 21 55 02
-3.49818456E-01 2020 11 05 22 00 02
-3.92973053E-01 2020 11 05 22 05 03
-4.64781234E-01 2020 11 05 22 10 02
-4.62095905E-01 2020 11 05 22 15 02
-5.71971031E-01 2020 11 05 22 20 02
-6.62584919E-01 2020 11 05 22 25 02
-5.50054348E-01 2020 11 05 22 30 03
-5.73558327E-01 2020 11 05 22 35 02
-5.55569613E-01 2020 11 05 22 40 02
-6.02500931E-01 2020 11 05 22 45 02
-6.80037707E-01 2020 11 05 22 50 02
-7.14119551E-01 2020 11 05 22 55 02
-6.28798579E-01 2020 11 05 23 00 02
-7.12420975E-01 2020 11 05 23 05 02
-7.00615882E-01 2020 11 05 23 10 02
-6.56885263E-01 2020 11 05 23 15 02
-8.41567790E-01 2020 11 05 23 20 02
-7.94555047E-01 2020 11 05 23 25 02
-7.46092948E-01 2020 11 05 23 30 02
-7.75671506E-01 2020 11 05 23 35 02
-7.05500737E-01 2020 11 05 23 40 02
-6.89199446E-01 2020 11 05 23 45 02
-9.04009503E-01 2020 11 05 23 50 02
-8.21427096E-01 2020 11 05 23 55 02
