-8.29708070E-01 2020 11 19 00 00 02
-9.04160866E-01 2020 11 19 00 05 02
-9.13065415E-01 2020 11 19 00 10 02
-9.12565295E-01 2020 11 19 00 15 02
-9.32216732E-01 2020 11 19 00 20 02
-9.67994367E-01 2020 11 19 00 25 02
-1.02329012E+00 2020 11 19 00 30 02
-1.06580754E+00 2020 11 19 00 35 02
-1.04724941E+00 2020 11 19 00 40 02
-1.04709255E+00 2020 11 19 00 45 02
-1.02891400E+00 2020 11 19 00 50 02
-1.02773857E+00 2020 11 19 00 55 02
-1.06288483E+00 2020 11 19 01 00 02
-1.11224245E+00 2020 11 19 01 05 03
-1.16385618E+00 2020 11 19 01 10 02
-1.13478006E+00 2020 11 19 01 15 02
-1.09962376E+00 2020 11 19 01 20 02
-1.13405901E+00 2020 11 19 01 25 02
-1.13505053E+00 2020 11 19 01 30 03
-1.14968487E+00 2020 11 19 01 35 02
-1.16474970E+00 2020 11 19 01 40 02
-1.17197957E+00 2020 11 19 01 45 02
-1.17310325E+00 2020 11 19 01 50 02
-1.18584145E+00 2020 11 19 01 55 02
-1.18368899E+00 2020 11 19 02 00 02
-1.18783021E+00 2020 11 19 02 05 02
-1.18498096E+00 2020 11 19 02 10 02
-1.18478317E+00 2020 11 19 02 15 02
-1.19465215E+00 2020 11 19 02 20 03
-1.18733595E+00 2020 11 19 02 25 02
-1.19003209E+00 2020 11 19 02 30 02
-1.18260830E+00 2020 11 19 02 35 02
-1.17268079E+00 2020 11 19 02 40 02
-1.17119270E+00 2020 11 19 02 45 03
-1.18011044E+00 2020 11 19 02 50 02
-1.14611057E+00 2020 11 19 02 55 02
-1.13106240E+00 2020 11 19 03 00 02
-1.14097183E+00 2020 11 19 03 05 02
-1.10561926E+00 2020 11 19 03 10 03
-1.03977686E+00 2020 11 19 03 15 02
-1.01260268E+00 2020 11 19 03 20 02
-9.90538888E-01 2020 11 19 03 25 02
-1.00723185E+00 2020 11 19 03 30 02
-9.55393090E-01 2020 11 19 03 35 03
-9.78091400E-01 2020 11 19 03 40 02
-1.00224797E+00 2020 11 19 03 45 02
-9.63392890E-01 2020 11 19 03 50 02
-9.50645879E-01 2020 11 19 03 55 02
-9.42198197E-01 2020 11 19 04 00 02
-9.32957297E-01 2020 11 19 04 05 02
-8.95621792E-01 2020 11 19 04 10 02
-8.57151633E-01 2020 11 19 04 15 02
-8.15423659E-01 2020 11 19 04 20 02
-7.64032748E-01 2020 11 19 04 25 02
-7.37870544E-01 2020 11 19 04 30 02
-6.98518566E-01 2020 11 19 04 35 02
-7.24547017E-01 2020 11 19 04 40 02
-6.90980384E-01 2020 11 19 04 45 02
-6.88321254E-01 2020 11 19 04 50 02
-6.91973657E-01 2020 11 19 04 55 02
-6.73997284E-01 2020 11 19 05 00 02
-6.39319621E-01 2020 11 19 05 05 02
-5.98210386E-01 2020 11 19 05 10 02
-5.52663934E-01 2020 11 19 05 15 02
-5.20317558E-01 2020 11 19 05 20 02
-5.11264577E-01 2020 11 19 05 25 02
-4.66504886E-01 2020 11 19 05 30 02
-4.81964448E-01 2020 11 19 05 35 02
-3.81664806E-01 2020 11 19 05 40 03
-4.12070119E-01 2020 11 19 05 45 02
-3.47906815E-01 2020 11 19 05 50 02
-3.44479206E-01 2020 11 19 05 55 02
-3.31171169E-01 2020 11 19 06 00 02
-3.56714082E-01 2020 11 19 06 05 02
-2.71093919E-01 2020 11 19 06 10 02
-2.97421788E-01 2020 11 19 06 15 02
-2.13827965E-01 2020 11 19 06 20 02
-1.86458834E-01 2020 11 19 06 25 02
-1.42739692E-01 2020 11 19 06 30 03
-2.88775025E-02 2020 11 19 06 35 02
-1.03689854E-01 2020 11 19 06 40 02
+6.40053806E-02 2020 11 19 06 45 02
-3.90190252E-02 2020 11 19 06 50 02
+2.56117596E-02 2020 11 19 06 55 02
+2.08575483E-02 2020 11 19 07 00 02
+8.87154241E-03 2020 11 19 07 05 02
+3.99169456E-02 2020 11 19 07 10 02
+4.78449824E-02 2020 11 19 07 15 02
+8.37105483E-02 2020 11 19 07 20 03
+1.21808747E-01 2020 11 19 07 25 02
+8.05863583E-02 2020 11 19 07 30 02
+2.03450238E-01 2020 11 19 07 35 02
+1.27357556E-02 2020 11 19 07 40 02
+2.07273255E-03 2020 11 19 07 45 03
+1.85187160E-01 2020 11 19 07 50 02
+1.03383401E-01 2020 11 19 07 55 02
+1.22138557E-01 2020 11 19 08 00 02
+1.22912475E-01 2020 11 19 08 05 02
+1.36405704E-01 2020 11 19 08 10 02
+5.84841948E-03 2020 11 19 08 15 02
-2.67336887E-03 2020 11 19 08 20 02
-3.03028078E-02 2020 11 19 08 25 02
+3.95426920E-02 2020 11 19 08 30 02
-2.41958852E-02 2020 11 19 08 35 03
-1.34708440E-01 2020 11 19 08 40 02
+4.16998292E-02 2020 11 19 08 45 02
-4.37686572E-02 2020 11 19 08 50 02
-5.52883406E-02 2020 11 19 08 55 02
-3.32600740E-02 2020 11 19 09 00 03
-1.08276238E-02 2020 11 19 09 05 02
-1.44376823E-01 2020 11 19 09 10 02
-1.02097930E-01 2020 11 19 09 15 02
-2.90745201E-02 2020 11 19 09 20 02
-1.21999707E-01 2020 11 19 09 25 03
-1.04772843E-01 2020 11 19 09 30 02
-7.79561156E-02 2020 11 19 09 35 02
-9.75369543E-02 2020 11 19 09 40 02
-1.72447697E-01 2020 11 19 09 45 02
-1.96273306E-01 2020 11 19 09 50 03
-2.35929405E-01 2020 11 19 09 55 02
-3.52783237E-01 2020 11 19 10 00 02
-2.49234094E-01 2020 11 19 10 05 02
-2.72621838E-01 2020 11 19 10 10 02
-2.03479375E-01 2020 11 19 10 15 02
-2.73769513E-01 2020 11 19 10 20 02
-3.41701672E-01 2020 11 19 10 25 02
-3.07420680E-01 2020 11 19 10 30 02
-3.86383382E-01 2020 11 19 10 35 02
-3.78833558E-01 2020 11 19 10 40 02
-3.93593118E-01 2020 11 19 10 45 02
-4.12379203E-01 2020 11 19 10 50 02
-3.91454829E-01 2020 11 19 10 55 02
-3.94237813E-01 2020 11 19 11 00 02
-3.37743271E-01 2020 11 19 11 05 02
-4.37214847E-01 2020 11 19 11 10 02
-4.67516602E-01 2020 11 19 11 15 02
-3.72756942E-01 2020 11 19 11 20 02
-4.05083493E-01 2020 11 19 11 25 02
-4.37013432E-01 2020 11 19 11 30 02
-4.09901373E-01 2020 11 19 11 35 02
-3.98493677E-01 2020 11 19 11 40 02
-3.63775117E-01 2020 11 19 11 45 02
-3.76560116E-01 2020 11 19 11 50 02
-3.38759668E-01 2020 11 19 11 55 02
-3.64498374E-01 2020 11 19 12 00 02
-3.57261388E-01 2020 11 19 12 05 02
-3.66054494E-01 2020 11 19 12 10 02
-3.40707734E-01 2020 11 19 12 15 02
-4.08221328E-01 2020 11 19 12 20 02
-3.48475556E-01 2020 11 19 12 25 02
-3.52534524E-01 2020 11 19 12 30 02
-3.32991523E-01 2020 11 19 12 35 02
-3.50089937E-01 2020 11 19 12 40 02
-4.00822661E-01 2020 11 19 12 45 02
-3.77846749E-01 2020 11 19 12 50 02
-4.30794179E-01 2020 11 19 12 55 02
-4.08475130E-01 2020 11 19 13 00 02
-4.09259594E-01 2020 11 19 13 05 02
-3.89057888E-01 2020 11 19 13 10 02
-3.87566770E-01 2020 11 19 13 15 02
-4.83800483E-01 2020 11 19 13 20 02
-4.25598506E-01 2020 11 19 13 25 02
-3.93776859E-01 2020 11 19 13 30 02
-4.21374848E-01 2020 11 19 13 35 02
-4.74264804E-01 2020 11 19 13 40 02
-4.53687674E-01 2020 11 19 13 45 02
-5.54621078E-01 2020 11 19 13 50 02
-4.89345529E-01 2020 11 19 13 55 02
-6.01420699E-01 2020 11 19 14 00 02
-5.86021475E-01 2020 11 19 14 05 02
-6.44676274E-01 2020 11 19 14 10 02
-6.98505477E-01 2020 11 19 14 15 02
-6.10547338E-01 2020 11 19 14 20 02
-7.35650046E-01 2020 11 19 14 25 02
-6.97831793E-01 2020 11 19 14 30 02
-7.61808134E-01 2020 11 19 14 35 02
-7.00299601E-01 2020 11 19 14 40 02
-7.35883920E-01 2020 11 19 14 45 02
-8.33690064E-01 2020 11 19 14 50 02
-7.14416921E-01 2020 11 19 14 55 02
-7.83207383E-01 2020 11 19 15 00 03
-8.18725927E-01 2020 11 19 15 05 02
-7.96214750E-01 2020 11 19 15 10 02
-9.32667402E-01 2020 11 19 15 15 02
-8.70142338E-01 2020 11 19 15 20 02
-8.93323543E-01 2020 11 19 15 25 02
-8.45741705E-01 2020 11 19 15 30 02
-8.95466720E-01 2020 11 19 15 35 02
-9.16661720E-01 2020 11 19 15 40 02
-9.63041093E-01 2020 11 19 15 45 02
-1.01761505E+00 2020 11 19 15 50 02
-9.60987655E-01 2020 11 19 15 55 02
-9.61859422E-01 2020 11 19 16 00 02
-9.33505883E-01 2020 11 19 16 05 02
-1.00743418E+00 2020 11 19 16 10 02
-1.01507413E+00 2020 11 19 16 15 02
-1.01048734E+00 2020 11 19 16 20 02
-1.04939871E+00 2020 11 19 16 25 02
-1.04965962E+00 2020 11 19 16 30 02
-1.05430674E+00 2020 11 19 16 35 02
-1.01250566E+00 2020 11 19 16 40 02
-1.02945051E+00 2020 11 19 16 45 02
-1.11743636E+00 2020 11 19 16 50 02
-9.81630393E-01 2020 11 19 16 55 02
-1.01362407E+00 2020 11 19 17 00 02
-9.25003597E-01 2020 11 19 17 05 02
-1.06260326E+00 2020 11 19 17 10 02
-9.75948635E-01 2020 11 19 17 15 02
-9.73281248E-01 2020 11 19 17 20 02
-9.64903829E-01 2020 11 19 17 25 02
-9.15057719E-01 2020 11 19 17 30 03
-8.77706903E-01 2020 11 19 17 35 02
-9.48371901E-01 2020 11 19 17 40 02
-8.86280998E-01 2020 11 19 17 45 02
-8.61870122E-01 2020 11 19 17 50 02
-8.75409844E-01 2020 11 19 17 55 03
-8.32170746E-01 2020 11 19 18 00 02
-8.15115745E-01 2020 11 19 18 05 02
-7.21015122E-01 2020 11 19 18 10 02
-7.92939882E-01 2020 11 19 18 15 02
-7.84467851E-01 2020 11 19 18 20 03
-7.25272651E-01 2020 11 19 18 25 02
-7.42209951E-01 2020 11 19 18 30 02
-7.20501504E-01 2020 11 19 18 35 02
-7.70466635E-01 2020 11 19 18 40 02
-7.76227943E-01 2020 11 19 18 45 03
-7.88622883E-01 2020 11 19 18 50 02
-8.79089914E-01 2020 11 19 18 55 02
-8.91772263E-01 2020 11 19 19 00 02
-8.14282766E-01 2020 11 19 19 05 02
-8.66270747E-01 2020 11 19 19 10 03
-7.29163443E-01 2020 11 19 19 15 02
-6.34887889E-01 2020 11 19 19 20 02
-5.84487081E-01 2020 11 19 19 25 02
-6.35008774E-01 2020 11 19 19 30 02
-6.85949438E-01 2020 11 19 19 35 03
-6.42205154E-01 2020 11 19 19 40 02
-5.95882734E-01 2020 11 19 19 45 02
-6.39004442E-01 2020 11 19 19 50 02
-5.91197327E-01 2020 11 19 19 55 02
-6.14592605E-01 2020 11 19 20 00 02
-5.65405364E-01 2020 11 19 20 05 02
-5.44727800E-01 2020 11 19 20 10 02
-5.56498739E-01 2020 11 19 20 15 02
-5.18788664E-01 2020 11 19 20 20 02
-4.09707710E-01 2020 11 19 20 25 03
-4.74528542E-01 2020 11 19 20 30 02
-3.78775137E-01 2020 11 19 20 35 02
-4.68402608E-01 2020 11 19 20 40 02
-4.19540998E-01 2020 11 19 20 45 02
-4.76984474E-01 2020 11 19 20 50 03
-4.90074658E-01 2020 11 19 20 55 02
-4.57383137E-01 2020 11 19 21 00 02
-4.61961283E-01 2020 11 19 21 05 02
-3.92448683E-01 2020 11 19 21 10 02
-4.09794740E-01 2020 11 19 21 15 03
-4.75085278E-01 2020 11 19 21 20 02
-4.08194014E-01 2020 11 19 21 25 02
-4.33441059E-01 2020 11 19 21 30 02
-4.49787823E-01 2020 11 19 21 35 02
-4.64396329E-01 2020 11 19 21 40 02
-4.70100466E-01 2020 11 19 21 45 02
-4.75886176E-01 2020 11 19 21 50 02
-4.50459774E-01 2020 11 19 21 55 02
-4.62423652E-01 2020 11 19 22 00 02
-4.46118365E-01 2020 11 19 22 05 02
-4.45939215E-01 2020 11 19 22 10 02
-5.13941684E-01 2020 11 19 22 15 02
-5.49441564E-01 2020 11 19 22 20 02
-5.79714243E-01 2020 11 19 22 25 02
-5.20167536E-01 2020 11 19 22 30 02
-5.14262039E-01 2020 11 19 22 35 02
-5.26531930E-01 2020 11 19 22 40 02
-5.47820077E-01 2020 11 19 22 45 02
-5.68510954E-01 2020 11 19 22 50 02
-5.60535230E-01 2020 11 19 22 55 02
-6.18349597E-01 2020 11 19 23 00 02
-5.97557344E-01 2020 11 19 23 05 02
-6.14124388E-01 2020 11 19 23 10 02
-6.51457028E-01 2020 11 19 23 15 02
-5.92618244E-01 2020 11 19 23 20 02
-6.72942465E-01 2020 11 19 23 25 02
-6.70006047E-01 2020 11 19 23 30 03
-6.64372415E-01 2020 11 19 23 35 02
-7.36301412E-01 2020 11 19 23 40 02
-7.35967515E-01 2020 11 19 23 45 02
-7.36883245E-01 2020 11 19 23 50 02
-7.24233412E-01 2020 11 19 23 55 03
