-9.08210812E-01 2020 11 30 00 00 02
-8.06159974E-01 2020 11 30 00 05 02
-8.37638498E-01 2020 11 30 00 10 02
-8.80820280E-01 2020 11 30 00 15 02
-8.16551799E-01 2020 11 30 00 20 02
-7.90651778E-01 2020 11 30 00 25 02
-7.00050723E-01 2020 11 30 00 30 02
-8.42785502E-01 2020 11 30 00 35 02
-8.78709570E-01 2020 11 30 00 40 03
-9.14598979E-01 2020 11 30 00 45 02
-9.02883423E-01 2020 11 30 00 50 02
-8.58658227E-01 2020 11 30 00 55 02
-8.53916572E-01 2020 11 30 01 00 02
-7.40027064E-01 2020 11 30 01 05 03
-7.99223361E-01 2020 11 30 01 10 02
-8.50816606E-01 2020 11 30 01 15 02
-7.35374055E-01 2020 11 30 01 20 02
-6.74201511E-01 2020 11 30 01 25 02
-6.91236766E-01 2020 11 30 01 30 02
-6.95845914E-01 2020 11 30 01 35 02
-6.70554872E-01 2020 11 30 01 40 02
-6.24757996E-01 2020 11 30 01 45 02
-6.08414936E-01 2020 11 30 01 50 02
-6.00701315E-01 2020 11 30 01 55 02
-6.18831826E-01 2020 11 30 02 00 02
-6.08452128E-01 2020 11 30 02 05 02
-6.03360489E-01 2020 11 30 02 10 02
-5.37195003E-01 2020 11 30 02 15 02
-5.02883216E-01 2020 11 30 02 20 02
-4.70188875E-01 2020 11 30 02 25 02
-4.20683957E-01 2020 11 30 02 30 02
-4.36080462E-01 2020 11 30 02 35 02
-4.56093886E-01 2020 11 30 02 40 02
-4.00858531E-01 2020 11 30 02 45 02
-3.55017373E-01 2020 11 30 02 50 02
-3.22309642E-01 2020 11 30 02 55 02
-2.93988717E-01 2020 11 30 03 00 02
-2.93013257E-01 2020 11 30 03 05 02
-2.49272020E-01 2020 11 30 03 10 02
-1.91737424E-01 2020 11 30 03 15 02
-1.49691034E-01 2020 11 30 03 20 02
-1.68456386E-01 2020 11 30 03 25 02
-1.23071171E-01 2020 11 30 03 30 02
-1.19088178E-01 2020 11 30 03 35 02
-6.60260335E-02 2020 11 30 03 40 02
-2.92396827E-02 2020 11 30 03 45 02
-3.80990704E-02 2020 11 30 03 50 02
-3.75721359E-02 2020 11 30 03 55 02
+9.50452200E-03 2020 11 30 04 00 02
+3.36351750E-02 2020 11 30 04 05 02
+3.89612095E-02 2020 11 30 04 10 02
+6.55807655E-02 2020 11 30 04 15 02
+9.22468334E-02 2020 11 30 04 20 02
+1.05646976E-01 2020 11 30 04 25 02
+1.22772287E-01 2020 11 30 04 30 02
+1.45688000E-01 2020 11 30 04 35 02
+1.62885027E-01 2020 11 30 04 40 02
+1.66321615E-01 2020 11 30 04 45 02
+1.88551418E-01 2020 11 30 04 50 02
+2.10871208E-01 2020 11 30 04 55 02
+2.21834423E-01 2020 11 30 05 00 03
+2.16575973E-01 2020 11 30 05 05 02
+2.49828379E-01 2020 11 30 05 10 02
+2.50112007E-01 2020 11 30 05 15 02
+2.71287226E-01 2020 11 30 05 20 02
+2.68403252E-01 2020 11 30 05 25 03
+2.91580126E-01 2020 11 30 05 30 02
+2.86760263E-01 2020 11 30 05 35 02
+3.05156909E-01 2020 11 30 05 40 02
+2.83234229E-01 2020 11 30 05 45 02
+3.16865375E-01 2020 11 30 05 50 03
+2.24754236E-01 2020 11 30 05 55 02
+2.46902268E-01 2020 11 30 06 00 02
+2.89720861E-01 2020 11 30 06 05 02
+3.68329813E-01 2020 11 30 06 10 02
+2.97361325E-01 2020 11 30 06 15 03
+2.92055499E-01 2020 11 30 06 20 02
+3.22602005E-01 2020 11 30 06 25 02
+3.25521733E-01 2020 11 30 06 30 02
+3.09088199E-01 2020 11 30 06 35 02
+3.14622158E-01 2020 11 30 06 40 02
+2.90444397E-01 2020 11 30 06 45 02
+3.23154077E-01 2020 11 30 06 50 02
+3.17536033E-01 2020 11 30 06 55 02
+3.06675403E-01 2020 11 30 07 00 02
+3.01581046E-01 2020 11 30 07 05 02
+2.92887838E-01 2020 11 30 07 10 02
+2.83374283E-01 2020 11 30 07 15 02
+2.43091509E-01 2020 11 30 07 20 02
+2.70653996E-01 2020 11 30 07 25 02
+2.36975681E-01 2020 11 30 07 30 02
+1.92151116E-01 2020 11 30 07 35 02
+5.24893002E-02 2020 11 30 07 40 03
+1.14093294E-01 2020 11 30 07 45 02
+1.25102794E-01 2020 11 30 07 50 02
+1.11435501E-01 2020 11 30 07 55 02
+8.12582896E-02 2020 11 30 08 00 02
+1.06938916E-02 2020 11 30 08 05 03
-1.14114313E-02 2020 11 30 08 10 02
-8.28014661E-03 2020 11 30 08 15 02
-8.80911567E-02 2020 11 30 08 20 02
-1.22909818E-01 2020 11 30 08 25 02
-1.74346789E-01 2020 11 30 08 30 03
-1.65827003E-01 2020 11 30 08 35 02
-2.21850920E-01 2020 11 30 08 40 02
-2.38003501E-01 2020 11 30 08 45 02
-2.69953131E-01 2020 11 30 08 50 02
-2.95372220E-01 2020 11 30 08 55 02
-3.81636969E-01 2020 11 30 09 00 02
-3.70091176E-01 2020 11 30 09 05 02
-3.89146176E-01 2020 11 30 09 10 02
-4.23148792E-01 2020 11 30 09 15 02
-4.53838417E-01 2020 11 30 09 20 02
-5.60669592E-01 2020 11 30 09 25 02
-5.26932694E-01 2020 11 30 09 30 02
-5.36401547E-01 2020 11 30 09 35 02
-5.35178722E-01 2020 11 30 09 40 02
-5.69288179E-01 2020 11 30 09 45 02
-6.00173726E-01 2020 11 30 09 50 02
-6.22376369E-01 2020 11 30 09 55 02
-7.29633182E-01 2020 11 30 10 00 02
-6.98581050E-01 2020 11 30 10 05 02
-7.54321421E-01 2020 11 30 10 10 02
-6.39430355E-01 2020 11 30 10 15 02
-7.54605344E-01 2020 11 30 10 20 03
-8.75195207E-01 2020 11 30 10 25 02
-7.30324545E-01 2020 11 30 10 30 02
-7.61806294E-01 2020 11 30 10 35 02
-7.54297230E-01 2020 11 30 10 40 02
-7.65948987E-01 2020 11 30 10 45 03
-8.59781071E-01 2020 11 30 10 50 02
-8.61936380E-01 2020 11 30 10 55 02
-8.82666713E-01 2020 11 30 11 00 02
-7.82052201E-01 2020 11 30 11 05 02
-8.89586915E-01 2020 11 30 11 10 03
-8.88231677E-01 2020 11 30 11 15 02
-8.83120502E-01 2020 11 30 11 20 02
-7.21330600E-01 2020 11 30 11 25 02
-7.65768289E-01 2020 11 30 11 30 02
-8.36696856E-01 2020 11 30 11 35 03
-7.15142093E-01 2020 11 30 11 40 02
-5.15863698E-01 2020 11 30 11 45 02
-6.61168564E-01 2020 11 30 11 50 02
-6.67167313E-01 2020 11 30 11 55 02
-6.79835116E-01 2020 11 30 12 00 03
-6.61044686E-01 2020 11 30 12 05 02
-8.00217417E-01 2020 11 30 12 10 02
-7.18013992E-01 2020 11 30 12 15 02
-8.40575794E-01 2020 11 30 12 20 02
-7.23070229E-01 2020 11 30 12 25 02
-7.83128569E-01 2020 11 30 12 30 02
-6.32336532E-01 2020 11 30 12 35 02
-6.05093402E-01 2020 11 30 12 40 02
-5.77885544E-01 2020 11 30 12 45 02
-5.42111130E-01 2020 11 30 12 50 02
-5.46866636E-01 2020 11 30 12 55 02
-6.26609874E-01 2020 11 30 13 00 02
-7.26700102E-01 2020 11 30 13 05 02
-5.32346666E-01 2020 11 30 13 10 02
-6.41410108E-01 2020 11 30 13 15 02
-5.78440452E-01 2020 11 30 13 20 02
-7.07639643E-01 2020 11 30 13 25 02
-6.69877411E-01 2020 11 30 13 30 02
-6.76775540E-01 2020 11 30 13 35 02
-6.99719687E-01 2020 11 30 13 40 02
-5.56144592E-01 2020 11 30 13 45 02
-5.41793988E-01 2020 11 30 13 50 02
-5.06457410E-01 2020 11 30 13 55 02
-5.86270496E-01 2020 11 30 14 00 02
-3.72743272E-01 2020 11 30 14 05 03
-4.84763799E-01 2020 11 30 14 10 02
-4.26624904E-01 2020 11 30 14 15 02
-4.90137801E-01 2020 11 30 14 20 02
-4.68852210E-01 2020 11 30 14 25 02
-5.72653122E-01 2020 11 30 14 30 02
-5.10071921E-01 2020 11 30 14 35 02
-5.42281284E-01 2020 11 30 14 40 02
-3.06874426E-01 2020 11 30 14 45 02
-3.30348213E-01 2020 11 30 14 50 02
-2.39458128E-01 2020 11 30 14 55 02
-4.35903914E-01 2020 11 30 15 00 02
-4.19081278E-01 2020 11 30 15 05 02
-4.36230262E-01 2020 11 30 15 10 02
-4.89996453E-01 2020 11 30 15 15 02
-5.19821023E-01 2020 11 30 15 20 02
-5.36689744E-01 2020 11 30 15 25 02
-4.85153114E-01 2020 11 30 15 30 02
-4.87773866E-01 2020 11 30 15 35 02
-4.21193214E-01 2020 11 30 15 40 02
-3.96007257E-01 2020 11 30 15 45 02
-4.55086654E-01 2020 11 30 15 50 02
-3.67262126E-01 2020 11 30 15 55 02
-3.86216775E-01 2020 11 30 16 00 02
-2.17756818E-01 2020 11 30 16 05 02
-4.16565692E-01 2020 11 30 16 10 02
-2.78395318E-01 2020 11 30 16 15 02
-9.60048753E-02 2020 11 30 16 20 03
-3.42598508E-01 2020 11 30 16 25 02
-4.30174432E-01 2020 11 30 16 30 02
-3.73109220E-01 2020 11 30 16 35 02
-4.42317370E-01 2020 11 30 16 40 02
-4.52638315E-01 2020 11 30 16 45 03
-4.92427247E-01 2020 11 30 16 50 02
-3.45068342E-01 2020 11 30 16 55 02
-3.57454256E-01 2020 11 30 17 00 02
-3.49234800E-01 2020 11 30 17 05 02
-2.46897739E-01 2020 11 30 17 10 03
-7.71979735E-01 2020 11 30 17 15 02
-1.92722641E-01 2020 11 30 17 20 02
-2.86250415E-01 2020 11 30 17 25 02
-1.37083085E-01 2020 11 30 17 30 02
-2.76870542E-01 2020 11 30 17 35 03
-2.73806776E-01 2020 11 30 17 40 02
-1.17337654E-01 2020 11 30 17 45 02
-3.96467671E-01 2020 11 30 17 50 02
-2.02462546E-01 2020 11 30 17 55 02
-3.59444154E-01 2020 11 30 18 00 02
-4.33462854E-02 2020 11 30 18 05 02
-1.69280419E-01 2020 11 30 18 10 02
+1.47812546E-02 2020 11 30 18 15 02
-3.23143943E-01 2020 11 30 18 20 02
+1.95566251E-01 2020 11 30 18 25 02
-4.78035065E-02 2020 11 30 18 30 02
-8.16165902E-02 2020 11 30 18 35 02
-6.86637832E-03 2020 11 30 18 40 02
-1.17999890E-01 2020 11 30 18 45 02
-3.38263585E-01 2020 11 30 18 50 02
-2.71529742E-01 2020 11 30 18 55 02
-3.04149660E-01 2020 11 30 19 00 02
-2.32147165E-01 2020 11 30 19 05 02
-2.16619115E-01 2020 11 30 19 10 02
-1.73902425E-01 2020 11 30 19 15 02
-1.99781505E-01 2020 11 30 19 20 02
-1.50395405E-01 2020 11 30 19 25 02
-1.42505015E-01 2020 11 30 19 30 02
-1.17382128E-01 2020 11 30 19 35 02
-1.08629128E-01 2020 11 30 19 40 02
-2.67970563E-01 2020 11 30 19 45 02
-2.93972531E-01 2020 11 30 19 50 02
-2.01179896E-01 2020 11 30 19 55 02
-2.78507695E-01 2020 11 30 20 00 02
-2.65091603E-01 2020 11 30 20 05 02
-4.09652998E-01 2020 11 30 20 10 02
-3.72214901E-01 2020 11 30 20 15 02
-4.59328277E-01 2020 11 30 20 20 02
-3.70931563E-01 2020 11 30 20 25 02
-4.19023999E-01 2020 11 30 20 30 02
-4.92099753E-01 2020 11 30 20 35 02
-5.50517713E-01 2020 11 30 20 40 03
-4.88349544E-01 2020 11 30 20 45 02
-5.20631527E-01 2020 11 30 20 50 02
-4.96426929E-01 2020 11 30 20 55 02
-5.10084091E-01 2020 11 30 21 00 02
-5.92285002E-01 2020 11 30 21 05 03
-6.07754127E-01 2020 11 30 21 10 02
-5.62428695E-01 2020 11 30 21 15 02
-6.58139885E-01 2020 11 30 21 20 02
-7.25213675E-01 2020 11 30 21 25 02
-7.38930379E-01 2020 11 30 21 30 03
-8.05625959E-01 2020 11 30 21 35 02
-8.82424171E-01 2020 11 30 21 40 02
-8.73713058E-01 2020 11 30 21 45 02
-7.80670496E-01 2020 11 30 21 50 02
-7.67033809E-01 2020 11 30 21 55 03
-8.09891840E-01 2020 11 30 22 00 02
-8.19730653E-01 2020 11 30 22 05 02
-7.78317413E-01 2020 11 30 22 10 02
-8.92687312E-01 2020 11 30 22 15 02
-8.91099522E-01 2020 11 30 22 20 03
-9.05031497E-01 2020 11 30 22 25 02
-9.31585780E-01 2020 11 30 22 30 02
-9.43409340E-01 2020 11 30 22 35 02
-7.93658180E-01 2020 11 30 22 40 02
-9.00834969E-01 2020 11 30 22 45 03
-9.49637230E-01 2020 11 30 22 50 02
-9.72571373E-01 2020 11 30 22 55 02
-1.04066359E+00 2020 11 30 23 00 02
-1.01216473E+00 2020 11 30 23 05 02
-1.01167419E+00 2020 11 30 23 10 03
-1.01422541E+00 2020 11 30 23 15 02
-1.03436016E+00 2020 11 30 23 20 02
-8.83449587E-01 2020 11 30 23 25 02
-9.42245078E-01 2020 11 30 23 30 02
-9.80952955E-01 2020 11 30 23 35 02
-9.68823734E-01 2020 11 30 23 40 02
-9.52517633E-01 2020 11 30 23 45 02
-9.68721535E-01 2020 11 30 23 50 02
-9.23245454E-01 2020 11 30 23 55 02
