-1.10034854E+00 2020 11 15 00 00 02
-1.08313454E+00 2020 11 15 00 05 02
-1.02068843E+00 2020 11 15 00 10 02
-1.08079499E+00 2020 11 15 00 15 02
-1.00709353E+00 2020 11 15 00 20 02
-1.05206546E+00 2020 11 15 00 25 02
-1.07243663E+00 2020 11 15 00 30 02
-1.01088984E+00 2020 11 15 00 35 02
-1.01756784E+00 2020 11 15 00 40 02
-9.87089080E-01 2020 11 15 00 45 02
-9.50163751E-01 2020 11 15 00 50 02
-9.57080660E-01 2020 11 15 00 55 02
-9.62639238E-01 2020 11 15 01 00 02
-9.65532852E-01 2020 11 15 01 05 02
-9.32262295E-01 2020 11 15 01 10 02
-8.93469663E-01 2020 11 15 01 15 02
-8.63872508E-01 2020 11 15 01 20 02
-8.61692364E-01 2020 11 15 01 25 02
-8.16211077E-01 2020 11 15 01 30 02
-7.95477918E-01 2020 11 15 01 35 02
-7.63071871E-01 2020 11 15 01 40 03
-7.40735639E-01 2020 11 15 01 45 02
-7.35249187E-01 2020 11 15 01 50 02
-7.12775094E-01 2020 11 15 01 55 02
-7.02958789E-01 2020 11 15 02 00 02
-6.83618756E-01 2020 11 15 02 05 03
-6.57978082E-01 2020 11 15 02 10 02
-6.04145095E-01 2020 11 15 02 15 02
-5.77136069E-01 2020 11 15 02 20 02
-5.59560761E-01 2020 11 15 02 25 02
-5.31835627E-01 2020 11 15 02 30 02
-5.05250389E-01 2020 11 15 02 35 02
-4.59013995E-01 2020 11 15 02 40 02
-4.40777261E-01 2020 11 15 02 45 02
-4.29754053E-01 2020 11 15 02 50 02
-3.87955501E-01 2020 11 15 02 55 03
-3.49375514E-01 2020 11 15 03 00 02
-3.17374202E-01 2020 11 15 03 05 02
-2.78690889E-01 2020 11 15 03 10 02
-2.05244178E-01 2020 11 15 03 15 02
-1.55620891E-01 2020 11 15 03 20 02
-1.50375938E-01 2020 11 15 03 25 02
-1.18282952E-01 2020 11 15 03 30 02
-1.69391622E-01 2020 11 15 03 35 02
+3.75225300E-02 2020 11 15 03 40 02
+1.08687201E-01 2020 11 15 03 45 02
+7.62469060E-02 2020 11 15 03 50 02
+9.68689484E-02 2020 11 15 03 55 02
+9.99405374E-02 2020 11 15 04 00 02
+8.44137254E-02 2020 11 15 04 05 02
+2.50605374E-02 2020 11 15 04 10 02
+7.99747881E-04 2020 11 15 04 15 02
-7.25560201E-03 2020 11 15 04 20 03
-2.89661940E-03 2020 11 15 04 25 02
+3.57942622E-02 2020 11 15 04 30 02
+2.07345510E-01 2020 11 15 04 35 02
+3.65319904E-01 2020 11 15 04 40 02
+4.15364026E-01 2020 11 15 04 45 02
+3.46665929E-01 2020 11 15 04 50 02
+3.13490767E-01 2020 11 15 04 55 02
+2.38723292E-01 2020 11 15 05 00 02
+2.53667055E-01 2020 11 15 05 05 02
+2.45234228E-01 2020 11 15 05 10 02
+2.22573709E-01 2020 11 15 05 15 02
+2.54157964E-01 2020 11 15 05 20 02
+2.45212118E-01 2020 11 15 05 25 02
+2.58094612E-01 2020 11 15 05 30 02
+2.39308764E-01 2020 11 15 05 35 02
+2.33138011E-01 2020 11 15 05 40 02
+2.92682901E-01 2020 11 15 05 45 02
+3.20696849E-01 2020 11 15 05 50 02
+2.78006462E-01 2020 11 15 05 55 02
+3.47482366E-01 2020 11 15 06 00 02
+4.07103431E-01 2020 11 15 06 05 02
+4.01114192E-01 2020 11 15 06 10 02
+4.10195547E-01 2020 11 15 06 15 02
+3.68291041E-01 2020 11 15 06 20 02
+4.57320977E-01 2020 11 15 06 25 02
+4.17618566E-01 2020 11 15 06 30 02
+5.25692034E-01 2020 11 15 06 35 02
+4.27316364E-01 2020 11 15 06 40 02
+3.56594506E-01 2020 11 15 06 45 02
+3.67641879E-01 2020 11 15 06 50 03
+4.60090817E-01 2020 11 15 06 55 02
+3.82756944E-01 2020 11 15 07 00 02
+3.55635300E-01 2020 11 15 07 05 02
+4.06597585E-01 2020 11 15 07 10 02
+3.14004895E-01 2020 11 15 07 15 03
+2.97308862E-01 2020 11 15 07 20 02
+2.35769177E-01 2020 11 15 07 25 02
+1.35585766E-01 2020 11 15 07 30 02
+1.68864477E-01 2020 11 15 07 35 02
+4.38901522E-02 2020 11 15 07 40 02
-2.49701649E-02 2020 11 15 07 45 02
+1.10642171E-01 2020 11 15 07 50 02
-2.96113862E-03 2020 11 15 07 55 02
-7.92711124E-02 2020 11 15 08 00 02
-1.47780835E-01 2020 11 15 08 05 02
-8.89028728E-02 2020 11 15 08 10 02
-2.11782907E-01 2020 11 15 08 15 02
-1.99899525E-01 2020 11 15 08 20 02
-2.61744802E-01 2020 11 15 08 25 02
-3.10582676E-01 2020 11 15 08 30 02
-3.91318559E-01 2020 11 15 08 35 02
-3.92284585E-01 2020 11 15 08 40 02
-5.22549735E-01 2020 11 15 08 45 02
-5.10113602E-01 2020 11 15 08 50 02
-5.19523128E-01 2020 11 15 08 55 02
-6.07110472E-01 2020 11 15 09 00 02
-6.05646314E-01 2020 11 15 09 05 02
-6.52317203E-01 2020 11 15 09 10 02
-7.02437395E-01 2020 11 15 09 15 02
-7.41376432E-01 2020 11 15 09 20 02
-7.99985228E-01 2020 11 15 09 25 02
-8.88047600E-01 2020 11 15 09 30 03
-9.35620405E-01 2020 11 15 09 35 02
-9.96590607E-01 2020 11 15 09 40 02
-1.04053326E+00 2020 11 15 09 45 02
-1.12251334E+00 2020 11 15 09 50 02
-1.05333584E+00 2020 11 15 09 55 03
-1.09900570E+00 2020 11 15 10 00 02
-1.08865516E+00 2020 11 15 10 05 02
-1.22443022E+00 2020 11 15 10 10 02
-1.22487944E+00 2020 11 15 10 15 02
-1.15430370E+00 2020 11 15 10 20 03
-1.27468718E+00 2020 11 15 10 25 02
-1.27741341E+00 2020 11 15 10 30 02
-1.35768801E+00 2020 11 15 10 35 02
-1.25084961E+00 2020 11 15 10 40 02
-1.27708498E+00 2020 11 15 10 45 03
-1.26978456E+00 2020 11 15 10 50 02
-1.21582676E+00 2020 11 15 10 55 02
-1.23605657E+00 2020 11 15 11 00 02
-1.19545659E+00 2020 11 15 11 05 02
-1.19276155E+00 2020 11 15 11 10 03
-1.21275816E+00 2020 11 15 11 15 02
-1.19383328E+00 2020 11 15 11 20 02
-1.24914569E+00 2020 11 15 11 25 02
-1.21853660E+00 2020 11 15 11 30 02
-1.28473237E+00 2020 11 15 11 35 03
-1.23921937E+00 2020 11 15 11 40 02
-1.15762437E+00 2020 11 15 11 45 02
-1.10580782E+00 2020 11 15 11 50 02
-1.07637539E+00 2020 11 15 11 55 02
-1.16118678E+00 2020 11 15 12 00 03
-1.15046903E+00 2020 11 15 12 05 02
-1.18366860E+00 2020 11 15 12 10 02
-1.06101453E+00 2020 11 15 12 15 02
-1.12377901E+00 2020 11 15 12 20 02
-1.06802544E+00 2020 11 15 12 25 03
-1.01847453E+00 2020 11 15 12 30 02
-1.06072317E+00 2020 11 15 12 35 02
-1.07653872E+00 2020 11 15 12 40 02
-1.15169428E+00 2020 11 15 12 45 02
-1.02459882E+00 2020 11 15 12 50 03
-1.05796139E+00 2020 11 15 12 55 02
-1.05697504E+00 2020 11 15 13 00 02
-9.81587172E-01 2020 11 15 13 05 02
-9.28924452E-01 2020 11 15 13 10 02
-7.69026617E-01 2020 11 15 13 15 03
-9.27384851E-01 2020 11 15 13 20 02
-8.34448499E-01 2020 11 15 13 25 02
-8.00047028E-01 2020 11 15 13 30 02
-7.61142132E-01 2020 11 15 13 35 02
-7.39268965E-01 2020 11 15 13 40 03
-7.36783418E-01 2020 11 15 13 45 02
-7.44111858E-01 2020 11 15 13 50 02
-7.61182596E-01 2020 11 15 13 55 02
-7.92316539E-01 2020 11 15 14 00 02
-7.33276065E-01 2020 11 15 14 05 03
-7.01523068E-01 2020 11 15 14 10 02
-7.42838550E-01 2020 11 15 14 15 02
-6.48304496E-01 2020 11 15 14 20 02
-7.10455985E-01 2020 11 15 14 25 02
-7.27099868E-01 2020 11 15 14 30 03
-6.76545403E-01 2020 11 15 14 35 02
-6.66285929E-01 2020 11 15 14 40 02
-6.57090889E-01 2020 11 15 14 45 02
-6.26447094E-01 2020 11 15 14 50 02
-5.87285537E-01 2020 11 15 14 55 03
-6.28647041E-01 2020 11 15 15 00 02
-7.29547479E-01 2020 11 15 15 05 02
-5.33103791E-01 2020 11 15 15 10 02
-6.48807207E-01 2020 11 15 15 15 02
-4.66869227E-01 2020 11 15 15 20 02
-4.73281038E-01 2020 11 15 15 25 02
-4.90329191E-01 2020 11 15 15 30 02
-4.64891470E-01 2020 11 15 15 35 02
-4.13369837E-01 2020 11 15 15 40 02
-4.35876898E-01 2020 11 15 15 45 02
-4.18543946E-01 2020 11 15 15 50 02
-4.13293309E-01 2020 11 15 15 55 02
-4.21640079E-01 2020 11 15 16 00 02
-4.48938306E-01 2020 11 15 16 05 02
-3.72838791E-01 2020 11 15 16 10 02
-4.62069593E-01 2020 11 15 16 15 02
-3.51635722E-01 2020 11 15 16 20 02
-3.93126772E-01 2020 11 15 16 25 02
-3.39423306E-01 2020 11 15 16 30 02
-3.82817319E-01 2020 11 15 16 35 02
-3.88846113E-01 2020 11 15 16 40 02
-3.74163500E-01 2020 11 15 16 45 02
-3.77884774E-01 2020 11 15 16 50 02
-2.90771342E-01 2020 11 15 16 55 02
-2.90962309E-01 2020 11 15 17 00 02
-1.91357626E-01 2020 11 15 17 05 02
-2.93510327E-01 2020 11 15 17 10 02
-1.47739677E-01 2020 11 15 17 15 02
-1.92662485E-01 2020 11 15 17 20 02
-3.06753352E-01 2020 11 15 17 25 02
-2.07419186E-01 2020 11 15 17 30 02
-2.07893238E-01 2020 11 15 17 35 02
-1.22503098E-01 2020 11 15 17 40 02
-1.43661236E-01 2020 11 15 17 45 02
-1.69084639E-01 2020 11 15 17 50 02
-1.89306099E-01 2020 11 15 17 55 02
-2.51675231E-01 2020 11 15 18 00 02
-9.13543178E-02 2020 11 15 18 05 02
-1.93204355E-01 2020 11 15 18 10 02
-1.46461658E-01 2020 11 15 18 15 02
-2.42682283E-01 2020 11 15 18 20 02
-2.15241306E-01 2020 11 15 18 25 02
-1.24414050E-01 2020 11 15 18 30 02
-1.70159239E-01 2020 11 15 18 35 02
-1.94514542E-01 2020 11 15 18 40 02
-1.94235104E-01 2020 11 15 18 45 02
-1.86943058E-01 2020 11 15 18 50 02
-1.60679148E-01 2020 11 15 18 55 02
-2.15494561E-01 2020 11 15 19 00 02
-1.76406875E-01 2020 11 15 19 05 02
-2.11188451E-01 2020 11 15 19 10 02
-2.13935512E-01 2020 11 15 19 15 03
-2.58954890E-01 2020 11 15 19 20 02
-2.27356616E-01 2020 11 15 19 25 02
-2.92476115E-01 2020 11 15 19 30 02
-3.41125082E-01 2020 11 15 19 35 02
-3.01496218E-01 2020 11 15 19 40 03
-3.70261864E-01 2020 11 15 19 45 02
-3.59414811E-01 2020 11 15 19 50 02
-3.28109554E-01 2020 11 15 19 55 02
-3.85376503E-01 2020 11 15 20 00 02
-3.90044114E-01 2020 11 15 20 05 03
-3.99633449E-01 2020 11 15 20 10 02
-4.61005366E-01 2020 11 15 20 15 02
-5.12741789E-01 2020 11 15 20 20 02
-6.45710034E-01 2020 11 15 20 25 02
-5.83647270E-01 2020 11 15 20 30 03
-5.82758715E-01 2020 11 15 20 35 02
-6.15231769E-01 2020 11 15 20 40 02
-6.15235476E-01 2020 11 15 20 45 02
-6.41319897E-01 2020 11 15 20 50 02
-8.00318757E-01 2020 11 15 20 55 02
-7.93115992E-01 2020 11 15 21 00 02
-7.94845805E-01 2020 11 15 21 05 02
-7.75878605E-01 2020 11 15 21 10 02
-7.74068747E-01 2020 11 15 21 15 02
-8.13789666E-01 2020 11 15 21 20 02
-8.38605074E-01 2020 11 15 21 25 02
-8.13330073E-01 2020 11 15 21 30 02
-8.57894614E-01 2020 11 15 21 35 02
-9.26703828E-01 2020 11 15 21 40 02
-1.00230971E+00 2020 11 15 21 45 02
-9.67421772E-01 2020 11 15 21 50 02
-9.84179637E-01 2020 11 15 21 55 02
-9.73326427E-01 2020 11 15 22 00 02
-1.03794176E+00 2020 11 15 22 05 02
-1.07296718E+00 2020 11 15 22 10 02
-1.10728355E+00 2020 11 15 22 15 02
-1.12910084E+00 2020 11 15 22 20 03
-1.23714362E+00 2020 11 15 22 25 02
-1.19585496E+00 2020 11 15 22 30 02
-1.21716813E+00 2020 11 15 22 35 02
-1.17202520E+00 2020 11 15 22 40 02
-1.22017494E+00 2020 11 15 22 45 03
-1.24386921E+00 2020 11 15 22 50 02
-1.19667245E+00 2020 11 15 22 55 02
-1.24751961E+00 2020 11 15 23 00 02
-1.25521144E+00 2020 11 15 23 05 02
-1.24800953E+00 2020 11 15 23 10 02
-1.26880697E+00 2020 11 15 23 15 02
-1.31867643E+00 2020 11 15 23 20 02
-1.28951542E+00 2020 11 15 23 25 02
-1.30303595E+00 2020 11 15 23 30 02
-1.28657863E+00 2020 11 15 23 35 03
-1.40866405E+00 2020 11 15 23 40 02
-1.36320880E+00 2020 11 15 23 45 02
-1.36515960E+00 2020 11 15 23 50 02
-1.38256075E+00 2020 11 15 23 55 02
