-9.89164866E-01 2020 11 03 00 00 03
-1.03245597E+00 2020 11 03 00 05 02
-1.01381268E+00 2020 11 03 00 10 02
-1.05055944E+00 2020 11 03 00 15 02
-1.07645792E+00 2020 11 03 00 20 02
-1.14107046E+00 2020 11 03 00 25 02
-1.08792481E+00 2020 11 03 00 30 02
-1.04859313E+00 2020 11 03 00 35 02
-1.08427889E+00 2020 11 03 00 40 02
-1.07563583E+00 2020 11 03 00 45 02
-1.08263606E+00 2020 11 03 00 50 02
-1.08751602E+00 2020 11 03 00 55 02
-1.09193650E+00 2020 11 03 01 00 02
-1.07842806E+00 2020 11 03 01 05 02
-1.07485241E+00 2020 11 03 01 10 02
-1.09559460E+00 2020 11 03 01 15 02
-1.08750247E+00 2020 11 03 01 20 02
-1.08636839E+00 2020 11 03 01 25 02
-1.07065575E+00 2020 11 03 01 30 02
-1.06000683E+00 2020 11 03 01 35 02
-1.05860165E+00 2020 11 03 01 40 02
-1.03964844E+00 2020 11 03 01 45 02
-1.00500725E+00 2020 11 03 01 50 02
-1.04048737E+00 2020 11 03 01 55 02
-1.03633205E+00 2020 11 03 02 00 02
-1.02565683E+00 2020 11 03 02 05 02
-1.02405505E+00 2020 11 03 02 10 02
-1.02856167E+00 2020 11 03 02 15 03
-9.64845937E-01 2020 11 03 02 20 02
-9.59233585E-01 2020 11 03 02 25 02
-9.53154214E-01 2020 11 03 02 30 02
-9.28082215E-01 2020 11 03 02 35 02
-8.91261555E-01 2020 11 03 02 40 03
-8.94872374E-01 2020 11 03 02 45 02
-8.58203045E-01 2020 11 03 02 50 02
-8.22387706E-01 2020 11 03 02 55 02
-7.96919666E-01 2020 11 03 03 00 02
-8.00941130E-01 2020 11 03 03 05 02
-7.71219794E-01 2020 11 03 03 10 02
-7.32318825E-01 2020 11 03 03 15 02
-7.21210268E-01 2020 11 03 03 20 02
-7.12199322E-01 2020 11 03 03 25 02
-6.75990885E-01 2020 11 03 03 30 02
-6.44663168E-01 2020 11 03 03 35 02
-6.03236282E-01 2020 11 03 03 40 02
-5.81124243E-01 2020 11 03 03 45 02
-5.14610348E-01 2020 11 03 03 50 02
-5.42117900E-01 2020 11 03 03 55 02
-5.27998105E-01 2020 11 03 04 00 02
-5.29869711E-01 2020 11 03 04 05 02
-5.11956072E-01 2020 11 03 04 10 02
-4.34021846E-01 2020 11 03 04 15 02
-4.03923162E-01 2020 11 03 04 20 02
-3.83380280E-01 2020 11 03 04 25 02
-3.72918867E-01 2020 11 03 04 30 02
-3.65599219E-01 2020 11 03 04 35 02
-3.11577251E-01 2020 11 03 04 40 02
-2.95814930E-01 2020 11 03 04 45 02
-2.74578001E-01 2020 11 03 04 50 02
-2.52271284E-01 2020 11 03 04 55 03
-1.52978138E-01 2020 11 03 05 00 02
-1.40483093E-01 2020 11 03 05 05 02
-1.37140285E-01 2020 11 03 05 10 02
-1.47768326E-01 2020 11 03 05 15 02
-1.28280031E-01 2020 11 03 05 20 03
-1.25935570E-01 2020 11 03 05 25 02
-7.60715295E-02 2020 11 03 05 30 02
-4.77304184E-02 2020 11 03 05 35 02
-3.11350141E-03 2020 11 03 05 40 02
-3.53500845E-03 2020 11 03 05 45 03
+2.32465509E-02 2020 11 03 05 50 02
+3.62392814E-02 2020 11 03 05 55 02
+2.38443230E-02 2020 11 03 06 00 02
+7.20659632E-02 2020 11 03 06 05 02
+4.80826455E-02 2020 11 03 06 10 02
+6.25618252E-02 2020 11 03 06 15 02
+9.74682612E-02 2020 11 03 06 20 02
+1.65769523E-01 2020 11 03 06 25 02
+1.71839614E-01 2020 11 03 06 30 02
+2.15292886E-01 2020 11 03 06 35 02
+2.05115971E-01 2020 11 03 06 40 02
+1.29386564E-01 2020 11 03 06 45 02
+1.30999655E-01 2020 11 03 06 50 02
+1.13502433E-01 2020 11 03 06 55 02
+1.48467537E-02 2020 11 03 07 00 02
-1.22196187E-02 2020 11 03 07 05 02
-9.60297671E-03 2020 11 03 07 10 02
-7.85222583E-03 2020 11 03 07 15 02
+7.91182253E-02 2020 11 03 07 20 02
+1.21034909E-01 2020 11 03 07 25 02
+4.44143999E-02 2020 11 03 07 30 02
+1.56525582E-03 2020 11 03 07 35 03
-2.90520871E-02 2020 11 03 07 40 02
-5.28954595E-02 2020 11 03 07 45 02
-6.89127097E-02 2020 11 03 07 50 02
-1.33261628E-01 2020 11 03 07 55 02
-1.74185644E-01 2020 11 03 08 00 03
-9.71923574E-02 2020 11 03 08 05 02
-1.83822267E-01 2020 11 03 08 10 02
-1.13405750E-01 2020 11 03 08 15 02
-8.07034688E-02 2020 11 03 08 20 02
-2.39190555E-01 2020 11 03 08 25 03
-1.56003194E-01 2020 11 03 08 30 02
-2.40753150E-01 2020 11 03 08 35 02
-2.72398787E-01 2020 11 03 08 40 02
-2.67292896E-01 2020 11 03 08 45 02
-1.83726043E-01 2020 11 03 08 50 03
-2.01617618E-01 2020 11 03 08 55 02
-3.01000761E-01 2020 11 03 09 00 02
-3.07612914E-01 2020 11 03 09 05 02
-3.40731262E-01 2020 11 03 09 10 02
-3.71160295E-01 2020 11 03 09 15 03
-2.92415280E-01 2020 11 03 09 20 02
-3.80046362E-01 2020 11 03 09 25 02
-3.66794692E-01 2020 11 03 09 30 02
-3.54525979E-01 2020 11 03 09 35 02
-3.17293770E-01 2020 11 03 09 40 02
-4.78247896E-01 2020 11 03 09 45 02
-4.34632172E-01 2020 11 03 09 50 02
-5.01958519E-01 2020 11 03 09 55 02
-4.36048247E-01 2020 11 03 10 00 02
-4.74272170E-01 2020 11 03 10 05 02
-4.51775072E-01 2020 11 03 10 10 02
-4.06095469E-01 2020 11 03 10 15 02
-4.23709801E-01 2020 11 03 10 20 02
-3.90413311E-01 2020 11 03 10 25 02
-3.98454126E-01 2020 11 03 10 30 02
-4.56447931E-01 2020 11 03 10 35 02
-5.20673038E-01 2020 11 03 10 40 02
-4.81162190E-01 2020 11 03 10 45 02
-3.84648312E-01 2020 11 03 10 50 02
-4.39855822E-01 2020 11 03 10 55 02
-4.16120519E-01 2020 11 03 11 00 02
-4.15394181E-01 2020 11 03 11 05 03
-4.44052738E-01 2020 11 03 11 10 02
-4.57307856E-01 2020 11 03 11 15 02
-5.45033722E-01 2020 11 03 11 20 02
-4.12548112E-01 2020 11 03 11 25 02
-4.65137942E-01 2020 11 03 11 30 03
-5.32059094E-01 2020 11 03 11 35 02
-4.48959840E-01 2020 11 03 11 40 02
-4.34639204E-01 2020 11 03 11 45 02
-5.13759498E-01 2020 11 03 11 50 02
-5.12812237E-01 2020 11 03 11 55 03
-4.15836653E-01 2020 11 03 12 00 02
-4.13109709E-01 2020 11 03 12 05 02
-4.63530167E-01 2020 11 03 12 10 02
-5.37365470E-01 2020 11 03 12 15 02
-5.10483823E-01 2020 11 03 12 20 02
-5.11767291E-01 2020 11 03 12 25 02
-6.16785841E-01 2020 11 03 12 30 02
-5.10262815E-01 2020 11 03 12 35 02
-5.65692856E-01 2020 11 03 12 40 02
-5.58245135E-01 2020 11 03 12 45 02
-5.80100190E-01 2020 11 03 12 50 02
-5.74907784E-01 2020 11 03 12 55 02
-6.58986072E-01 2020 11 03 13 00 02
-6.12973025E-01 2020 11 03 13 05 02
-5.32022510E-01 2020 11 03 13 10 02
-6.10627218E-01 2020 11 03 13 15 02
-6.18989364E-01 2020 11 03 13 20 02
-6.36790699E-01 2020 11 03 13 25 02
-6.51039167E-01 2020 11 03 13 30 02
-6.88598732E-01 2020 11 03 13 35 02
-7.41713328E-01 2020 11 03 13 40 02
-6.19002692E-01 2020 11 03 13 45 03
-7.33577090E-01 2020 11 03 13 50 02
-7.18230882E-01 2020 11 03 13 55 02
-7.66988790E-01 2020 11 03 14 00 02
-7.72217948E-01 2020 11 03 14 05 02
-7.53336566E-01 2020 11 03 14 10 03
-8.24031439E-01 2020 11 03 14 15 02
-8.02253205E-01 2020 11 03 14 20 02
-8.06773854E-01 2020 11 03 14 25 02
-8.01347978E-01 2020 11 03 14 30 02
-8.22290142E-01 2020 11 03 14 35 03
-8.35958773E-01 2020 11 03 14 40 02
-9.16541549E-01 2020 11 03 14 45 02
-9.80342182E-01 2020 11 03 14 50 02
-8.90123824E-01 2020 11 03 14 55 02
-9.69852798E-01 2020 11 03 15 00 03
-9.36486688E-01 2020 11 03 15 05 02
-8.87873883E-01 2020 11 03 15 10 02
-9.48671439E-01 2020 11 03 15 15 02
-8.55108184E-01 2020 11 03 15 20 02
-8.57172083E-01 2020 11 03 15 25 03
-8.36588969E-01 2020 11 03 15 30 02
-9.01172836E-01 2020 11 03 15 35 02
-8.68820246E-01 2020 11 03 15 40 02
-8.52493972E-01 2020 11 03 15 45 02
-8.41800887E-01 2020 11 03 15 50 03
-9.10029835E-01 2020 11 03 15 55 02
-8.53443395E-01 2020 11 03 16 00 02
-8.97125663E-01 2020 11 03 16 05 02
-8.73050180E-01 2020 11 03 16 10 02
-8.50725185E-01 2020 11 03 16 15 03
-8.27635137E-01 2020 11 03 16 20 02
-8.34920287E-01 2020 11 03 16 25 02
-8.15291280E-01 2020 11 03 16 30 02
-8.70217266E-01 2020 11 03 16 35 02
-7.73212776E-01 2020 11 03 16 40 03
-7.69853242E-01 2020 11 03 16 45 02
-7.12881796E-01 2020 11 03 16 50 02
-7.12462410E-01 2020 11 03 16 55 02
-7.13479444E-01 2020 11 03 17 00 02
-6.34027394E-01 2020 11 03 17 05 02
-6.46150124E-01 2020 11 03 17 10 02
-5.92803865E-01 2020 11 03 17 15 02
-5.84026268E-01 2020 11 03 17 20 02
-6.50689195E-01 2020 11 03 17 25 02
-5.85556031E-01 2020 11 03 17 30 02
-4.47450431E-01 2020 11 03 17 35 02
-6.16644084E-01 2020 11 03 17 40 03
-5.53823426E-01 2020 11 03 17 45 02
-5.52178301E-01 2020 11 03 17 50 02
-4.08899901E-01 2020 11 03 17 55 02
-5.38476311E-01 2020 11 03 18 00 02
-4.48221180E-01 2020 11 03 18 05 03
-4.45603295E-01 2020 11 03 18 10 02
-4.31561891E-01 2020 11 03 18 15 02
-3.49108834E-01 2020 11 03 18 20 02
-3.54186806E-01 2020 11 03 18 25 02
-4.52469448E-01 2020 11 03 18 30 03
-4.41914218E-01 2020 11 03 18 35 02
-3.90204252E-01 2020 11 03 18 40 02
-3.80253723E-01 2020 11 03 18 45 02
-3.69861252E-01 2020 11 03 18 50 02
-4.13183423E-01 2020 11 03 18 55 03
-2.98054494E-01 2020 11 03 19 00 02
-3.32102536E-01 2020 11 03 19 05 02
-4.06141958E-01 2020 11 03 19 10 02
-2.73165274E-01 2020 11 03 19 15 02
-3.34820995E-01 2020 11 03 19 20 03
-2.87428659E-01 2020 11 03 19 25 02
-3.34341002E-01 2020 11 03 19 30 02
-3.21492856E-01 2020 11 03 19 35 02
-3.78044414E-01 2020 11 03 19 40 02
-3.20734596E-01 2020 11 03 19 45 03
-3.88391249E-01 2020 11 03 19 50 02
-3.90146399E-01 2020 11 03 19 55 02
-3.21642347E-01 2020 11 03 20 00 02
-3.96628614E-01 2020 11 03 20 05 02
-4.16789537E-01 2020 11 03 20 10 02
-4.37401895E-01 2020 11 03 20 15 02
-4.50852319E-01 2020 11 03 20 20 02
-3.66427952E-01 2020 11 03 20 25 02
-3.64617197E-01 2020 11 03 20 30 02
-2.96812902E-01 2020 11 03 20 35 02
-3.36882450E-01 2020 11 03 20 40 02
-3.13691490E-01 2020 11 03 20 45 02
-4.01571344E-01 2020 11 03 20 50 02
-3.82452072E-01 2020 11 03 20 55 02
-4.21619971E-01 2020 11 03 21 00 02
-4.45159386E-01 2020 11 03 21 05 02
-5.25785896E-01 2020 11 03 21 10 02
-4.92059632E-01 2020 11 03 21 15 02
-4.20866116E-01 2020 11 03 21 20 02
-4.48646077E-01 2020 11 03 21 25 02
-4.63787936E-01 2020 11 03 21 30 02
-4.04412472E-01 2020 11 03 21 35 02
-5.03119627E-01 2020 11 03 21 40 02
-5.00744286E-01 2020 11 03 21 45 02
-5.13122236E-01 2020 11 03 21 50 02
-5.11513539E-01 2020 11 03 21 55 02
-5.24304514E-01 2020 11 03 22 00 02
-5.52553030E-01 2020 11 03 22 05 02
-5.88197251E-01 2020 11 03 22 10 02
-5.61295128E-01 2020 11 03 22 15 02
-5.73516896E-01 2020 11 03 22 20 02
-6.36908960E-01 2020 11 03 22 25 02
-6.67112558E-01 2020 11 03 22 30 02
-6.66526923E-01 2020 11 03 22 35 02
-7.02548348E-01 2020 11 03 22 40 02
-7.02504236E-01 2020 11 03 22 45 02
-7.74612403E-01 2020 11 03 22 50 02
-8.18811910E-01 2020 11 03 22 55 02
-7.85134105E-01 2020 11 03 23 00 02
-8.14368976E-01 2020 11 03 23 05 02
-7.68899297E-01 2020 11 03 23 10 02
-7.88375899E-01 2020 11 03 23 15 03
-8.46992819E-01 2020 11 03 23 20 02
-8.36863334E-01 2020 11 03 23 25 02
-9.09941428E-01 2020 11 03 23 30 02
-8.63510144E-01 2020 11 03 23 35 02
-9.11714384E-01 2020 11 03 23 40 03
-8.65075749E-01 2020 11 03 23 45 02
-8.60570742E-01 2020 11 03 23 50 02
-8.95674579E-01 2020 11 03 23 55 02
