-5.43805895E-01 2020 11 12 00 00 02
-5.44755619E-01 2020 11 12 00 05 02
-4.98341251E-01 2020 11 12 00 10 02
-5.68807754E-01 2020 11 12 00 15 02
-5.34167163E-01 2020 11 12 00 20 02
-3.90608135E-01 2020 11 12 00 25 02
-4.87902785E-01 2020 11 12 00 30 02
-5.43404588E-01 2020 11 12 00 35 02
-5.18677053E-01 2020 11 12 00 40 02
-3.81978797E-01 2020 11 12 00 45 02
-3.58100219E-01 2020 11 12 00 50 02
-3.82944145E-01 2020 11 12 00 55 02
-4.20986100E-01 2020 11 12 01 00 02
-3.47054657E-01 2020 11 12 01 05 02
-3.82225277E-01 2020 11 12 01 10 02
-3.33318813E-01 2020 11 12 01 15 02
-3.24540820E-01 2020 11 12 01 20 02
-2.99032546E-01 2020 11 12 01 25 02
-1.79657493E-01 2020 11 12 01 30 02
-4.72442404E-02 2020 11 12 01 35 03
-1.46673661E-01 2020 11 12 01 40 02
-1.41514200E-01 2020 11 12 01 45 02
-1.60891350E-01 2020 11 12 01 50 02
-1.25393550E-01 2020 11 12 01 55 02
-1.31823892E-01 2020 11 12 02 00 03
-1.73666773E-01 2020 11 12 02 05 02
-7.41357082E-02 2020 11 12 02 10 02
-1.04671062E-01 2020 11 12 02 15 02
-1.55872644E-01 2020 11 12 02 20 02
-1.55620523E-01 2020 11 12 02 25 03
-1.96044813E-01 2020 11 12 02 30 02
-1.46434570E-01 2020 11 12 02 35 02
-2.39380475E-01 2020 11 12 02 40 02
-2.43867242E-01 2020 11 12 02 45 02
-1.24161252E-01 2020 11 12 02 50 03
-1.27733177E-03 2020 11 12 02 55 02
+5.58602834E-02 2020 11 12 03 00 02
+8.09603970E-02 2020 11 12 03 05 02
+1.13309163E-01 2020 11 12 03 10 02
+1.73546877E-01 2020 11 12 03 15 03
+2.75746265E-01 2020 11 12 03 20 02
+2.75812979E-01 2020 11 12 03 25 02
+7.54010565E-02 2020 11 12 03 30 02
+8.57216663E-02 2020 11 12 03 35 02
+1.34593489E-01 2020 11 12 03 40 03
+1.02496564E-01 2020 11 12 03 45 02
+1.05788962E-01 2020 11 12 03 50 02
+1.12705894E-01 2020 11 12 03 55 02
+1.17041478E-01 2020 11 12 04 00 02
+1.14533849E-01 2020 11 12 04 05 02
+1.12066178E-01 2020 11 12 04 10 02
+9.22641897E-02 2020 11 12 04 15 02
+4.72214998E-02 2020 11 12 04 20 02
+2.92668412E-02 2020 11 12 04 25 02
+3.06940275E-03 2020 11 12 04 30 02
-5.48998832E-03 2020 11 12 04 35 02
-6.32504645E-02 2020 11 12 04 40 02
-6.61740800E-02 2020 11 12 04 45 02
-4.12465552E-02 2020 11 12 04 50 02
-7.25977329E-02 2020 11 12 04 55 02
-6.04222358E-02 2020 11 12 05 00 02
-6.35192916E-02 2020 11 12 05 05 02
-8.34577577E-02 2020 11 12 05 10 02
-9.17293110E-02 2020 11 12 05 15 02
-1.29168512E-01 2020 11 12 05 20 02
-1.18036913E-01 2020 11 12 05 25 02
-1.13360306E-01 2020 11 12 05 30 03
-1.29880580E-01 2020 11 12 05 35 02
-1.02499400E-01 2020 11 12 05 40 02
-2.60934058E-01 2020 11 12 05 45 02
-2.18865860E-01 2020 11 12 05 50 02
-1.74427788E-01 2020 11 12 05 55 03
-2.16013734E-01 2020 11 12 06 00 02
-3.71073739E-01 2020 11 12 06 05 02
-2.07169326E-01 2020 11 12 06 10 02
-2.93228138E-01 2020 11 12 06 15 02
-3.05333431E-01 2020 11 12 06 20 03
-3.23745752E-01 2020 11 12 06 25 02
-3.37545181E-01 2020 11 12 06 30 02
-4.46872632E-01 2020 11 12 06 35 02
-4.04647930E-01 2020 11 12 06 40 02
-3.83561872E-01 2020 11 12 06 45 03
-5.05201379E-01 2020 11 12 06 50 02
-5.70912697E-01 2020 11 12 06 55 02
-4.45369223E-01 2020 11 12 07 00 02
-5.21928352E-01 2020 11 12 07 05 02
-5.81584451E-01 2020 11 12 07 10 03
-6.11840065E-01 2020 11 12 07 15 02
-4.39615097E-01 2020 11 12 07 20 02
-6.79939191E-01 2020 11 12 07 25 02
-5.57173726E-01 2020 11 12 07 30 02
-4.54473639E-01 2020 11 12 07 35 03
-5.89018015E-01 2020 11 12 07 40 02
-5.89600177E-01 2020 11 12 07 45 02
-6.86893833E-01 2020 11 12 07 50 02
-6.52939480E-01 2020 11 12 07 55 02
-6.70741019E-01 2020 11 12 08 00 02
-7.28768729E-01 2020 11 12 08 05 02
-7.53232563E-01 2020 11 12 08 10 02
-8.62483733E-01 2020 11 12 08 15 02
-8.61538557E-01 2020 11 12 08 20 02
-8.50694085E-01 2020 11 12 08 25 02
-8.70287170E-01 2020 11 12 08 30 02
-9.03937868E-01 2020 11 12 08 35 02
-9.21208697E-01 2020 11 12 08 40 02
-9.30164015E-01 2020 11 12 08 45 02
-9.64225661E-01 2020 11 12 08 50 02
-1.10823864E+00 2020 11 12 08 55 02
-1.13998426E+00 2020 11 12 09 00 02
-1.04266001E+00 2020 11 12 09 05 02
-1.10085879E+00 2020 11 12 09 10 02
-1.07883523E+00 2020 11 12 09 15 02
-1.14082865E+00 2020 11 12 09 20 02
-1.16403529E+00 2020 11 12 09 25 02
-1.18745432E+00 2020 11 12 09 30 02
-1.17264402E+00 2020 11 12 09 35 02
-1.14733229E+00 2020 11 12 09 40 02
-1.18791897E+00 2020 11 12 09 45 02
-1.19749827E+00 2020 11 12 09 50 02
-1.21426986E+00 2020 11 12 09 55 02
-1.27603516E+00 2020 11 12 10 00 02
-1.18731583E+00 2020 11 12 10 05 02
-1.22001625E+00 2020 11 12 10 10 02
-1.27209284E+00 2020 11 12 10 15 02
-1.20298387E+00 2020 11 12 10 20 02
-1.16033751E+00 2020 11 12 10 25 02
-1.20613895E+00 2020 11 12 10 30 02
-1.14960445E+00 2020 11 12 10 35 02
-1.21744728E+00 2020 11 12 10 40 03
-1.08408762E+00 2020 11 12 10 45 02
-1.07751058E+00 2020 11 12 10 50 02
-1.10407495E+00 2020 11 12 10 55 02
-9.75402600E-01 2020 11 12 11 00 02
-9.99109708E-01 2020 11 12 11 05 03
-9.96670071E-01 2020 11 12 11 10 02
-9.19325321E-01 2020 11 12 11 15 02
-8.19390487E-01 2020 11 12 11 20 02
-8.85198305E-01 2020 11 12 11 25 02
-8.86703804E-01 2020 11 12 11 30 03
-7.62787302E-01 2020 11 12 11 35 02
-8.04584215E-01 2020 11 12 11 40 02
-7.52110620E-01 2020 11 12 11 45 02
-6.90182787E-01 2020 11 12 11 50 02
-7.64556983E-01 2020 11 12 11 55 02
-5.13204726E-01 2020 11 12 12 00 02
-4.58757022E-01 2020 11 12 12 05 03
-4.77860097E-01 2020 11 12 12 10 02
-4.16459012E-01 2020 11 12 12 15 02
-3.84629171E-01 2020 11 12 12 20 02
-3.53990141E-01 2020 11 12 12 25 02
-3.12491511E-01 2020 11 12 12 30 02
-2.28981804E-01 2020 11 12 12 35 02
-2.45814415E-01 2020 11 12 12 40 02
-1.76420486E-01 2020 11 12 12 45 02
-1.41088181E-01 2020 11 12 12 50 02
-1.90352438E-01 2020 11 12 12 55 02
-9.66005187E-02 2020 11 12 13 00 02
-1.13271272E-01 2020 11 12 13 05 02
+3.11096939E-02 2020 11 12 13 10 02
-1.26175651E-02 2020 11 12 13 15 02
+7.16238817E-02 2020 11 12 13 20 02
+4.46237488E-02 2020 11 12 13 25 02
+5.22520473E-02 2020 11 12 13 30 02
+5.23074961E-02 2020 11 12 13 35 02
+9.09889462E-02 2020 11 12 13 40 02
+1.39373332E-01 2020 11 12 13 45 02
+1.06845003E-01 2020 11 12 13 50 02
+9.01667205E-02 2020 11 12 13 55 02
+8.91006575E-02 2020 11 12 14 00 02
+9.47872607E-02 2020 11 12 14 05 02
+1.67389016E-01 2020 11 12 14 10 02
+7.45312061E-02 2020 11 12 14 15 02
+1.98976055E-01 2020 11 12 14 20 02
+2.10370595E-01 2020 11 12 14 25 02
+2.20276470E-01 2020 11 12 14 30 02
+3.15176912E-01 2020 11 12 14 35 02
+2.99071897E-01 2020 11 12 14 40 02
+2.77246947E-01 2020 11 12 14 45 02
+2.68917899E-01 2020 11 12 14 50 02
+3.73825257E-01 2020 11 12 14 55 02
+3.10261227E-01 2020 11 12 15 00 02
+6.21406956E-02 2020 11 12 15 05 02
+2.89141722E-01 2020 11 12 15 10 02
+1.62825321E-01 2020 11 12 15 15 02
+2.45651158E-01 2020 11 12 15 20 02
+2.10208798E-01 2020 11 12 15 25 02
+2.38528279E-01 2020 11 12 15 30 02
+2.18394013E-01 2020 11 12 15 35 02
+1.62541321E-01 2020 11 12 15 40 02
+7.87897645E-02 2020 11 12 15 45 02
+1.34281032E-01 2020 11 12 15 50 02
+5.43160137E-02 2020 11 12 15 55 02
+3.01558110E-02 2020 11 12 16 00 02
+9.80893269E-02 2020 11 12 16 05 02
+7.57586842E-03 2020 11 12 16 10 02
-1.17381936E-02 2020 11 12 16 15 02
+1.26204630E-02 2020 11 12 16 20 02
-4.30726265E-02 2020 11 12 16 25 02
-1.12306038E-02 2020 11 12 16 30 02
-4.85012831E-02 2020 11 12 16 35 02
-1.38261606E-01 2020 11 12 16 40 02
-1.37328627E-01 2020 11 12 16 45 02
-1.63648041E-02 2020 11 12 16 50 02
-7.10225944E-02 2020 11 12 16 55 02
-1.80621547E-01 2020 11 12 17 00 02
-1.72213535E-01 2020 11 12 17 05 02
-1.20687871E-01 2020 11 12 17 10 02
-1.25959226E-01 2020 11 12 17 15 02
-2.08634630E-01 2020 11 12 17 20 02
-2.25132876E-01 2020 11 12 17 25 02
-4.40798697E-02 2020 11 12 17 30 02
-1.24297832E-01 2020 11 12 17 35 02
-3.52822791E-02 2020 11 12 17 40 03
-1.08847461E-01 2020 11 12 17 45 02
-1.02893089E-01 2020 11 12 17 50 02
-7.50046512E-02 2020 11 12 17 55 02
-1.40666152E-01 2020 11 12 18 00 02
-2.33876490E-01 2020 11 12 18 05 03
-5.95300229E-02 2020 11 12 18 10 02
-2.47359488E-01 2020 11 12 18 15 02
-3.06480051E-01 2020 11 12 18 20 02
-2.97420284E-01 2020 11 12 18 25 02
-3.16563005E-01 2020 11 12 18 30 03
-4.07575484E-01 2020 11 12 18 35 02
-2.79136076E-01 2020 11 12 18 40 02
-3.48939040E-01 2020 11 12 18 45 02
-4.01583387E-01 2020 11 12 18 50 02
-4.48791608E-01 2020 11 12 18 55 03
-3.59712334E-01 2020 11 12 19 00 02
-4.32460092E-01 2020 11 12 19 05 02
-4.62459106E-01 2020 11 12 19 10 02
-3.81355871E-01 2020 11 12 19 15 02
-5.17796743E-01 2020 11 12 19 20 03
-4.55085690E-01 2020 11 12 19 25 02
-4.97752640E-01 2020 11 12 19 30 02
-5.05224433E-01 2020 11 12 19 35 02
-5.84445618E-01 2020 11 12 19 40 02
-5.36659898E-01 2020 11 12 19 45 03
-6.62054787E-01 2020 11 12 19 50 02
-6.06937874E-01 2020 11 12 19 55 02
-6.80360588E-01 2020 11 12 20 00 02
-7.37920008E-01 2020 11 12 20 05 02
-6.75045044E-01 2020 11 12 20 10 03
-7.07784529E-01 2020 11 12 20 15 02
-8.28620585E-01 2020 11 12 20 20 02
-7.79636401E-01 2020 11 12 20 25 02
-7.83778647E-01 2020 11 12 20 30 02
-8.26879258E-01 2020 11 12 20 35 03
-8.56264937E-01 2020 11 12 20 40 02
-9.73812815E-01 2020 11 12 20 45 02
-8.43649553E-01 2020 11 12 20 50 02
-8.65773110E-01 2020 11 12 20 55 02
-9.13707539E-01 2020 11 12 21 00 03
-9.65064097E-01 2020 11 12 21 05 02
-8.59550480E-01 2020 11 12 21 10 02
-9.03394587E-01 2020 11 12 21 15 02
-9.78243930E-01 2020 11 12 21 20 02
-8.98480804E-01 2020 11 12 21 25 02
-9.16498387E-01 2020 11 12 21 30 02
-8.74372543E-01 2020 11 12 21 35 02
-9.24025327E-01 2020 11 12 21 40 02
-1.00121605E+00 2020 11 12 21 45 02
-9.23589419E-01 2020 11 12 21 50 02
-1.04100106E+00 2020 11 12 21 55 02
-1.03361200E+00 2020 11 12 22 00 02
-1.04099554E+00 2020 11 12 22 05 02
-1.00479390E+00 2020 11 12 22 10 02
-9.19049298E-01 2020 11 12 22 15 02
-9.32773512E-01 2020 11 12 22 20 02
-1.10650091E+00 2020 11 12 22 25 02
-1.00718760E+00 2020 11 12 22 30 02
-9.79178096E-01 2020 11 12 22 35 02
-1.00617063E+00 2020 11 12 22 40 02
-1.01060038E+00 2020 11 12 22 45 02
-1.01913151E+00 2020 11 12 22 50 02
-1.03125172E+00 2020 11 12 22 55 02
-1.06648137E+00 2020 11 12 23 00 02
-1.02804665E+00 2020 11 12 23 05 02
-9.95416921E-01 2020 11 12 23 10 02
-9.37679007E-01 2020 11 12 23 15 02
-9.75375907E-01 2020 11 12 23 20 02
-7.62061033E-01 2020 11 12 23 25 02
-1.10402829E+00 2020 11 12 23 30 02
-9.72892315E-01 2020 11 12 23 35 02
-9.33033848E-01 2020 11 12 23 40 02
-8.21623238E-01 2020 11 12 23 45 02
-8.32593997E-01 2020 11 12 23 50 02
-8.11620703E-01 2020 11 12 23 55 02
