-9.44493030E-01 2020 11 01 00 00 02
-1.05869795E+00 2020 11 01 00 05 02
-1.31754762E+00 2020 11 01 00 10 02
-1.39550574E+00 2020 11 01 00 15 02
-1.11489084E+00 2020 11 01 00 20 02
-1.03001254E+00 2020 11 01 00 25 02
-1.04338286E+00 2020 11 01 00 30 02
-8.70752664E-01 2020 11 01 00 35 03
-1.03475648E+00 2020 11 01 00 40 02
-1.01714496E+00 2020 11 01 00 45 02
-8.73198904E-01 2020 11 01 00 50 02
-9.23050532E-01 2020 11 01 00 55 02
-6.95207530E-01 2020 11 01 01 00 03
-6.40142851E-01 2020 11 01 01 05 02
-6.82228280E-01 2020 11 01 01 10 02
-8.42418486E-01 2020 11 01 01 15 02
-9.51799127E-01 2020 11 01 01 20 02
-1.04733232E+00 2020 11 01 01 25 03
-1.09175204E+00 2020 11 01 01 30 02
-1.05718964E+00 2020 11 01 01 35 02
-1.06492915E+00 2020 11 01 01 40 02
-1.00328995E+00 2020 11 01 01 45 02
-9.45517041E-01 2020 11 01 01 50 03
-9.41274351E-01 2020 11 01 01 55 02
-9.48153450E-01 2020 11 01 02 00 02
-8.77776913E-01 2020 11 01 02 05 02
-9.01703645E-01 2020 11 01 02 10 02
-8.92367662E-01 2020 11 01 02 15 03
-8.78146140E-01 2020 11 01 02 20 02
-8.76502272E-01 2020 11 01 02 25 02
-8.20017494E-01 2020 11 01 02 30 02
-7.97113581E-01 2020 11 01 02 35 02
-7.72668267E-01 2020 11 01 02 40 02
-7.33736948E-01 2020 11 01 02 45 02
-7.15343650E-01 2020 11 01 02 50 02
-6.85600584E-01 2020 11 01 02 55 02
-6.50441518E-01 2020 11 01 03 00 02
-6.22041683E-01 2020 11 01 03 05 02
-5.87847793E-01 2020 11 01 03 10 02
-5.83616031E-01 2020 11 01 03 15 02
-5.63508925E-01 2020 11 01 03 20 02
-4.95855367E-01 2020 11 01 03 25 02
-4.82801485E-01 2020 11 01 03 30 02
-4.71021474E-01 2020 11 01 03 35 02
-4.41176372E-01 2020 11 01 03 40 03
-4.24910736E-01 2020 11 01 03 45 02
-3.87648779E-01 2020 11 01 03 50 02
-3.77013690E-01 2020 11 01 03 55 02
-3.72675050E-01 2020 11 01 04 00 02
-3.25486225E-01 2020 11 01 04 05 03
-3.12989895E-01 2020 11 01 04 10 02
-3.04619456E-01 2020 11 01 04 15 02
-2.80985362E-01 2020 11 01 04 20 02
-2.59160202E-01 2020 11 01 04 25 02
-2.26242732E-01 2020 11 01 04 30 03
-1.77058464E-01 2020 11 01 04 35 02
-1.52547569E-01 2020 11 01 04 40 02
-1.42022783E-01 2020 11 01 04 45 02
-1.35930057E-01 2020 11 01 04 50 02
-1.15343680E-01 2020 11 01 04 55 02
-1.04496787E-01 2020 11 01 05 00 02
-8.42348829E-02 2020 11 01 05 05 02
-5.63628583E-02 2020 11 01 05 10 02
-7.39555217E-02 2020 11 01 05 15 02
-1.52611748E-02 2020 11 01 05 20 02
-2.42141419E-02 2020 11 01 05 25 02
+1.06320029E-02 2020 11 01 05 30 02
+2.62617559E-02 2020 11 01 05 35 02
-1.27071975E-03 2020 11 01 05 40 02
-1.60002760E-04 2020 11 01 05 45 02
-2.41245535E-02 2020 11 01 05 50 02
+1.33630646E-04 2020 11 01 05 55 02
+2.79718206E-02 2020 11 01 06 00 02
+3.21604927E-02 2020 11 01 06 05 02
+9.93517152E-03 2020 11 01 06 10 02
+4.04999893E-02 2020 11 01 06 15 02
+5.27495671E-02 2020 11 01 06 20 03
+4.28829210E-02 2020 11 01 06 25 02
+1.65183370E-02 2020 11 01 06 30 02
+9.47923544E-03 2020 11 01 06 35 02
-8.61022233E-03 2020 11 01 06 40 02
+5.01264339E-02 2020 11 01 06 45 03
+1.43142544E-02 2020 11 01 06 50 02
-2.26229269E-02 2020 11 01 06 55 02
-5.33219470E-02 2020 11 01 07 00 02
-1.08065782E-01 2020 11 01 07 05 02
-5.14120266E-02 2020 11 01 07 10 03
-8.48007817E-02 2020 11 01 07 15 02
-9.56698277E-02 2020 11 01 07 20 02
-1.68031290E-01 2020 11 01 07 25 02
-1.43427117E-01 2020 11 01 07 30 02
-1.70386976E-01 2020 11 01 07 35 02
-2.88080345E-01 2020 11 01 07 40 02
-2.57789100E-01 2020 11 01 07 45 02
-2.68644544E-01 2020 11 01 07 50 02
-2.45634785E-01 2020 11 01 07 55 02
-3.84904713E-01 2020 11 01 08 00 02
-4.64112522E-01 2020 11 01 08 05 02
-4.29346029E-01 2020 11 01 08 10 02
-4.49413201E-01 2020 11 01 08 15 02
-4.50068193E-01 2020 11 01 08 20 02
-5.00604787E-01 2020 11 01 08 25 02
-4.76673357E-01 2020 11 01 08 30 02
-5.04148831E-01 2020 11 01 08 35 02
-5.50019291E-01 2020 11 01 08 40 02
-6.51495920E-01 2020 11 01 08 45 02
-5.79192000E-01 2020 11 01 08 50 02
-6.27747308E-01 2020 11 01 08 55 02
-6.96565872E-01 2020 11 01 09 00 02
-6.03816126E-01 2020 11 01 09 05 02
-6.68843644E-01 2020 11 01 09 10 02
-6.95107524E-01 2020 11 01 09 15 02
-7.12713856E-01 2020 11 01 09 20 02
-8.24729836E-01 2020 11 01 09 25 03
-7.95272554E-01 2020 11 01 09 30 02
-7.99707029E-01 2020 11 01 09 35 02
-8.11492902E-01 2020 11 01 09 40 02
-8.70030914E-01 2020 11 01 09 45 02
-9.08333664E-01 2020 11 01 09 50 03
-9.25043953E-01 2020 11 01 09 55 02
-9.30933862E-01 2020 11 01 10 00 02
-7.96013986E-01 2020 11 01 10 05 02
-9.18362000E-01 2020 11 01 10 10 02
-8.81449921E-01 2020 11 01 10 15 03
-8.78491555E-01 2020 11 01 10 20 02
-8.64295669E-01 2020 11 01 10 25 02
-9.19261856E-01 2020 11 01 10 30 02
-9.73101036E-01 2020 11 01 10 35 02
-7.92529434E-01 2020 11 01 10 40 02
-8.77002057E-01 2020 11 01 10 45 02
-8.07189851E-01 2020 11 01 10 50 02
-7.77375231E-01 2020 11 01 10 55 02
-8.20632487E-01 2020 11 01 11 00 02
-8.26478792E-01 2020 11 01 11 05 02
-7.08407272E-01 2020 11 01 11 10 02
-6.52950419E-01 2020 11 01 11 15 02
-6.57445379E-01 2020 11 01 11 20 02
-5.75776846E-01 2020 11 01 11 25 02
-6.37840843E-01 2020 11 01 11 30 02
-6.48702206E-01 2020 11 01 11 35 02
-6.77093347E-01 2020 11 01 11 40 02
-6.79582797E-01 2020 11 01 11 45 02
-6.05773715E-01 2020 11 01 11 50 02
-6.19199553E-01 2020 11 01 11 55 02
-5.86161179E-01 2020 11 01 12 00 02
-5.86429795E-01 2020 11 01 12 05 02
-6.69326832E-01 2020 11 01 12 10 02
-6.41007789E-01 2020 11 01 12 15 02
-7.28532827E-01 2020 11 01 12 20 02
-7.03303060E-01 2020 11 01 12 25 02
-6.96030242E-01 2020 11 01 12 30 03
-7.23226081E-01 2020 11 01 12 35 02
-7.21657734E-01 2020 11 01 12 40 02
-8.38922203E-01 2020 11 01 12 45 02
-7.98422166E-01 2020 11 01 12 50 02
-9.13917890E-01 2020 11 01 12 55 03
-8.73282995E-01 2020 11 01 13 00 02
-8.50327439E-01 2020 11 01 13 05 02
-8.36778734E-01 2020 11 01 13 10 02
-8.36857798E-01 2020 11 01 13 15 02
-9.36285977E-01 2020 11 01 13 20 03
-9.09020092E-01 2020 11 01 13 25 02
-9.50840054E-01 2020 11 01 13 30 02
-8.38980658E-01 2020 11 01 13 35 02
-9.03291702E-01 2020 11 01 13 40 02
-9.49167761E-01 2020 11 01 13 45 03
-8.95252827E-01 2020 11 01 13 50 02
-1.03460600E+00 2020 11 01 13 55 02
-1.04499567E+00 2020 11 01 14 00 02
-9.78230156E-01 2020 11 01 14 05 02
-9.17184404E-01 2020 11 01 14 10 03
-9.23724018E-01 2020 11 01 14 15 02
-9.44958788E-01 2020 11 01 14 20 02
-9.40106270E-01 2020 11 01 14 25 02
-9.71763132E-01 2020 11 01 14 30 02
-9.08846055E-01 2020 11 01 14 35 02
-8.71445737E-01 2020 11 01 14 40 02
-7.71564549E-01 2020 11 01 14 45 02
-8.44296542E-01 2020 11 01 14 50 02
-8.37355717E-01 2020 11 01 14 55 02
-8.27393732E-01 2020 11 01 15 00 02
-8.96818985E-01 2020 11 01 15 05 02
-8.50517041E-01 2020 11 01 15 10 02
-8.90156953E-01 2020 11 01 15 15 02
-7.43267755E-01 2020 11 01 15 20 02
-8.18437302E-01 2020 11 01 15 25 02
-8.11316906E-01 2020 11 01 15 30 02
-8.13347300E-01 2020 11 01 15 35 02
-8.36135481E-01 2020 11 01 15 40 02
-7.86963067E-01 2020 11 01 15 45 02
-7.40647355E-01 2020 11 01 15 50 02
-7.48402371E-01 2020 11 01 15 55 02
-7.24383316E-01 2020 11 01 16 00 02
-7.75516889E-01 2020 11 01 16 05 02
-7.53080947E-01 2020 11 01 16 10 02
-7.89335635E-01 2020 11 01 16 15 02
-8.66669875E-01 2020 11 01 16 20 02
-7.83399381E-01 2020 11 01 16 25 02
-8.70178665E-01 2020 11 01 16 30 02
-8.64344936E-01 2020 11 01 16 35 02
-8.46353051E-01 2020 11 01 16 40 02
-9.05087399E-01 2020 11 01 16 45 02
-7.07975745E-01 2020 11 01 16 50 02
-6.48489334E-01 2020 11 01 16 55 02
-6.30198523E-01 2020 11 01 17 00 02
-4.69469939E-01 2020 11 01 17 05 02
-5.13266647E-01 2020 11 01 17 10 02
-5.11851544E-01 2020 11 01 17 15 02
-5.24417341E-01 2020 11 01 17 20 02
-5.85713709E-01 2020 11 01 17 25 02
-5.80459336E-01 2020 11 01 17 30 02
-5.69867187E-01 2020 11 01 17 35 02
-5.13441319E-01 2020 11 01 17 40 03
-4.99385067E-01 2020 11 01 17 45 02
-4.62379824E-01 2020 11 01 17 50 02
-4.36824115E-01 2020 11 01 17 55 02
-4.67526875E-01 2020 11 01 18 00 02
-3.67516294E-01 2020 11 01 18 05 03
-4.84967369E-01 2020 11 01 18 10 02
-4.17411952E-01 2020 11 01 18 15 02
-4.42952691E-01 2020 11 01 18 20 02
-4.05655589E-01 2020 11 01 18 25 02
-3.98354086E-01 2020 11 01 18 30 02
-4.07356025E-01 2020 11 01 18 35 02
-3.08696231E-01 2020 11 01 18 40 02
-6.00641958E-02 2020 11 01 18 45 02
-9.76943563E-04 2020 11 01 18 50 02
-1.69750245E-01 2020 11 01 18 55 02
-3.41913937E-01 2020 11 01 19 00 02
-3.27744125E-01 2020 11 01 19 05 02
-3.62545732E-01 2020 11 01 19 10 02
-1.32441945E-01 2020 11 01 19 15 02
-1.31833359E-01 2020 11 01 19 20 02
-1.66875462E-01 2020 11 01 19 25 02
-2.62775005E-01 2020 11 01 19 30 02
-3.20835677E-01 2020 11 01 19 35 02
-4.37627720E-01 2020 11 01 19 40 02
-3.93747100E-01 2020 11 01 19 45 02
-3.03341250E-01 2020 11 01 19 50 02
-3.54296321E-01 2020 11 01 19 55 02
-4.10219868E-01 2020 11 01 20 00 02
-3.61696854E-01 2020 11 01 20 05 02
-4.50701284E-01 2020 11 01 20 10 03
-4.66088632E-01 2020 11 01 20 15 02
-4.22494037E-01 2020 11 01 20 20 02
-4.63959409E-01 2020 11 01 20 25 02
-5.82052403E-01 2020 11 01 20 30 02
-4.23705651E-01 2020 11 01 20 35 03
-5.77912593E-01 2020 11 01 20 40 02
-6.04246823E-01 2020 11 01 20 45 02
-5.99339739E-01 2020 11 01 20 50 02
-6.22486401E-01 2020 11 01 20 55 02
-6.76001338E-01 2020 11 01 21 00 02
-6.82022972E-01 2020 11 01 21 05 02
-5.74509107E-01 2020 11 01 21 10 02
-6.33284880E-01 2020 11 01 21 15 02
-6.76524981E-01 2020 11 01 21 20 02
-7.12455328E-01 2020 11 01 21 25 02
-6.89567201E-01 2020 11 01 21 30 02
-6.75374886E-01 2020 11 01 21 35 02
-7.67460537E-01 2020 11 01 21 40 02
-8.58544920E-01 2020 11 01 21 45 02
-8.38254308E-01 2020 11 01 21 50 02
-9.38092632E-01 2020 11 01 21 55 02
-1.06890059E+00 2020 11 01 22 00 02
-8.77706404E-01 2020 11 01 22 05 02
-9.76479404E-01 2020 11 01 22 10 02
-8.67567854E-01 2020 11 01 22 15 02
-8.93180495E-01 2020 11 01 22 20 02
-1.06078556E+00 2020 11 01 22 25 02
-1.05389930E+00 2020 11 01 22 30 02
-1.02478368E+00 2020 11 01 22 35 02
-9.53541954E-01 2020 11 01 22 40 02
-1.17985899E+00 2020 11 01 22 45 02
-1.01866900E+00 2020 11 01 22 50 02
-1.10406651E+00 2020 11 01 22 55 02
-1.09419934E+00 2020 11 01 23 00 02
-1.14695008E+00 2020 11 01 23 05 02
-1.67747072E+00 2020 11 01 23 10 02
-1.43984733E+00 2020 11 01 23 15 02
-1.19788160E+00 2020 11 01 23 20 02
-1.13573314E+00 2020 11 01 23 25 02
-1.09031212E+00 2020 11 01 23 30 02
-1.18492580E+00 2020 11 01 23 35 02
-1.21625579E+00 2020 11 01 23 40 03
-1.13682235E+00 2020 11 01 23 45 02
-1.33708027E+00 2020 11 01 23 50 02
-1.55322657E+00 2020 11 01 23 55 02
