-8.31137718E-01 2020 11 14 00 00 02
-8.63120999E-01 2020 11 14 00 05 02
-8.78187903E-01 2020 11 14 00 10 02
-9.32650705E-01 2020 11 14 00 15 02
-8.77840582E-01 2020 11 14 00 20 02
-8.71018467E-01 2020 11 14 00 25 02
-8.57565342E-01 2020 11 14 00 30 02
-8.47706105E-01 2020 11 14 00 35 02
-7.92946969E-01 2020 11 14 00 40 03
-7.89485398E-01 2020 11 14 00 45 02
-7.79801287E-01 2020 11 14 00 50 02
-7.15519410E-01 2020 11 14 00 55 02
-6.88649810E-01 2020 11 14 01 00 02
-6.88473111E-01 2020 11 14 01 05 03
-6.67046778E-01 2020 11 14 01 10 02
-6.41416967E-01 2020 11 14 01 15 02
-6.28108934E-01 2020 11 14 01 20 02
-5.92846203E-01 2020 11 14 01 25 02
-5.74375622E-01 2020 11 14 01 30 03
-5.21826845E-01 2020 11 14 01 35 02
-4.72564429E-01 2020 11 14 01 40 02
-4.53081950E-01 2020 11 14 01 45 02
-4.18054206E-01 2020 11 14 01 50 02
-4.04918977E-01 2020 11 14 01 55 02
-3.92307490E-01 2020 11 14 02 00 02
-3.68478057E-01 2020 11 14 02 05 02
-3.36143893E-01 2020 11 14 02 10 02
-2.95637009E-01 2020 11 14 02 15 02
-2.77084364E-01 2020 11 14 02 20 02
-2.51633549E-01 2020 11 14 02 25 02
-2.20380479E-01 2020 11 14 02 30 02
-1.92262698E-01 2020 11 14 02 35 02
-1.50794000E-01 2020 11 14 02 40 02
-1.14638853E-01 2020 11 14 02 45 02
-7.98701669E-02 2020 11 14 02 50 02
-5.25972067E-02 2020 11 14 02 55 02
-2.37250282E-02 2020 11 14 03 00 02
-3.03910379E-02 2020 11 14 03 05 02
-2.84838836E-02 2020 11 14 03 10 02
-2.27516089E-02 2020 11 14 03 15 02
-6.31132526E-03 2020 11 14 03 20 03
+1.94261152E-02 2020 11 14 03 25 02
+6.16022266E-02 2020 11 14 03 30 02
+8.73384993E-02 2020 11 14 03 35 02
+1.10356403E-01 2020 11 14 03 40 02
+1.36151330E-01 2020 11 14 03 45 03
+1.59644094E-01 2020 11 14 03 50 02
+1.66984552E-01 2020 11 14 03 55 02
+1.89423495E-01 2020 11 14 04 00 02
+2.06532148E-01 2020 11 14 04 05 02
+2.59798990E-01 2020 11 14 04 10 03
+2.63458690E-01 2020 11 14 04 15 02
+2.30844019E-01 2020 11 14 04 20 02
+2.66941306E-01 2020 11 14 04 25 02
+2.75170318E-01 2020 11 14 04 30 02
+2.89689067E-01 2020 11 14 04 35 03
+3.15629524E-01 2020 11 14 04 40 02
+3.43073441E-01 2020 11 14 04 45 02
+4.21469897E-01 2020 11 14 04 50 02
+3.05551246E-01 2020 11 14 04 55 02
+3.67048986E-01 2020 11 14 05 00 03
+3.68986532E-01 2020 11 14 05 05 02
+3.55205468E-01 2020 11 14 05 10 02
+3.67702355E-01 2020 11 14 05 15 02
+3.83678964E-01 2020 11 14 05 20 02
+3.65692341E-01 2020 11 14 05 25 02
+3.62780998E-01 2020 11 14 05 30 02
+3.83829286E-01 2020 11 14 05 35 02
+3.28275093E-01 2020 11 14 05 40 02
+3.06815255E-01 2020 11 14 05 45 02
+3.51369960E-01 2020 11 14 05 50 02
+3.44980447E-01 2020 11 14 05 55 02
+3.08289769E-01 2020 11 14 06 00 02
+2.45628382E-01 2020 11 14 06 05 02
+4.02143764E-01 2020 11 14 06 10 02
+3.56438975E-01 2020 11 14 06 15 02
+3.41968070E-01 2020 11 14 06 20 02
+3.70798279E-01 2020 11 14 06 25 02
+3.10958782E-01 2020 11 14 06 30 02
+4.05569955E-01 2020 11 14 06 35 02
+2.86820523E-01 2020 11 14 06 40 02
+3.47297322E-01 2020 11 14 06 45 02
+2.62835651E-01 2020 11 14 06 50 02
+2.25383700E-01 2020 11 14 06 55 02
+1.84000960E-01 2020 11 14 07 00 02
+1.75575615E-01 2020 11 14 07 05 02
+2.04334250E-01 2020 11 14 07 10 02
+1.61218888E-01 2020 11 14 07 15 02
+1.56827232E-01 2020 11 14 07 20 02
+1.73498621E-01 2020 11 14 07 25 02
+6.75578097E-02 2020 11 14 07 30 02
+4.09570544E-02 2020 11 14 07 35 02
-3.66489748E-03 2020 11 14 07 40 02
-5.21025378E-02 2020 11 14 07 45 02
-1.68689055E-01 2020 11 14 07 50 02
-1.79925424E-01 2020 11 14 07 55 02
-2.87676451E-01 2020 11 14 08 00 02
-2.60698811E-01 2020 11 14 08 05 02
-4.25802787E-01 2020 11 14 08 10 02
-4.52680275E-01 2020 11 14 08 15 02
-4.45717389E-01 2020 11 14 08 20 02
-5.37671203E-01 2020 11 14 08 25 02
-5.63006626E-01 2020 11 14 08 30 03
-5.67761226E-01 2020 11 14 08 35 02
-7.92685479E-01 2020 11 14 08 40 02
-7.85086136E-01 2020 11 14 08 45 02
-8.10952291E-01 2020 11 14 08 50 02
-8.31367895E-01 2020 11 14 08 55 03
-8.65283102E-01 2020 11 14 09 00 02
-8.81608128E-01 2020 11 14 09 05 02
-9.34287067E-01 2020 11 14 09 10 02
-1.05066868E+00 2020 11 14 09 15 02
-1.03589536E+00 2020 11 14 09 20 03
-1.09759626E+00 2020 11 14 09 25 02
-1.09569617E+00 2020 11 14 09 30 02
-1.12349877E+00 2020 11 14 09 35 02
-1.16828717E+00 2020 11 14 09 40 02
-1.17913633E+00 2020 11 14 09 45 03
-1.22859394E+00 2020 11 14 09 50 02
-1.23634455E+00 2020 11 14 09 55 02
-1.27493799E+00 2020 11 14 10 00 02
-1.32039638E+00 2020 11 14 10 05 02
-1.29005910E+00 2020 11 14 10 10 02
-1.28948370E+00 2020 11 14 10 15 02
-1.26199262E+00 2020 11 14 10 20 02
-1.33049046E+00 2020 11 14 10 25 02
-1.24737896E+00 2020 11 14 10 30 02
-1.32739502E+00 2020 11 14 10 35 02
-1.30764244E+00 2020 11 14 10 40 02
-1.41914355E+00 2020 11 14 10 45 02
-1.36082402E+00 2020 11 14 10 50 02
-1.28689705E+00 2020 11 14 10 55 02
-1.41885657E+00 2020 11 14 11 00 02
-1.20035445E+00 2020 11 14 11 05 02
-1.26707603E+00 2020 11 14 11 10 02
-1.23252746E+00 2020 11 14 11 15 02
-1.20379461E+00 2020 11 14 11 20 02
-1.13751421E+00 2020 11 14 11 25 02
-1.12901432E+00 2020 11 14 11 30 02
-1.12586186E+00 2020 11 14 11 35 03
-1.05474102E+00 2020 11 14 11 40 02
-1.04031238E+00 2020 11 14 11 45 02
-9.84781727E-01 2020 11 14 11 50 02
-9.57894221E-01 2020 11 14 11 55 02
-9.05091878E-01 2020 11 14 12 00 02
-8.72729648E-01 2020 11 14 12 05 02
-8.61639103E-01 2020 11 14 12 10 02
-8.29797822E-01 2020 11 14 12 15 02
-7.96596760E-01 2020 11 14 12 20 02
-7.36382968E-01 2020 11 14 12 25 02
-7.12746792E-01 2020 11 14 12 30 02
-7.18402887E-01 2020 11 14 12 35 02
-6.78610089E-01 2020 11 14 12 40 02
-6.85950393E-01 2020 11 14 12 45 02
-6.41476711E-01 2020 11 14 12 50 02
-6.47079967E-01 2020 11 14 12 55 02
-5.30377243E-01 2020 11 14 13 00 02
-6.80058710E-01 2020 11 14 13 05 02
-5.85269100E-01 2020 11 14 13 10 02
-5.46822179E-01 2020 11 14 13 15 02
-5.29498179E-01 2020 11 14 13 20 02
-5.10907537E-01 2020 11 14 13 25 02
-5.80529348E-01 2020 11 14 13 30 02
-5.14806130E-01 2020 11 14 13 35 02
-5.07506280E-01 2020 11 14 13 40 02
-4.55685185E-01 2020 11 14 13 45 02
-4.23250142E-01 2020 11 14 13 50 02
-4.31388185E-01 2020 11 14 13 55 02
-4.56020361E-01 2020 11 14 14 00 02
-4.20035437E-01 2020 11 14 14 05 02
-4.03013680E-01 2020 11 14 14 10 02
-3.28065304E-01 2020 11 14 14 15 02
-3.47856062E-01 2020 11 14 14 20 02
-3.21076965E-01 2020 11 14 14 25 02
-2.73459783E-01 2020 11 14 14 30 03
-2.20316013E-01 2020 11 14 14 35 02
-1.54957427E-01 2020 11 14 14 40 02
-1.78539169E-01 2020 11 14 14 45 02
-2.08509760E-01 2020 11 14 14 50 02
-1.49752996E-01 2020 11 14 14 55 03
-1.72515066E-01 2020 11 14 15 00 02
-1.71337485E-01 2020 11 14 15 05 02
-1.78227624E-01 2020 11 14 15 10 02
-1.65689952E-01 2020 11 14 15 15 02
-1.88203980E-01 2020 11 14 15 20 03
-1.81879324E-01 2020 11 14 15 25 02
-1.66658310E-01 2020 11 14 15 30 02
-2.12869001E-01 2020 11 14 15 35 02
-2.41422465E-01 2020 11 14 15 40 02
-1.44411892E-01 2020 11 14 15 45 03
-1.34076026E-01 2020 11 14 15 50 02
-1.39907843E-01 2020 11 14 15 55 02
-1.15258487E-01 2020 11 14 16 00 02
-2.76803279E-02 2020 11 14 16 05 02
-6.22950914E-02 2020 11 14 16 10 03
-5.00195672E-02 2020 11 14 16 15 02
-1.11576989E-02 2020 11 14 16 20 02
-4.64237681E-02 2020 11 14 16 25 02
-6.16805906E-02 2020 11 14 16 30 02
+2.18876403E-02 2020 11 14 16 35 03
-7.07420080E-03 2020 11 14 16 40 02
-4.99828369E-02 2020 11 14 16 45 02
-8.36035077E-02 2020 11 14 16 50 02
-7.80291379E-03 2020 11 14 16 55 02
-6.60265081E-02 2020 11 14 17 00 03
+1.63477232E-03 2020 11 14 17 05 02
-4.93279213E-02 2020 11 14 17 10 02
-3.74415318E-02 2020 11 14 17 15 02
+1.32379496E-02 2020 11 14 17 20 02
+4.50003918E-02 2020 11 14 17 25 03
+6.20098107E-03 2020 11 14 17 30 02
+1.09274163E-01 2020 11 14 17 35 02
-2.30238552E-02 2020 11 14 17 40 02
-4.16146494E-03 2020 11 14 17 45 02
+1.16665987E-01 2020 11 14 17 50 02
+1.06863136E-01 2020 11 14 17 55 02
+2.74326237E-03 2020 11 14 18 00 02
-5.97865890E-02 2020 11 14 18 05 02
-4.57272996E-02 2020 11 14 18 10 02
-1.53321211E-02 2020 11 14 18 15 02
+1.86593241E-02 2020 11 14 18 20 02
+5.99208712E-03 2020 11 14 18 25 02
-7.16165300E-02 2020 11 14 18 30 02
-1.46121265E-01 2020 11 14 18 35 02
-6.53615545E-02 2020 11 14 18 40 02
-1.44719960E-01 2020 11 14 18 45 02
-1.24679486E-01 2020 11 14 18 50 02
-1.05836933E-01 2020 11 14 18 55 02
-1.21505919E-01 2020 11 14 19 00 02
-1.13441685E-01 2020 11 14 19 05 02
-2.57778072E-01 2020 11 14 19 10 02
-1.30349741E-01 2020 11 14 19 15 02
-1.97675269E-01 2020 11 14 19 20 02
-2.08942025E-01 2020 11 14 19 25 02
-2.02444097E-01 2020 11 14 19 30 02
-2.81230600E-01 2020 11 14 19 35 02
-2.91335820E-01 2020 11 14 19 40 02
-3.39197593E-01 2020 11 14 19 45 02
-3.47659702E-01 2020 11 14 19 50 02
-3.10418218E-01 2020 11 14 19 55 02
-3.97088102E-01 2020 11 14 20 00 02
-4.49194356E-01 2020 11 14 20 05 02
-4.57577934E-01 2020 11 14 20 10 02
-5.08115289E-01 2020 11 14 20 15 02
-5.13469382E-01 2020 11 14 20 20 02
-5.51110314E-01 2020 11 14 20 25 02
-5.90860994E-01 2020 11 14 20 30 02
-5.04897294E-01 2020 11 14 20 35 02
-6.46302433E-01 2020 11 14 20 40 02
-6.84094978E-01 2020 11 14 20 45 02
-6.81500762E-01 2020 11 14 20 50 02
-6.83604351E-01 2020 11 14 20 55 02
-7.72388102E-01 2020 11 14 21 00 02
-8.47978026E-01 2020 11 14 21 05 02
-8.31021300E-01 2020 11 14 21 10 02
-7.45873238E-01 2020 11 14 21 15 02
-8.78035225E-01 2020 11 14 21 20 03
-8.58911373E-01 2020 11 14 21 25 02
-9.03354260E-01 2020 11 14 21 30 02
-9.11468535E-01 2020 11 14 21 35 02
-9.77648233E-01 2020 11 14 21 40 02
-9.60588687E-01 2020 11 14 21 45 03
-9.98657912E-01 2020 11 14 21 50 02
-1.03990718E+00 2020 11 14 21 55 02
-1.03984751E+00 2020 11 14 22 00 02
-1.03819592E+00 2020 11 14 22 05 02
-1.11252023E+00 2020 11 14 22 10 03
-1.12648713E+00 2020 11 14 22 15 02
-1.21601872E+00 2020 11 14 22 20 02
-1.23693771E+00 2020 11 14 22 25 02
-1.17191693E+00 2020 11 14 22 30 02
-1.15522620E+00 2020 11 14 22 35 03
-1.15313805E+00 2020 11 14 22 40 02
-1.16449972E+00 2020 11 14 22 45 02
-1.18941130E+00 2020 11 14 22 50 02
-1.17683390E+00 2020 11 14 22 55 02
-1.17826184E+00 2020 11 14 23 00 03
-1.14629120E+00 2020 11 14 23 05 02
-1.16941213E+00 2020 11 14 23 10 02
-1.19724694E+00 2020 11 14 23 15 02
-1.21243056E+00 2020 11 14 23 20 02
-1.21863734E+00 2020 11 14 23 25 03
-1.26621983E+00 2020 11 14 23 30 02
-1.24683082E+00 2020 11 14 23 35 02
-1.21686997E+00 2020 11 14 23 40 02
-1.18029686E+00 2020 11 14 23 45 02
-1.17421352E+00 2020 11 14 23 50 03
-1.13962667E+00 2020 11 14 23 55 02
