-4.00238133E-01 2020 11 10 00 00 02
-3.75764402E-01 2020 11 10 00 05 02
-4.05796115E-01 2020 11 10 00 10 02
-4.12340861E-01 2020 11 10 00 15 03
-3.43870136E-01 2020 11 10 00 20 02
-3.86762912E-01 2020 11 10 00 25 02
-3.93985603E-01 2020 11 10 00 30 02
-3.87920692E-01 2020 11 10 00 35 02
-3.97111574E-01 2020 11 10 00 40 03
-4.07149909E-01 2020 11 10 00 45 02
-4.28175135E-01 2020 11 10 00 50 02
-4.35172636E-01 2020 11 10 00 55 02
-4.40503942E-01 2020 11 10 01 00 02
-4.37712057E-01 2020 11 10 01 05 03
-3.45872692E-01 2020 11 10 01 10 02
-3.29050183E-01 2020 11 10 01 15 02
-3.84124060E-01 2020 11 10 01 20 02
-4.01910070E-01 2020 11 10 01 25 02
-3.76525210E-01 2020 11 10 01 30 02
-3.90872253E-01 2020 11 10 01 35 02
-4.14250046E-01 2020 11 10 01 40 02
-4.00429211E-01 2020 11 10 01 45 02
-3.99168788E-01 2020 11 10 01 50 02
-4.06163788E-01 2020 11 10 01 55 02
-3.91737351E-01 2020 11 10 02 00 02
-3.85842399E-01 2020 11 10 02 05 02
-3.82472187E-01 2020 11 10 02 10 02
-3.75574871E-01 2020 11 10 02 15 02
-3.78309082E-01 2020 11 10 02 20 02
-3.60823101E-01 2020 11 10 02 25 02
-3.50312240E-01 2020 11 10 02 30 02
-3.57361932E-01 2020 11 10 02 35 02
-3.12061602E-01 2020 11 10 02 40 02
-3.09517312E-01 2020 11 10 02 45 03
-4.15317698E-01 2020 11 10 02 50 02
-3.12031589E-01 2020 11 10 02 55 02
-3.10529080E-01 2020 11 10 03 00 02
-3.14680653E-01 2020 11 10 03 05 02
-3.89082037E-01 2020 11 10 03 10 03
-4.19943929E-01 2020 11 10 03 15 02
-4.40938981E-01 2020 11 10 03 20 02
-4.27563649E-01 2020 11 10 03 25 02
-3.73204168E-01 2020 11 10 03 30 02
-3.76669815E-01 2020 11 10 03 35 02
-3.72576802E-01 2020 11 10 03 40 02
-4.46271989E-01 2020 11 10 03 45 02
-4.49057186E-01 2020 11 10 03 50 02
-4.35271490E-01 2020 11 10 03 55 02
-4.40781456E-01 2020 11 10 04 00 02
-4.24712082E-01 2020 11 10 04 05 02
-4.31359704E-01 2020 11 10 04 10 02
-4.30737922E-01 2020 11 10 04 15 02
-4.03527323E-01 2020 11 10 04 20 02
-4.34903087E-01 2020 11 10 04 25 02
-4.61869324E-01 2020 11 10 04 30 02
-4.79567575E-01 2020 11 10 04 35 02
-4.76353947E-01 2020 11 10 04 40 02
-4.89499346E-01 2020 11 10 04 45 02
-4.82323229E-01 2020 11 10 04 50 03
-4.83900693E-01 2020 11 10 04 55 02
-4.80755635E-01 2020 11 10 05 00 02
-4.71835507E-01 2020 11 10 05 05 02
-4.65781707E-01 2020 11 10 05 10 02
-5.08264839E-01 2020 11 10 05 15 02
-4.32399610E-01 2020 11 10 05 20 02
-5.08180860E-01 2020 11 10 05 25 02
-4.97245527E-01 2020 11 10 05 30 02
-5.07371923E-01 2020 11 10 05 35 02
-5.29075911E-01 2020 11 10 05 40 02
-5.87012672E-01 2020 11 10 05 45 02
-5.39899201E-01 2020 11 10 05 50 02
-5.45562076E-01 2020 11 10 05 55 02
-5.50388152E-01 2020 11 10 06 00 02
-5.72504254E-01 2020 11 10 06 05 02
-4.84513060E-01 2020 11 10 06 10 02
-5.66411604E-01 2020 11 10 06 15 02
-5.60827167E-01 2020 11 10 06 20 02
-5.82698665E-01 2020 11 10 06 25 02
-6.84009807E-01 2020 11 10 06 30 02
-5.66895003E-01 2020 11 10 06 35 02
-5.91286754E-01 2020 11 10 06 40 03
-6.06687029E-01 2020 11 10 06 45 02
-6.23244977E-01 2020 11 10 06 50 02
-6.36176977E-01 2020 11 10 06 55 02
-6.88594916E-01 2020 11 10 07 00 02
-7.20280770E-01 2020 11 10 07 05 03
-6.63996892E-01 2020 11 10 07 10 02
-7.22961236E-01 2020 11 10 07 15 02
-6.59549193E-01 2020 11 10 07 20 02
-7.16808045E-01 2020 11 10 07 25 02
-7.57066242E-01 2020 11 10 07 30 03
-6.85465287E-01 2020 11 10 07 35 02
-7.92437393E-01 2020 11 10 07 40 02
-8.37194436E-01 2020 11 10 07 45 02
-8.54748602E-01 2020 11 10 07 50 02
-8.71344229E-01 2020 11 10 07 55 03
-7.95567144E-01 2020 11 10 08 00 02
-9.61937128E-01 2020 11 10 08 05 02
-8.39424096E-01 2020 11 10 08 10 02
-8.78454565E-01 2020 11 10 08 15 02
-8.80408486E-01 2020 11 10 08 20 02
-8.42162635E-01 2020 11 10 08 25 02
-8.45388710E-01 2020 11 10 08 30 02
-8.38288342E-01 2020 11 10 08 35 02
-8.61872595E-01 2020 11 10 08 40 02
-9.47678753E-01 2020 11 10 08 45 02
-8.73411525E-01 2020 11 10 08 50 02
-9.30636215E-01 2020 11 10 08 55 02
-8.68041889E-01 2020 11 10 09 00 02
-8.85661790E-01 2020 11 10 09 05 02
-8.08689605E-01 2020 11 10 09 10 02
-8.94395762E-01 2020 11 10 09 15 02
-8.70545047E-01 2020 11 10 09 20 02
-8.79821714E-01 2020 11 10 09 25 02
-8.51780889E-01 2020 11 10 09 30 02
-8.74870243E-01 2020 11 10 09 35 02
-8.00399615E-01 2020 11 10 09 40 02
-8.05564098E-01 2020 11 10 09 45 02
-7.62883149E-01 2020 11 10 09 50 02
-7.52583889E-01 2020 11 10 09 55 02
-6.89492900E-01 2020 11 10 10 00 02
-6.46835686E-01 2020 11 10 10 05 02
-6.75978274E-01 2020 11 10 10 10 02
-6.50179392E-01 2020 11 10 10 15 02
-5.87585558E-01 2020 11 10 10 20 02
-5.50843877E-01 2020 11 10 10 25 02
-5.35774978E-01 2020 11 10 10 30 02
-5.06253601E-01 2020 11 10 10 35 02
-4.69764526E-01 2020 11 10 10 40 02
-4.55840043E-01 2020 11 10 10 45 02
-3.66150590E-01 2020 11 10 10 50 02
-2.96402639E-01 2020 11 10 10 55 02
-2.88039867E-01 2020 11 10 11 00 02
-1.71272783E-01 2020 11 10 11 05 02
-1.36953181E-01 2020 11 10 11 10 02
-1.16511226E-01 2020 11 10 11 15 02
-1.13434549E-01 2020 11 10 11 20 02
-3.46404970E-04 2020 11 10 11 25 03
-6.01488179E-02 2020 11 10 11 30 02
+6.79320115E-02 2020 11 10 11 35 02
+3.33624743E-02 2020 11 10 11 40 02
-1.76025328E-02 2020 11 10 11 45 02
+8.78031874E-02 2020 11 10 11 50 03
+2.99384317E-02 2020 11 10 11 55 02
+1.10391299E-01 2020 11 10 12 00 02
+2.19731384E-01 2020 11 10 12 05 02
+2.25939621E-01 2020 11 10 12 10 02
+1.73372496E-01 2020 11 10 12 15 03
+1.42122452E-01 2020 11 10 12 20 02
+1.30377829E-01 2020 11 10 12 25 02
+2.00927797E-01 2020 11 10 12 30 02
+2.59852476E-01 2020 11 10 12 35 02
+2.87552780E-01 2020 11 10 12 40 03
+3.07092652E-01 2020 11 10 12 45 02
+2.72922516E-01 2020 11 10 12 50 02
+3.39000889E-01 2020 11 10 12 55 02
+2.72891049E-01 2020 11 10 13 00 02
+3.18425433E-01 2020 11 10 13 05 03
+3.36165602E-01 2020 11 10 13 10 02
+3.57480257E-01 2020 11 10 13 15 02
+5.03408710E-01 2020 11 10 13 20 02
+4.43331234E-01 2020 11 10 13 25 02
+4.00429322E-01 2020 11 10 13 30 03
+2.83489902E-01 2020 11 10 13 35 02
+3.69941163E-01 2020 11 10 13 40 02
+3.40029667E-01 2020 11 10 13 45 02
+2.92563479E-01 2020 11 10 13 50 02
+3.07520496E-01 2020 11 10 13 55 03
+3.43931400E-01 2020 11 10 14 00 02
+3.27620790E-01 2020 11 10 14 05 02
+3.22734005E-01 2020 11 10 14 10 02
+2.50054433E-01 2020 11 10 14 15 02
+3.33274959E-01 2020 11 10 14 20 03
+3.12924451E-01 2020 11 10 14 25 02
+2.77426309E-01 2020 11 10 14 30 02
+2.37188741E-01 2020 11 10 14 35 02
+2.47910308E-01 2020 11 10 14 40 02
+2.31336210E-01 2020 11 10 14 45 03
+2.56465644E-01 2020 11 10 14 50 02
+1.97715131E-01 2020 11 10 14 55 02
+1.95873619E-01 2020 11 10 15 00 02
+2.06417850E-01 2020 11 10 15 05 02
+1.42363496E-01 2020 11 10 15 10 02
+9.59052623E-02 2020 11 10 15 15 02
+1.50947960E-02 2020 11 10 15 20 02
+3.15246830E-02 2020 11 10 15 25 02
+1.60175390E-01 2020 11 10 15 30 02
+1.79576243E-01 2020 11 10 15 35 02
+4.30555346E-02 2020 11 10 15 40 02
-3.23821739E-02 2020 11 10 15 45 02
-1.83770229E-02 2020 11 10 15 50 02
-7.17491950E-02 2020 11 10 15 55 02
-7.20739292E-02 2020 11 10 16 00 02
-1.13702653E-01 2020 11 10 16 05 02
-1.62640721E-01 2020 11 10 16 10 02
-1.12010701E-01 2020 11 10 16 15 02
-1.08811478E-01 2020 11 10 16 20 02
-2.32098151E-01 2020 11 10 16 25 02
-1.79311248E-01 2020 11 10 16 30 02
-2.13814577E-01 2020 11 10 16 35 02
-1.59809345E-01 2020 11 10 16 40 02
-1.46818558E-01 2020 11 10 16 45 02
-2.44255567E-01 2020 11 10 16 50 02
-2.45479436E-01 2020 11 10 16 55 02
-3.42984324E-01 2020 11 10 17 00 03
-3.90850029E-01 2020 11 10 17 05 02
-3.83056448E-01 2020 11 10 17 10 02
-3.99652220E-01 2020 11 10 17 15 02
-3.84027099E-01 2020 11 10 17 20 02
-3.68056609E-01 2020 11 10 17 25 03
-4.55069989E-01 2020 11 10 17 30 02
-3.71338862E-01 2020 11 10 17 35 02
-3.26339750E-01 2020 11 10 17 40 02
-3.97413055E-01 2020 11 10 17 45 02
-4.80483349E-01 2020 11 10 17 50 03
-3.98399330E-01 2020 11 10 17 55 02
-4.53397722E-01 2020 11 10 18 00 02
-4.45756780E-01 2020 11 10 18 05 02
-5.40938513E-01 2020 11 10 18 10 02
-4.50337706E-01 2020 11 10 18 15 03
-4.94098246E-01 2020 11 10 18 20 02
-5.68473102E-01 2020 11 10 18 25 02
-4.53017597E-01 2020 11 10 18 30 02
-5.12311324E-01 2020 11 10 18 35 02
-5.70082454E-01 2020 11 10 18 40 02
-5.37450316E-01 2020 11 10 18 45 02
-5.85586263E-01 2020 11 10 18 50 02
-5.04201164E-01 2020 11 10 18 55 02
-5.48898612E-01 2020 11 10 19 00 02
-5.11554294E-01 2020 11 10 19 05 02
-6.47137760E-01 2020 11 10 19 10 02
-5.27974167E-01 2020 11 10 19 15 02
-6.23033141E-01 2020 11 10 19 20 02
-5.85610431E-01 2020 11 10 19 25 02
-5.98136442E-01 2020 11 10 19 30 02
-6.37631159E-01 2020 11 10 19 35 02
-5.77131737E-01 2020 11 10 19 40 02
-6.71198447E-01 2020 11 10 19 45 02
-7.29036208E-01 2020 11 10 19 50 02
-6.24892088E-01 2020 11 10 19 55 02
-6.59916479E-01 2020 11 10 20 00 02
-6.70402577E-01 2020 11 10 20 05 02
-6.21626309E-01 2020 11 10 20 10 02
-6.86519746E-01 2020 11 10 20 15 02
-7.21481371E-01 2020 11 10 20 20 02
-6.72799928E-01 2020 11 10 20 25 02
-7.08537433E-01 2020 11 10 20 30 03
-6.50244202E-01 2020 11 10 20 35 02
-7.14443052E-01 2020 11 10 20 40 02
-6.70310012E-01 2020 11 10 20 45 02
-6.68757396E-01 2020 11 10 20 50 02
-6.29310472E-01 2020 11 10 20 55 03
-7.09364261E-01 2020 11 10 21 00 02
-6.60738394E-01 2020 11 10 21 05 02
-7.33274747E-01 2020 11 10 21 10 02
-7.02253901E-01 2020 11 10 21 15 02
-6.92256285E-01 2020 11 10 21 20 02
-6.59525605E-01 2020 11 10 21 25 02
-7.01553182E-01 2020 11 10 21 30 02
-6.77813935E-01 2020 11 10 21 35 02
-7.02336020E-01 2020 11 10 21 40 02
-6.85294750E-01 2020 11 10 21 45 02
-7.39561303E-01 2020 11 10 21 50 02
-6.41440274E-01 2020 11 10 21 55 02
-6.77014802E-01 2020 11 10 22 00 02
-6.81596351E-01 2020 11 10 22 05 02
-6.88930992E-01 2020 11 10 22 10 02
-5.95177021E-01 2020 11 10 22 15 02
-6.27319424E-01 2020 11 10 22 20 02
-6.37812278E-01 2020 11 10 22 25 02
-6.90130626E-01 2020 11 10 22 30 02
-6.11379739E-01 2020 11 10 22 35 02
-5.97628129E-01 2020 11 10 22 40 02
-5.33352850E-01 2020 11 10 22 45 03
-6.26641573E-01 2020 11 10 22 50 02
-5.17089872E-01 2020 11 10 22 55 02
-5.63980364E-01 2020 11 10 23 00 02
-5.27368321E-01 2020 11 10 23 05 02
-5.33431607E-01 2020 11 10 23 10 03
-5.03574711E-01 2020 11 10 23 15 02
-5.08840768E-01 2020 11 10 23 20 02
-4.96868059E-01 2020 11 10 23 25 02
-4.84629325E-01 2020 11 10 23 30 02
-4.97187838E-01 2020 11 10 23 35 03
-5.15810809E-01 2020 11 10 23 40 02
-4.66440616E-01 2020 11 10 23 45 02
-4.57302149E-01 2020 11 10 23 50 02
-4.46458638E-01 2020 11 10 23 55 02
