-7.52055489E-01 2020 11 13 00 00 02
-7.89243563E-01 2020 11 13 00 05 02
-7.72946485E-01 2020 11 13 00 10 02
-7.17959936E-01 2020 11 13 00 15 03
-6.82952823E-01 2020 11 13 00 20 02
-7.39767609E-01 2020 11 13 00 25 02
-7.07032585E-01 2020 11 13 00 30 02
-6.64404983E-01 2020 11 13 00 35 02
-6.59925818E-01 2020 11 13 00 40 03
-6.26298046E-01 2020 11 13 00 45 02
-6.18941458E-01 2020 11 13 00 50 02
-5.54862862E-01 2020 11 13 00 55 02
-4.91209547E-01 2020 11 13 01 00 02
-5.22433276E-01 2020 11 13 01 05 02
-5.50041205E-01 2020 11 13 01 10 02
-5.59372273E-01 2020 11 13 01 15 02
-5.16001756E-01 2020 11 13 01 20 02
-4.84435479E-01 2020 11 13 01 25 02
-4.76441222E-01 2020 11 13 01 30 02
-4.54973431E-01 2020 11 13 01 35 02
-4.27390961E-01 2020 11 13 01 40 02
-3.97539473E-01 2020 11 13 01 45 02
-3.63236846E-01 2020 11 13 01 50 02
-3.52011440E-01 2020 11 13 01 55 02
-2.76810207E-01 2020 11 13 02 00 02
-3.07583759E-01 2020 11 13 02 05 02
-3.38273028E-01 2020 11 13 02 10 02
-3.14854788E-01 2020 11 13 02 15 02
-2.74997116E-01 2020 11 13 02 20 02
-2.06941818E-01 2020 11 13 02 25 02
-1.99401544E-01 2020 11 13 02 30 02
-2.25224503E-01 2020 11 13 02 35 02
-1.91362553E-01 2020 11 13 02 40 02
-1.37202022E-01 2020 11 13 02 45 02
-1.24458633E-01 2020 11 13 02 50 02
-1.31882744E-01 2020 11 13 02 55 02
-9.53673300E-02 2020 11 13 03 00 02
-8.08553132E-02 2020 11 13 03 05 02
-6.36230943E-02 2020 11 13 03 10 02
-7.08650648E-02 2020 11 13 03 15 02
-5.54742737E-02 2020 11 13 03 20 02
-4.56200166E-02 2020 11 13 03 25 02
-2.45784301E-02 2020 11 13 03 30 02
+2.02604140E-02 2020 11 13 03 35 02
+4.92446014E-02 2020 11 13 03 40 02
+2.89954871E-02 2020 11 13 03 45 02
+2.39947220E-02 2020 11 13 03 50 02
+1.15340446E-02 2020 11 13 03 55 02
+3.10744745E-02 2020 11 13 04 00 02
+4.99870363E-02 2020 11 13 04 05 02
+5.10599665E-02 2020 11 13 04 10 02
+4.03389558E-02 2020 11 13 04 15 02
+5.45858471E-02 2020 11 13 04 20 02
+7.01739126E-02 2020 11 13 04 25 02
+5.47030240E-02 2020 11 13 04 30 02
+7.31416899E-02 2020 11 13 04 35 02
+4.88764025E-02 2020 11 13 04 40 02
+4.85513977E-02 2020 11 13 04 45 02
+5.42135003E-02 2020 11 13 04 50 02
+1.43432105E-02 2020 11 13 04 55 02
+1.10530187E-02 2020 11 13 05 00 02
+3.16028939E-02 2020 11 13 05 05 02
+1.96235637E-02 2020 11 13 05 10 02
+3.18304158E-02 2020 11 13 05 15 02
+4.44551438E-02 2020 11 13 05 20 02
+2.56379722E-02 2020 11 13 05 25 02
+1.85124672E-03 2020 11 13 05 30 02
+1.57800833E-02 2020 11 13 05 35 02
-3.19549362E-02 2020 11 13 05 40 02
-2.96654916E-02 2020 11 13 05 45 02
-4.97431328E-02 2020 11 13 05 50 03
-8.34486893E-02 2020 11 13 05 55 02
-1.15178778E-01 2020 11 13 06 00 02
-2.33030637E-02 2020 11 13 06 05 02
-3.45961057E-02 2020 11 13 06 10 02
-6.29522485E-02 2020 11 13 06 15 03
-4.01665820E-02 2020 11 13 06 20 02
-2.64187229E-02 2020 11 13 06 25 02
-1.35111236E-01 2020 11 13 06 30 02
-3.15477502E-02 2020 11 13 06 35 02
-1.26973378E-01 2020 11 13 06 40 03
-1.43915815E-01 2020 11 13 06 45 02
-1.57785546E-01 2020 11 13 06 50 02
-2.68314197E-01 2020 11 13 06 55 02
-1.95052259E-01 2020 11 13 07 00 02
-2.16989183E-01 2020 11 13 07 05 03
-2.46516036E-01 2020 11 13 07 10 02
-2.50996807E-01 2020 11 13 07 15 02
-3.28441046E-01 2020 11 13 07 20 02
-3.38418314E-01 2020 11 13 07 25 02
-4.25897923E-01 2020 11 13 07 30 03
-4.16068326E-01 2020 11 13 07 35 02
-4.62236422E-01 2020 11 13 07 40 02
-4.93883607E-01 2020 11 13 07 45 02
-6.52969214E-01 2020 11 13 07 50 02
-6.96466579E-01 2020 11 13 07 55 03
-7.26449006E-01 2020 11 13 08 00 02
-7.53799221E-01 2020 11 13 08 05 02
-8.20596144E-01 2020 11 13 08 10 02
-8.29303205E-01 2020 11 13 08 15 02
-9.49704215E-01 2020 11 13 08 20 02
-9.87704541E-01 2020 11 13 08 25 02
-1.07399589E+00 2020 11 13 08 30 02
-1.11151466E+00 2020 11 13 08 35 02
-1.04032087E+00 2020 11 13 08 40 02
-1.01985243E+00 2020 11 13 08 45 02
-1.05809840E+00 2020 11 13 08 50 02
-1.08738218E+00 2020 11 13 08 55 02
-1.16585103E+00 2020 11 13 09 00 02
-1.25054671E+00 2020 11 13 09 05 02
-1.31269695E+00 2020 11 13 09 10 02
-1.42160308E+00 2020 11 13 09 15 02
-1.35450429E+00 2020 11 13 09 20 03
-1.27380859E+00 2020 11 13 09 25 02
-1.35196613E+00 2020 11 13 09 30 02
-1.36178336E+00 2020 11 13 09 35 02
-1.34471100E+00 2020 11 13 09 40 02
-1.61318962E+00 2020 11 13 09 45 02
-1.48440361E+00 2020 11 13 09 50 02
-1.41465257E+00 2020 11 13 09 55 02
-1.41445207E+00 2020 11 13 10 00 02
-1.43801059E+00 2020 11 13 10 05 02
-1.57598154E+00 2020 11 13 10 10 02
-1.41367120E+00 2020 11 13 10 15 02
-1.49926691E+00 2020 11 13 10 20 02
-1.46597107E+00 2020 11 13 10 25 02
-1.43347474E+00 2020 11 13 10 30 02
-1.48740431E+00 2020 11 13 10 35 02
-1.44842269E+00 2020 11 13 10 40 02
-1.34623722E+00 2020 11 13 10 45 02
-1.42763128E+00 2020 11 13 10 50 02
-1.30306132E+00 2020 11 13 10 55 02
-1.29647888E+00 2020 11 13 11 00 02
-1.21977567E+00 2020 11 13 11 05 02
-1.32688753E+00 2020 11 13 11 10 02
-1.33510193E+00 2020 11 13 11 15 02
-1.26035525E+00 2020 11 13 11 20 02
-1.33689007E+00 2020 11 13 11 25 02
-1.24248952E+00 2020 11 13 11 30 02
-1.28554427E+00 2020 11 13 11 35 02
-1.08350970E+00 2020 11 13 11 40 02
-1.06740260E+00 2020 11 13 11 45 02
-9.54006141E-01 2020 11 13 11 50 02
-1.01865623E+00 2020 11 13 11 55 02
-9.06594851E-01 2020 11 13 12 00 02
-8.76968513E-01 2020 11 13 12 05 02
-8.04716220E-01 2020 11 13 12 10 02
-7.64325613E-01 2020 11 13 12 15 02
-7.50960149E-01 2020 11 13 12 20 02
-7.62235183E-01 2020 11 13 12 25 02
-7.03900287E-01 2020 11 13 12 30 02
-5.61448702E-01 2020 11 13 12 35 02
-5.07929014E-01 2020 11 13 12 40 02
-4.90534320E-01 2020 11 13 12 45 02
-3.35800242E-01 2020 11 13 12 50 02
-3.91837156E-01 2020 11 13 12 55 02
-3.83754392E-01 2020 11 13 13 00 02
-3.36308677E-01 2020 11 13 13 05 02
-2.64327883E-01 2020 11 13 13 10 02
-3.30176893E-01 2020 11 13 13 15 02
-2.91502506E-01 2020 11 13 13 20 02
-2.29041901E-01 2020 11 13 13 25 02
-2.25552152E-01 2020 11 13 13 30 02
-2.51143350E-01 2020 11 13 13 35 02
-3.22204695E-01 2020 11 13 13 40 02
-1.91079474E-01 2020 11 13 13 45 02
-1.26711897E-01 2020 11 13 13 50 02
-1.53910272E-01 2020 11 13 13 55 02
-1.14788719E-01 2020 11 13 14 00 02
-9.22137180E-02 2020 11 13 14 05 02
-6.80871838E-02 2020 11 13 14 10 02
-7.95479541E-02 2020 11 13 14 15 02
-5.01231076E-02 2020 11 13 14 20 03
-2.81900923E-02 2020 11 13 14 25 02
-3.02894652E-02 2020 11 13 14 30 02
-7.51422521E-02 2020 11 13 14 35 02
-5.31276924E-02 2020 11 13 14 40 02
-5.11499014E-02 2020 11 13 14 45 03
-2.73144353E-02 2020 11 13 14 50 02
+7.04165261E-02 2020 11 13 14 55 02
+3.88402299E-02 2020 11 13 15 00 02
+1.21856236E-01 2020 11 13 15 05 02
+2.09708310E-01 2020 11 13 15 10 03
+9.25362532E-02 2020 11 13 15 15 02
+2.51257736E-02 2020 11 13 15 20 02
+4.32590561E-02 2020 11 13 15 25 02
+7.45923997E-02 2020 11 13 15 30 02
+8.01734185E-02 2020 11 13 15 35 03
+3.35688878E-02 2020 11 13 15 40 02
+1.76751072E-02 2020 11 13 15 45 02
-6.87406369E-02 2020 11 13 15 50 02
+1.91538680E-02 2020 11 13 15 55 02
+5.93189182E-02 2020 11 13 16 00 03
+4.46070822E-02 2020 11 13 16 05 02
+6.28257913E-02 2020 11 13 16 10 02
-8.03014050E-02 2020 11 13 16 15 02
+9.57088745E-02 2020 11 13 16 20 02
+4.99535007E-02 2020 11 13 16 25 03
-1.57918515E-02 2020 11 13 16 30 02
+3.78707995E-02 2020 11 13 16 35 02
+1.61218316E-02 2020 11 13 16 40 02
+6.68526220E-03 2020 11 13 16 45 02
+1.03777782E-02 2020 11 13 16 50 03
+1.00283008E-01 2020 11 13 16 55 02
+4.71187201E-02 2020 11 13 17 00 02
+2.23503742E-02 2020 11 13 17 05 02
+3.64378866E-02 2020 11 13 17 10 02
+2.96842239E-02 2020 11 13 17 15 03
-6.33579382E-03 2020 11 13 17 20 02
-9.98934823E-02 2020 11 13 17 25 02
-2.11868798E-02 2020 11 13 17 30 02
+2.08969192E-02 2020 11 13 17 35 02
-3.16986798E-02 2020 11 13 17 40 03
+1.52650868E-02 2020 11 13 17 45 02
-5.08655717E-02 2020 11 13 17 50 02
-1.11805193E-01 2020 11 13 17 55 02
-9.96441728E-02 2020 11 13 18 00 02
-1.38351482E-01 2020 11 13 18 05 03
-8.60097849E-02 2020 11 13 18 10 02
-1.53187459E-01 2020 11 13 18 15 02
-1.51575108E-01 2020 11 13 18 20 02
-1.47009164E-01 2020 11 13 18 25 02
-1.98006719E-01 2020 11 13 18 30 02
-3.41240248E-01 2020 11 13 18 35 02
-2.71570743E-01 2020 11 13 18 40 02
-2.63228042E-01 2020 11 13 18 45 02
-2.83491163E-01 2020 11 13 18 50 02
-3.69034053E-01 2020 11 13 18 55 02
-3.20494196E-01 2020 11 13 19 00 02
-3.18656331E-01 2020 11 13 19 05 02
-3.21908979E-01 2020 11 13 19 10 02
-2.87653029E-01 2020 11 13 19 15 02
-3.53084211E-01 2020 11 13 19 20 03
-4.18056734E-01 2020 11 13 19 25 02
-4.33079477E-01 2020 11 13 19 30 02
-3.65952620E-01 2020 11 13 19 35 02
-5.70114873E-01 2020 11 13 19 40 02
-5.17550823E-01 2020 11 13 19 45 03
-5.24905443E-01 2020 11 13 19 50 02
-5.78969220E-01 2020 11 13 19 55 02
-6.01270572E-01 2020 11 13 20 00 02
-5.54599366E-01 2020 11 13 20 05 02
-5.94106183E-01 2020 11 13 20 10 02
-7.07965483E-01 2020 11 13 20 15 02
-6.72478185E-01 2020 11 13 20 20 02
-6.63339840E-01 2020 11 13 20 25 02
-6.79098379E-01 2020 11 13 20 30 02
-6.87269185E-01 2020 11 13 20 35 02
-6.83090384E-01 2020 11 13 20 40 02
-7.33264409E-01 2020 11 13 20 45 02
-8.13843068E-01 2020 11 13 20 50 02
-8.19917153E-01 2020 11 13 20 55 02
-8.99359831E-01 2020 11 13 21 00 02
-8.58364956E-01 2020 11 13 21 05 02
-9.52923024E-01 2020 11 13 21 10 02
-9.12469066E-01 2020 11 13 21 15 02
-9.31986781E-01 2020 11 13 21 20 02
-9.53693957E-01 2020 11 13 21 25 02
-9.99919204E-01 2020 11 13 21 30 02
-9.84184795E-01 2020 11 13 21 35 02
-9.95116740E-01 2020 11 13 21 40 02
-1.05829836E+00 2020 11 13 21 45 02
-1.05801523E+00 2020 11 13 21 50 02
-1.04125513E+00 2020 11 13 21 55 02
-1.05955141E+00 2020 11 13 22 00 03
-1.06389076E+00 2020 11 13 22 05 02
-1.06794406E+00 2020 11 13 22 10 02
-1.03338167E+00 2020 11 13 22 15 02
-1.09662042E+00 2020 11 13 22 20 02
-1.09064936E+00 2020 11 13 22 25 03
-1.13580571E+00 2020 11 13 22 30 02
-1.18593246E+00 2020 11 13 22 35 02
-1.09935754E+00 2020 11 13 22 40 02
-1.06949047E+00 2020 11 13 22 45 02
-1.08007580E+00 2020 11 13 22 50 03
-1.03787550E+00 2020 11 13 22 55 02
-1.06051457E+00 2020 11 13 23 00 02
-1.09298128E+00 2020 11 13 23 05 02
-1.10555287E+00 2020 11 13 23 10 02
-1.05161351E+00 2020 11 13 23 15 03
-1.03513966E+00 2020 11 13 23 20 02
-1.03551051E+00 2020 11 13 23 25 02
-1.05387419E+00 2020 11 13 23 30 02
-1.03777535E+00 2020 11 13 23 35 02
-1.03041791E+00 2020 11 13 23 40 03
-1.00792935E+00 2020 11 13 23 45 02
-1.00689905E+00 2020 11 13 23 50 02
-9.62649750E-01 2020 11 13 23 55 02
