-1.58927259E+00 2020 11 02 00 00 02
-1.66239974E+00 2020 11 02 00 05 03
-1.55741260E+00 2020 11 02 00 10 02
-1.45503777E+00 2020 11 02 00 15 02
-1.47238323E+00 2020 11 02 00 20 02
-1.53738336E+00 2020 11 02 00 25 02
-1.51215168E+00 2020 11 02 00 30 02
-1.45061913E+00 2020 11 02 00 35 02
-1.33756987E+00 2020 11 02 00 40 02
-1.28888516E+00 2020 11 02 00 45 02
-1.29540406E+00 2020 11 02 00 50 02
-1.22947027E+00 2020 11 02 00 55 02
-1.20182514E+00 2020 11 02 01 00 02
-1.12299994E+00 2020 11 02 01 05 02
-1.09713969E+00 2020 11 02 01 10 02
-1.12112136E+00 2020 11 02 01 15 02
-1.06838318E+00 2020 11 02 01 20 02
-1.05784390E+00 2020 11 02 01 25 02
-1.03244610E+00 2020 11 02 01 30 02
-1.05671637E+00 2020 11 02 01 35 02
-1.02066005E+00 2020 11 02 01 40 02
-9.36343749E-01 2020 11 02 01 45 02
-9.64816820E-01 2020 11 02 01 50 02
-1.11715145E+00 2020 11 02 01 55 02
-1.09462000E+00 2020 11 02 02 00 02
-8.47160268E-01 2020 11 02 02 05 02
-6.52079106E-01 2020 11 02 02 10 02
-5.54930679E-01 2020 11 02 02 15 02
-4.97307018E-01 2020 11 02 02 20 02
-5.41297031E-01 2020 11 02 02 25 02
-6.74902025E-01 2020 11 02 02 30 02
-8.69439896E-01 2020 11 02 02 35 02
-9.30315720E-01 2020 11 02 02 40 02
-9.31299096E-01 2020 11 02 02 45 02
-1.06217375E+00 2020 11 02 02 50 02
-1.24961955E+00 2020 11 02 02 55 02
-1.34410204E+00 2020 11 02 03 00 02
-1.31785581E+00 2020 11 02 03 05 02
-1.27784074E+00 2020 11 02 03 10 02
-1.18903036E+00 2020 11 02 03 15 02
-1.02817318E+00 2020 11 02 03 20 02
-8.78848850E-01 2020 11 02 03 25 02
-6.45471546E-01 2020 11 02 03 30 02
-3.57311059E-01 2020 11 02 03 35 02
-2.64449658E-01 2020 11 02 03 40 02
-5.26266290E-01 2020 11 02 03 45 02
-6.59921083E-01 2020 11 02 03 50 02
-7.42644547E-01 2020 11 02 03 55 02
-7.65636651E-01 2020 11 02 04 00 02
-7.20818785E-01 2020 11 02 04 05 02
-6.96229925E-01 2020 11 02 04 10 02
-5.17452322E-01 2020 11 02 04 15 02
-3.85178238E-01 2020 11 02 04 20 02
-2.94403763E-01 2020 11 02 04 25 02
-2.84865329E-01 2020 11 02 04 30 02
-2.45223913E-01 2020 11 02 04 35 02
-2.03999370E-01 2020 11 02 04 40 02
-1.78377402E-01 2020 11 02 04 45 02
-1.44636928E-01 2020 11 02 04 50 03
-9.87574437E-02 2020 11 02 04 55 02
-9.97145220E-02 2020 11 02 05 00 02
-9.52118449E-02 2020 11 02 05 05 02
-4.10842645E-02 2020 11 02 05 10 02
-3.12094788E-02 2020 11 02 05 15 03
-1.58621959E-02 2020 11 02 05 20 02
+2.83098225E-02 2020 11 02 05 25 02
+7.62288081E-02 2020 11 02 05 30 02
+9.22256977E-02 2020 11 02 05 35 02
+1.12792849E-01 2020 11 02 05 40 03
+8.47826068E-02 2020 11 02 05 45 02
+1.09007699E-01 2020 11 02 05 50 02
+1.17301611E-01 2020 11 02 05 55 02
+1.26598976E-01 2020 11 02 06 00 02
+1.01291276E-01 2020 11 02 06 05 02
+1.88187678E-01 2020 11 02 06 10 02
+2.83623116E-01 2020 11 02 06 15 02
+1.78723112E-01 2020 11 02 06 20 02
+3.07249052E-01 2020 11 02 06 25 02
+2.36513167E-01 2020 11 02 06 30 02
+3.14111908E-01 2020 11 02 06 35 02
+2.58753172E-01 2020 11 02 06 40 02
+1.94869466E-01 2020 11 02 06 45 02
+1.74792893E-01 2020 11 02 06 50 02
+1.52870376E-01 2020 11 02 06 55 02
+1.52656398E-01 2020 11 02 07 00 02
+9.00877840E-02 2020 11 02 07 05 02
+8.75135467E-02 2020 11 02 07 10 02
+5.18425243E-02 2020 11 02 07 15 02
+8.41170692E-02 2020 11 02 07 20 02
+6.14823533E-02 2020 11 02 07 25 02
+1.84761900E-02 2020 11 02 07 30 03
-6.20841703E-02 2020 11 02 07 35 02
-9.01134140E-02 2020 11 02 07 40 02
-5.39667737E-02 2020 11 02 07 45 02
+2.30028366E-02 2020 11 02 07 50 02
-4.14595266E-02 2020 11 02 07 55 02
+4.30671810E-02 2020 11 02 08 00 02
+1.06245712E-02 2020 11 02 08 05 02
-2.91235610E-02 2020 11 02 08 10 02
-3.58838649E-02 2020 11 02 08 15 02
-9.99945823E-02 2020 11 02 08 20 02
-1.80216736E-01 2020 11 02 08 25 02
-1.22410040E-01 2020 11 02 08 30 02
-1.35300821E-01 2020 11 02 08 35 02
-1.77961726E-01 2020 11 02 08 40 02
-2.22285399E-01 2020 11 02 08 45 02
-2.78531593E-01 2020 11 02 08 50 02
-2.57508068E-01 2020 11 02 08 55 02
-2.77819881E-01 2020 11 02 09 00 02
-2.88689318E-01 2020 11 02 09 05 02
-2.77072877E-01 2020 11 02 09 10 02
-3.20745007E-01 2020 11 02 09 15 02
-2.86925461E-01 2020 11 02 09 20 02
-3.24837031E-01 2020 11 02 09 25 02
-3.24128314E-01 2020 11 02 09 30 02
-3.81589444E-01 2020 11 02 09 35 02
-3.81741228E-01 2020 11 02 09 40 02
-4.24262525E-01 2020 11 02 09 45 02
-4.14567732E-01 2020 11 02 09 50 02
-4.48876576E-01 2020 11 02 09 55 02
-4.39138382E-01 2020 11 02 10 00 03
-4.82929966E-01 2020 11 02 10 05 02
-4.93622895E-01 2020 11 02 10 10 02
-4.99923568E-01 2020 11 02 10 15 02
-5.32905616E-01 2020 11 02 10 20 02
-6.40836152E-01 2020 11 02 10 25 03
-5.71674871E-01 2020 11 02 10 30 02
-6.01271713E-01 2020 11 02 10 35 02
-5.99138356E-01 2020 11 02 10 40 02
-6.32680321E-01 2020 11 02 10 45 02
-6.14397023E-01 2020 11 02 10 50 03
-6.25898552E-01 2020 11 02 10 55 02
-6.67771492E-01 2020 11 02 11 00 02
-6.79622247E-01 2020 11 02 11 05 02
-7.41896967E-01 2020 11 02 11 10 02
-6.85358414E-01 2020 11 02 11 15 03
-7.82399416E-01 2020 11 02 11 20 02
-7.17525248E-01 2020 11 02 11 25 02
-7.47687772E-01 2020 11 02 11 30 02
-7.46382386E-01 2020 11 02 11 35 02
-7.32419253E-01 2020 11 02 11 40 02
-8.25717106E-01 2020 11 02 11 45 02
-7.59507699E-01 2020 11 02 11 50 02
-7.71415449E-01 2020 11 02 11 55 02
-7.87722063E-01 2020 11 02 12 00 02
-7.54436247E-01 2020 11 02 12 05 02
-8.03185361E-01 2020 11 02 12 10 02
-7.78906574E-01 2020 11 02 12 15 02
-7.69586410E-01 2020 11 02 12 20 02
-8.06464957E-01 2020 11 02 12 25 02
-8.94385109E-01 2020 11 02 12 30 02
-8.16560607E-01 2020 11 02 12 35 02
-8.13482951E-01 2020 11 02 12 40 03
-8.09862883E-01 2020 11 02 12 45 02
-7.99618310E-01 2020 11 02 12 50 02
-8.14676633E-01 2020 11 02 12 55 02
-8.32606825E-01 2020 11 02 13 00 02
-8.94837819E-01 2020 11 02 13 05 03
-8.38776118E-01 2020 11 02 13 10 02
-9.26215631E-01 2020 11 02 13 15 02
-8.94988738E-01 2020 11 02 13 20 02
-9.23675002E-01 2020 11 02 13 25 02
-9.05989798E-01 2020 11 02 13 30 03
-9.29947716E-01 2020 11 02 13 35 02
-9.01346069E-01 2020 11 02 13 40 02
-8.45495911E-01 2020 11 02 13 45 02
-8.24086491E-01 2020 11 02 13 50 02
-8.54012205E-01 2020 11 02 13 55 03
-8.24049147E-01 2020 11 02 14 00 02
-7.58367662E-01 2020 11 02 14 05 02
-8.11494848E-01 2020 11 02 14 10 02
-8.11087602E-01 2020 11 02 14 15 02
-7.51472062E-01 2020 11 02 14 20 02
-8.22593139E-01 2020 11 02 14 25 02
-7.84824113E-01 2020 11 02 14 30 02
-8.49073146E-01 2020 11 02 14 35 02
-8.08926240E-01 2020 11 02 14 40 02
-7.95854820E-01 2020 11 02 14 45 02
-8.58718400E-01 2020 11 02 14 50 02
-7.63514899E-01 2020 11 02 14 55 02
-7.96234448E-01 2020 11 02 15 00 02
-8.20144612E-01 2020 11 02 15 05 02
-7.94064357E-01 2020 11 02 15 10 02
-8.63478299E-01 2020 11 02 15 15 02
-8.12853935E-01 2020 11 02 15 20 02
-8.01281809E-01 2020 11 02 15 25 02
-7.14829534E-01 2020 11 02 15 30 02
-8.21312251E-01 2020 11 02 15 35 02
-7.58858733E-01 2020 11 02 15 40 02
-7.29545595E-01 2020 11 02 15 45 02
-7.58456489E-01 2020 11 02 15 50 02
-6.63624176E-01 2020 11 02 15 55 02
-6.57239200E-01 2020 11 02 16 00 02
-6.72314525E-01 2020 11 02 16 05 02
-6.68005464E-01 2020 11 02 16 10 03
-5.98626627E-01 2020 11 02 16 15 02
-6.33948644E-01 2020 11 02 16 20 02
-6.85332498E-01 2020 11 02 16 25 02
-5.90079544E-01 2020 11 02 16 30 02
-5.36528783E-01 2020 11 02 16 35 03
-5.14705745E-01 2020 11 02 16 40 02
-4.23588078E-01 2020 11 02 16 45 02
-4.94112742E-01 2020 11 02 16 50 02
-4.15925655E-01 2020 11 02 16 55 02
-4.57965145E-01 2020 11 02 17 00 03
-4.35680178E-01 2020 11 02 17 05 02
-4.36231480E-01 2020 11 02 17 10 02
-4.05044292E-01 2020 11 02 17 15 02
-4.19575652E-01 2020 11 02 17 20 02
-3.55014297E-01 2020 11 02 17 25 03
-3.83433808E-01 2020 11 02 17 30 02
-3.74902295E-01 2020 11 02 17 35 02
-3.31674802E-01 2020 11 02 17 40 02
-2.27491466E-01 2020 11 02 17 45 02
-2.93498983E-01 2020 11 02 17 50 02
-3.66784358E-01 2020 11 02 17 55 02
-3.13085042E-01 2020 11 02 18 00 02
-3.60807638E-01 2020 11 02 18 05 02
-3.27105157E-01 2020 11 02 18 10 02
-2.90604712E-01 2020 11 02 18 15 02
-2.79142821E-01 2020 11 02 18 20 02
-2.59573028E-01 2020 11 02 18 25 02
-1.79573153E-01 2020 11 02 18 30 02
-2.34269818E-01 2020 11 02 18 35 02
-3.12469001E-01 2020 11 02 18 40 02
-3.48780332E-01 2020 11 02 18 45 02
-2.74357375E-01 2020 11 02 18 50 02
-1.46380203E-01 2020 11 02 18 55 02
-2.00347316E-01 2020 11 02 19 00 02
-2.80973626E-01 2020 11 02 19 05 02
-3.34734236E-01 2020 11 02 19 10 02
-2.82945604E-01 2020 11 02 19 15 02
-3.44901502E-01 2020 11 02 19 20 02
-2.11596540E-01 2020 11 02 19 25 02
-3.02867873E-01 2020 11 02 19 30 02
-1.92719937E-01 2020 11 02 19 35 02
-4.82291638E-01 2020 11 02 19 40 02
-4.58252893E-01 2020 11 02 19 45 02
-3.88685102E-01 2020 11 02 19 50 02
-3.20651450E-01 2020 11 02 19 55 02
-3.00981073E-01 2020 11 02 20 00 02
-3.11674445E-01 2020 11 02 20 05 02
-4.30081238E-01 2020 11 02 20 10 02
-3.06533057E-01 2020 11 02 20 15 02
-4.03803843E-01 2020 11 02 20 20 02
-4.06625548E-01 2020 11 02 20 25 02
-4.04038641E-01 2020 11 02 20 30 03
-3.27896488E-01 2020 11 02 20 35 02
-2.87474397E-01 2020 11 02 20 40 02
-3.67777685E-01 2020 11 02 20 45 02
-4.23103408E-01 2020 11 02 20 50 02
-3.73620668E-01 2020 11 02 20 55 03
-4.35903747E-01 2020 11 02 21 00 02
-4.44074848E-01 2020 11 02 21 05 02
-4.26745641E-01 2020 11 02 21 10 02
-3.90809156E-01 2020 11 02 21 15 02
-5.16192872E-01 2020 11 02 21 20 02
-4.93540497E-01 2020 11 02 21 25 02
-6.10401662E-01 2020 11 02 21 30 02
-6.33158312E-01 2020 11 02 21 35 02
-6.25848049E-01 2020 11 02 21 40 02
-6.18376243E-01 2020 11 02 21 45 02
-6.80367003E-01 2020 11 02 21 50 02
-5.60790016E-01 2020 11 02 21 55 02
-6.82109996E-01 2020 11 02 22 00 02
-7.49177125E-01 2020 11 02 22 05 02
-7.05431688E-01 2020 11 02 22 10 02
-7.38016890E-01 2020 11 02 22 15 02
-7.92876477E-01 2020 11 02 22 20 02
-7.79421376E-01 2020 11 02 22 25 02
-7.67771579E-01 2020 11 02 22 30 02
-8.47344561E-01 2020 11 02 22 35 02
-8.21973564E-01 2020 11 02 22 40 02
-8.37684676E-01 2020 11 02 22 45 02
-8.85515436E-01 2020 11 02 22 50 02
-8.31174938E-01 2020 11 02 22 55 02
-8.67595824E-01 2020 11 02 23 00 02
-8.72790420E-01 2020 11 02 23 05 02
-9.30389073E-01 2020 11 02 23 10 02
-9.48603763E-01 2020 11 02 23 15 02
-9.21697630E-01 2020 11 02 23 20 02
-9.60330534E-01 2020 11 02 23 25 02
-1.04133194E+00 2020 11 02 23 30 02
-1.00693538E+00 2020 11 02 23 35 03
-1.02482156E+00 2020 11 02 23 40 02
-1.02442690E+00 2020 11 02 23 45 02
-1.02561657E+00 2020 11 02 23 50 02
-1.03102671E+00 2020 11 02 23 55 02
