-6.66665027E-01 2020 11 06 00 00 02
-6.97676856E-01 2020 11 06 00 05 02
-7.77868930E-01 2020 11 06 00 10 02
-8.32800631E-01 2020 11 06 00 15 02
-9.54229858E-01 2020 11 06 00 20 03
-8.31457875E-01 2020 11 06 00 25 02
-8.19793134E-01 2020 11 06 00 30 02
-7.82450202E-01 2020 11 06 00 35 02
-8.27026669E-01 2020 11 06 00 40 02
-8.28463930E-01 2020 11 06 00 45 03
-8.42253134E-01 2020 11 06 00 50 02
-8.43914241E-01 2020 11 06 00 55 02
-8.26158980E-01 2020 11 06 01 00 02
-8.65760535E-01 2020 11 06 01 05 02
-8.67169494E-01 2020 11 06 01 10 03
-9.06277076E-01 2020 11 06 01 15 02
-9.75923859E-01 2020 11 06 01 20 02
-9.05739966E-01 2020 11 06 01 25 02
-9.45795845E-01 2020 11 06 01 30 02
-9.37468449E-01 2020 11 06 01 35 03
-9.05809827E-01 2020 11 06 01 40 02
-9.34604293E-01 2020 11 06 01 45 02
-9.42408207E-01 2020 11 06 01 50 02
-9.35262296E-01 2020 11 06 01 55 02
-9.12809362E-01 2020 11 06 02 00 02
-9.31614241E-01 2020 11 06 02 05 02
-9.40813262E-01 2020 11 06 02 10 02
-9.61056671E-01 2020 11 06 02 15 02
-9.73979173E-01 2020 11 06 02 20 02
-1.03366349E+00 2020 11 06 02 25 02
-9.43208024E-01 2020 11 06 02 30 02
-9.22380642E-01 2020 11 06 02 35 02
-9.83147555E-01 2020 11 06 02 40 02
-1.01723255E+00 2020 11 06 02 45 02
-9.38790595E-01 2020 11 06 02 50 03
-9.55763851E-01 2020 11 06 02 55 02
-1.00503049E+00 2020 11 06 03 00 02
-1.02169194E+00 2020 11 06 03 05 02
-1.07270635E+00 2020 11 06 03 10 02
-1.02849183E+00 2020 11 06 03 15 02
-9.94402158E-01 2020 11 06 03 20 02
-1.00038799E+00 2020 11 06 03 25 02
-8.76666440E-01 2020 11 06 03 30 02
-9.85010646E-01 2020 11 06 03 35 02
-9.03900099E-01 2020 11 06 03 40 02
-9.22972043E-01 2020 11 06 03 45 02
-1.09492617E+00 2020 11 06 03 50 02
-1.02994466E+00 2020 11 06 03 55 02
-8.74130464E-01 2020 11 06 04 00 02
-8.13497148E-01 2020 11 06 04 05 02
-7.25384530E-01 2020 11 06 04 10 02
-6.77314527E-01 2020 11 06 04 15 02
-7.19828060E-01 2020 11 06 04 20 02
-7.78591346E-01 2020 11 06 04 25 02
-8.44320140E-01 2020 11 06 04 30 02
-7.92784602E-01 2020 11 06 04 35 02
-5.56121916E-01 2020 11 06 04 40 03
-7.96310253E-01 2020 11 06 04 45 02
-7.99239292E-01 2020 11 06 04 50 02
-5.44906773E-01 2020 11 06 04 55 02
-7.30910082E-01 2020 11 06 05 00 02
-8.68056892E-01 2020 11 06 05 05 03
-6.25027574E-01 2020 11 06 05 10 02
-5.70809052E-01 2020 11 06 05 15 02
-5.71234841E-01 2020 11 06 05 20 02
-5.80379522E-01 2020 11 06 05 25 02
-5.05584477E-01 2020 11 06 05 30 03
-5.19652643E-01 2020 11 06 05 35 02
-4.91070027E-01 2020 11 06 05 40 02
-4.46433423E-01 2020 11 06 05 45 02
-3.72150137E-01 2020 11 06 05 50 02
-5.40047933E-01 2020 11 06 05 55 03
-5.08881343E-01 2020 11 06 06 00 02
-4.69499714E-01 2020 11 06 06 05 02
-3.64258241E-01 2020 11 06 06 10 02
-3.25977721E-01 2020 11 06 06 15 02
-3.46688307E-01 2020 11 06 06 20 03
-3.03430115E-01 2020 11 06 06 25 02
-3.04897770E-01 2020 11 06 06 30 02
-1.96203049E-01 2020 11 06 06 35 02
-2.55516423E-01 2020 11 06 06 40 02
-4.96157729E-01 2020 11 06 06 45 03
-4.50170307E-01 2020 11 06 06 50 02
-1.93297115E-01 2020 11 06 06 55 02
-2.43768935E-01 2020 11 06 07 00 02
-3.40374545E-01 2020 11 06 07 05 02
-2.29011612E-01 2020 11 06 07 10 03
-2.49352300E-01 2020 11 06 07 15 02
-3.41160545E-01 2020 11 06 07 20 02
-3.37921420E-01 2020 11 06 07 25 02
-2.81165412E-01 2020 11 06 07 30 02
-2.24487107E-01 2020 11 06 07 35 02
-2.67032904E-01 2020 11 06 07 40 02
-1.85028011E-01 2020 11 06 07 45 02
-1.45775364E-01 2020 11 06 07 50 02
-1.96785415E-01 2020 11 06 07 55 02
-1.52421926E-01 2020 11 06 08 00 02
-1.92235512E-01 2020 11 06 08 05 02
-1.16338754E-01 2020 11 06 08 10 02
-1.06051346E-01 2020 11 06 08 15 02
-2.38358760E-01 2020 11 06 08 20 02
-2.39875003E-01 2020 11 06 08 25 02
-1.35002674E-01 2020 11 06 08 30 02
-2.13921827E-01 2020 11 06 08 35 02
-1.77421890E-01 2020 11 06 08 40 02
-2.00575119E-01 2020 11 06 08 45 02
-1.95088484E-01 2020 11 06 08 50 02
-1.88129558E-01 2020 11 06 08 55 02
-3.56534668E-01 2020 11 06 09 00 02
-3.94663798E-01 2020 11 06 09 05 02
-2.91971200E-01 2020 11 06 09 10 02
-3.25267741E-01 2020 11 06 09 15 02
-2.94717713E-01 2020 11 06 09 20 02
-2.86474482E-01 2020 11 06 09 25 03
-2.45142566E-01 2020 11 06 09 30 02
-2.02023066E-01 2020 11 06 09 35 02
-1.00716273E-01 2020 11 06 09 40 02
-1.95505106E-01 2020 11 06 09 45 02
-2.51646445E-01 2020 11 06 09 50 03
-1.47354528E-01 2020 11 06 09 55 02
-1.57645329E-01 2020 11 06 10 00 02
-2.44234774E-01 2020 11 06 10 05 02
-1.40080931E-01 2020 11 06 10 10 02
-1.81940856E-01 2020 11 06 10 15 02
-2.58187998E-01 2020 11 06 10 20 02
-2.35644228E-01 2020 11 06 10 25 02
-3.47063371E-01 2020 11 06 10 30 02
-2.39903476E-01 2020 11 06 10 35 02
-4.45525147E-01 2020 11 06 10 40 02
-3.44624045E-01 2020 11 06 10 45 02
-1.77116328E-01 2020 11 06 10 50 02
-3.43549232E-01 2020 11 06 10 55 02
-2.19495464E-01 2020 11 06 11 00 02
-1.94841062E-01 2020 11 06 11 05 02
-2.20334153E-01 2020 11 06 11 10 02
-3.05789089E-01 2020 11 06 11 15 02
-3.96157168E-01 2020 11 06 11 20 02
-2.91949575E-01 2020 11 06 11 25 02
-2.30095415E-01 2020 11 06 11 30 02
-1.71085860E-01 2020 11 06 11 35 02
-2.04530579E-01 2020 11 06 11 40 02
-1.14295003E-01 2020 11 06 11 45 02
-1.51144231E-01 2020 11 06 11 50 02
-1.42847703E-01 2020 11 06 11 55 02
-1.41777009E-01 2020 11 06 12 00 02
-2.71902521E-02 2020 11 06 12 05 03
-4.22653973E-02 2020 11 06 12 10 02
+1.83094007E-02 2020 11 06 12 15 02
-2.23126687E-02 2020 11 06 12 20 02
+5.81207560E-03 2020 11 06 12 25 02
-9.36459210E-02 2020 11 06 12 30 03
-5.16138293E-02 2020 11 06 12 35 02
-5.33888256E-02 2020 11 06 12 40 02
-7.26047964E-02 2020 11 06 12 45 02
-1.61127616E-01 2020 11 06 12 50 02
-1.44365347E-01 2020 11 06 12 55 02
-2.42123579E-01 2020 11 06 13 00 02
-1.23386453E-01 2020 11 06 13 05 02
-1.05147638E-01 2020 11 06 13 10 02
-1.04371883E-01 2020 11 06 13 15 02
-1.32876812E-01 2020 11 06 13 20 02
-1.55982227E-01 2020 11 06 13 25 02
-1.18855651E-01 2020 11 06 13 30 02
-2.03875409E-01 2020 11 06 13 35 02
-2.07243731E-01 2020 11 06 13 40 02
-2.11529875E-01 2020 11 06 13 45 02
-3.19580527E-01 2020 11 06 13 50 02
-4.23900051E-01 2020 11 06 13 55 02
-4.05236060E-01 2020 11 06 14 00 02
-5.79690909E-01 2020 11 06 14 05 02
-5.61169029E-01 2020 11 06 14 10 02
-4.46326060E-01 2020 11 06 14 15 02
-4.10612851E-01 2020 11 06 14 20 03
-5.11960235E-01 2020 11 06 14 25 02
-6.13322834E-01 2020 11 06 14 30 02
-6.46349383E-01 2020 11 06 14 35 02
-6.34867095E-01 2020 11 06 14 40 02
-6.04278890E-01 2020 11 06 14 45 03
-6.21300886E-01 2020 11 06 14 50 02
-8.24707289E-01 2020 11 06 14 55 02
-7.86032880E-01 2020 11 06 15 00 02
-9.06562983E-01 2020 11 06 15 05 02
-8.78427472E-01 2020 11 06 15 10 03
-1.02086439E+00 2020 11 06 15 15 02
-8.39089631E-01 2020 11 06 15 20 02
-8.18478180E-01 2020 11 06 15 25 02
-7.94050433E-01 2020 11 06 15 30 02
-7.97959452E-01 2020 11 06 15 35 03
-9.96570447E-01 2020 11 06 15 40 02
-9.37617044E-01 2020 11 06 15 45 02
-8.65253021E-01 2020 11 06 15 50 02
-9.83032732E-01 2020 11 06 15 55 02
-1.05530631E+00 2020 11 06 16 00 02
-1.05181998E+00 2020 11 06 16 05 02
-9.69581150E-01 2020 11 06 16 10 02
-9.58266122E-01 2020 11 06 16 15 02
-9.35176915E-01 2020 11 06 16 20 02
-9.96783867E-01 2020 11 06 16 25 02
-9.81994075E-01 2020 11 06 16 30 02
-9.57296225E-01 2020 11 06 16 35 02
-9.51398243E-01 2020 11 06 16 40 02
-8.61238218E-01 2020 11 06 16 45 02
-8.82339143E-01 2020 11 06 16 50 02
-8.74676903E-01 2020 11 06 16 55 02
-8.66763024E-01 2020 11 06 17 00 02
-9.21919515E-01 2020 11 06 17 05 02
-8.39420243E-01 2020 11 06 17 10 02
-9.21548344E-01 2020 11 06 17 15 02
-7.94237462E-01 2020 11 06 17 20 02
-8.40765201E-01 2020 11 06 17 25 03
-7.90879659E-01 2020 11 06 17 30 02
-9.61522034E-01 2020 11 06 17 35 02
-9.98293244E-01 2020 11 06 17 40 02
-7.45890668E-01 2020 11 06 17 45 02
-8.56231604E-01 2020 11 06 17 50 03
-9.31581349E-01 2020 11 06 17 55 02
-8.68883183E-01 2020 11 06 18 00 02
-8.91208212E-01 2020 11 06 18 05 02
-7.88586440E-01 2020 11 06 18 10 02
-8.15897839E-01 2020 11 06 18 15 03
-6.84986585E-01 2020 11 06 18 20 02
-7.62651306E-01 2020 11 06 18 25 02
-8.10639226E-01 2020 11 06 18 30 02
-7.34841731E-01 2020 11 06 18 35 02
-7.40150701E-01 2020 11 06 18 40 03
-6.80257261E-01 2020 11 06 18 45 02
-6.62375651E-01 2020 11 06 18 50 02
-5.94063184E-01 2020 11 06 18 55 02
-7.96292623E-01 2020 11 06 19 00 02
-9.22589987E-01 2020 11 06 19 05 03
-8.77782787E-01 2020 11 06 19 10 02
-6.43919758E-01 2020 11 06 19 15 02
-7.58424865E-01 2020 11 06 19 20 02
-6.90745712E-01 2020 11 06 19 25 02
-6.34712291E-01 2020 11 06 19 30 02
-6.57138990E-01 2020 11 06 19 35 02
-6.69333715E-01 2020 11 06 19 40 02
-5.71583831E-01 2020 11 06 19 45 02
-6.36167325E-01 2020 11 06 19 50 02
-5.75993867E-01 2020 11 06 19 55 02
-5.92340035E-01 2020 11 06 20 00 02
-6.21704396E-01 2020 11 06 20 05 02
-6.66520581E-01 2020 11 06 20 10 02
-4.70345814E-01 2020 11 06 20 15 02
-7.48351243E-01 2020 11 06 20 20 02
-4.18789500E-01 2020 11 06 20 25 02
-6.44980313E-01 2020 11 06 20 30 02
-5.16148277E-01 2020 11 06 20 35 02
-5.92803696E-01 2020 11 06 20 40 02
-4.38645943E-01 2020 11 06 20 45 02
-4.83395685E-01 2020 11 06 20 50 02
-5.81552349E-01 2020 11 06 20 55 03
-4.59434920E-01 2020 11 06 21 00 02
-6.25323636E-01 2020 11 06 21 05 02
-5.15268707E-01 2020 11 06 21 10 02
-5.72110747E-01 2020 11 06 21 15 02
-6.55902148E-01 2020 11 06 21 20 03
-5.35714018E-01 2020 11 06 21 25 02
-4.93119924E-01 2020 11 06 21 30 02
-5.12478484E-01 2020 11 06 21 35 02
-6.45367680E-01 2020 11 06 21 40 02
-7.13405067E-01 2020 11 06 21 45 03
-5.21008951E-01 2020 11 06 21 50 02
-5.23681052E-01 2020 11 06 21 55 02
-5.29603861E-01 2020 11 06 22 00 02
-5.50449564E-01 2020 11 06 22 05 02
-5.19681761E-01 2020 11 06 22 10 03
-5.54613243E-01 2020 11 06 22 15 02
-4.10600888E-01 2020 11 06 22 20 02
-4.56987775E-01 2020 11 06 22 25 02
-6.75587873E-01 2020 11 06 22 30 02
-5.10875738E-01 2020 11 06 22 35 02
-4.79030533E-01 2020 11 06 22 40 02
-6.41764187E-01 2020 11 06 22 45 02
-8.04658558E-01 2020 11 06 22 50 02
-5.96587567E-01 2020 11 06 22 55 02
-3.96247942E-01 2020 11 06 23 00 02
-4.00768199E-01 2020 11 06 23 05 02
-3.83726844E-01 2020 11 06 23 10 02
-4.95299665E-01 2020 11 06 23 15 02
-5.91505354E-01 2020 11 06 23 20 02
-6.24391233E-01 2020 11 06 23 25 02
-6.89704093E-01 2020 11 06 23 30 02
-7.85227804E-01 2020 11 06 23 35 02
-8.52978151E-01 2020 11 06 23 40 02
-9.02890810E-01 2020 11 06 23 45 02
-9.24085701E-01 2020 11 06 23 50 02
-1.03540090E+00 2020 11 06 23 55 02
