-9.01018256E-01 2020 11 04 00 00 02
-9.90821552E-01 2020 11 04 00 05 02
-9.78568483E-01 2020 11 04 00 10 02
-9.61229330E-01 2020 11 04 00 15 02
-9.81237423E-01 2020 11 04 00 20 02
-9.47560268E-01 2020 11 04 00 25 02
-9.70241179E-01 2020 11 04 00 30 02
-9.80658301E-01 2020 11 04 00 35 02
-9.50769312E-01 2020 11 04 00 40 03
-9.85985972E-01 2020 11 04 00 45 02
-9.99424520E-01 2020 11 04 00 50 02
-1.00495184E+00 2020 11 04 00 55 02
-1.02200612E+00 2020 11 04 01 00 02
-1.00367368E+00 2020 11 04 01 05 03
-1.01424366E+00 2020 11 04 01 10 02
-1.00133331E+00 2020 11 04 01 15 02
-1.01532021E+00 2020 11 04 01 20 02
-1.03171934E+00 2020 11 04 01 25 02
-1.04059461E+00 2020 11 04 01 30 02
-1.02469773E+00 2020 11 04 01 35 02
-1.00471093E+00 2020 11 04 01 40 02
-9.90740073E-01 2020 11 04 01 45 02
-9.96162303E-01 2020 11 04 01 50 02
-9.78539556E-01 2020 11 04 01 55 02
-9.70788544E-01 2020 11 04 02 00 02
-9.66082366E-01 2020 11 04 02 05 02
-9.49413601E-01 2020 11 04 02 10 02
-9.47143363E-01 2020 11 04 02 15 02
-9.76805227E-01 2020 11 04 02 20 02
-9.34530562E-01 2020 11 04 02 25 02
-9.21156007E-01 2020 11 04 02 30 02
-9.04788260E-01 2020 11 04 02 35 02
-9.05673261E-01 2020 11 04 02 40 02
-8.79097755E-01 2020 11 04 02 45 02
-8.57726086E-01 2020 11 04 02 50 02
-8.58552199E-01 2020 11 04 02 55 02
-8.36420379E-01 2020 11 04 03 00 02
-8.16879023E-01 2020 11 04 03 05 02
-8.14176947E-01 2020 11 04 03 10 02
-8.22994916E-01 2020 11 04 03 15 02
-7.87910189E-01 2020 11 04 03 20 02
-7.70797241E-01 2020 11 04 03 25 02
-7.34460091E-01 2020 11 04 03 30 02
-7.20597936E-01 2020 11 04 03 35 02
-6.95737678E-01 2020 11 04 03 40 02
-6.78687881E-01 2020 11 04 03 45 02
-6.60189268E-01 2020 11 04 03 50 02
-6.28762808E-01 2020 11 04 03 55 02
-6.02922998E-01 2020 11 04 04 00 02
-5.78186493E-01 2020 11 04 04 05 02
-5.42888964E-01 2020 11 04 04 10 02
-5.17516049E-01 2020 11 04 04 15 02
-4.94328732E-01 2020 11 04 04 20 02
-4.53853993E-01 2020 11 04 04 25 02
-4.15484806E-01 2020 11 04 04 30 02
-3.68946988E-01 2020 11 04 04 35 02
-3.63590052E-01 2020 11 04 04 40 02
-3.51958555E-01 2020 11 04 04 45 02
-3.26878702E-01 2020 11 04 04 50 02
-3.24336288E-01 2020 11 04 04 55 02
-3.01856282E-01 2020 11 04 05 00 02
-2.17380844E-01 2020 11 04 05 05 02
-3.04173520E-01 2020 11 04 05 10 02
-2.65582808E-01 2020 11 04 05 15 02
-1.98205717E-01 2020 11 04 05 20 02
-2.01751280E-01 2020 11 04 05 25 02
-2.26024611E-01 2020 11 04 05 30 02
-1.50454462E-01 2020 11 04 05 35 02
-1.25894073E-01 2020 11 04 05 40 02
-1.61183862E-01 2020 11 04 05 45 02
-7.80966247E-02 2020 11 04 05 50 02
-8.31900997E-02 2020 11 04 05 55 02
-5.72600009E-02 2020 11 04 06 00 02
-4.71498848E-02 2020 11 04 06 05 02
-4.03685758E-02 2020 11 04 06 10 02
+7.60804736E-02 2020 11 04 06 15 02
+3.57148307E-02 2020 11 04 06 20 02
+3.35027054E-02 2020 11 04 06 25 02
+2.52578964E-02 2020 11 04 06 30 02
+1.15407894E-01 2020 11 04 06 35 02
+1.15416724E-01 2020 11 04 06 40 02
+1.37329451E-01 2020 11 04 06 45 02
+6.91039372E-02 2020 11 04 06 50 02
+1.59224332E-01 2020 11 04 06 55 02
+1.35883680E-01 2020 11 04 07 00 02
+7.19757435E-02 2020 11 04 07 05 03
+7.87517053E-02 2020 11 04 07 10 02
+6.36061985E-02 2020 11 04 07 15 02
+5.92098456E-02 2020 11 04 07 20 02
+8.98406957E-02 2020 11 04 07 25 02
+1.04342689E-01 2020 11 04 07 30 03
+1.13342958E-01 2020 11 04 07 35 02
+1.43843566E-02 2020 11 04 07 40 02
+1.63498330E-02 2020 11 04 07 45 02
-1.30882800E-02 2020 11 04 07 50 02
-1.71469030E-01 2020 11 04 07 55 03
-4.94377963E-02 2020 11 04 08 00 02
-1.03867199E-01 2020 11 04 08 05 02
-5.66580274E-02 2020 11 04 08 10 02
-1.39687788E-02 2020 11 04 08 15 02
-5.88555757E-02 2020 11 04 08 20 02
-8.49773077E-02 2020 11 04 08 25 02
-1.15580477E-01 2020 11 04 08 30 02
-2.50403921E-01 2020 11 04 08 35 02
-2.92178155E-01 2020 11 04 08 40 02
-1.83169958E-01 2020 11 04 08 45 02
-1.30106949E-01 2020 11 04 08 50 02
-1.76677277E-01 2020 11 04 08 55 02
-1.81649586E-01 2020 11 04 09 00 02
-2.77497795E-01 2020 11 04 09 05 02
-2.27633945E-01 2020 11 04 09 10 03
-1.98416043E-01 2020 11 04 09 15 02
-1.64364511E-01 2020 11 04 09 20 02
-2.82079888E-01 2020 11 04 09 25 02
-2.88965269E-01 2020 11 04 09 30 02
-2.69738668E-01 2020 11 04 09 35 02
-2.87520574E-01 2020 11 04 09 40 02
-2.64452774E-01 2020 11 04 09 45 02
-2.50698175E-01 2020 11 04 09 50 02
-2.60877697E-01 2020 11 04 09 55 02
-2.88668969E-01 2020 11 04 10 00 02
-2.71796769E-01 2020 11 04 10 05 02
-2.36283907E-01 2020 11 04 10 10 02
-3.06337874E-01 2020 11 04 10 15 02
-3.12176118E-01 2020 11 04 10 20 02
-1.70861080E-01 2020 11 04 10 25 02
-2.36024719E-01 2020 11 04 10 30 02
-2.66464635E-01 2020 11 04 10 35 02
-2.62667794E-01 2020 11 04 10 40 02
-2.54458886E-01 2020 11 04 10 45 02
-3.02398752E-01 2020 11 04 10 50 02
-2.97610858E-01 2020 11 04 10 55 02
-2.56092453E-01 2020 11 04 11 00 02
-2.27776576E-01 2020 11 04 11 05 02
-2.89077544E-01 2020 11 04 11 10 02
-3.24135257E-01 2020 11 04 11 15 02
-2.72889780E-01 2020 11 04 11 20 02
-2.78426435E-01 2020 11 04 11 25 03
-3.46867816E-01 2020 11 04 11 30 02
-2.95216968E-01 2020 11 04 11 35 02
-3.05665353E-01 2020 11 04 11 40 02
-3.68383944E-01 2020 11 04 11 45 02
-4.03567955E-01 2020 11 04 11 50 03
-3.83486683E-01 2020 11 04 11 55 02
-3.17003865E-01 2020 11 04 12 00 02
-3.91258466E-01 2020 11 04 12 05 02
-4.06829292E-01 2020 11 04 12 10 02
-4.12719857E-01 2020 11 04 12 15 03
-3.88378822E-01 2020 11 04 12 20 02
-4.08539679E-01 2020 11 04 12 25 02
-5.13032640E-01 2020 11 04 12 30 02
-3.53528687E-01 2020 11 04 12 35 02
-4.22607738E-01 2020 11 04 12 40 02
-3.95191325E-01 2020 11 04 12 45 02
-3.60736765E-01 2020 11 04 12 50 02
-3.60168244E-01 2020 11 04 12 55 02
-4.09963306E-01 2020 11 04 13 00 02
-4.26494731E-01 2020 11 04 13 05 02
-3.79905180E-01 2020 11 04 13 10 02
-3.68923959E-01 2020 11 04 13 15 02
-3.97334641E-01 2020 11 04 13 20 02
-4.11503781E-01 2020 11 04 13 25 02
-4.23176617E-01 2020 11 04 13 30 02
-4.69498011E-01 2020 11 04 13 35 02
-4.41597203E-01 2020 11 04 13 40 02
-5.05146340E-01 2020 11 04 13 45 02
-5.17569805E-01 2020 11 04 13 50 02
-5.24868690E-01 2020 11 04 13 55 02
-5.73070166E-01 2020 11 04 14 00 02
-6.22837476E-01 2020 11 04 14 05 03
-6.06459401E-01 2020 11 04 14 10 02
-6.16128085E-01 2020 11 04 14 15 02
-6.18298501E-01 2020 11 04 14 20 02
-6.25211992E-01 2020 11 04 14 25 02
-6.87503251E-01 2020 11 04 14 30 03
-6.55893290E-01 2020 11 04 14 35 02
-6.80680523E-01 2020 11 04 14 40 02
-7.07283667E-01 2020 11 04 14 45 02
-6.95607359E-01 2020 11 04 14 50 02
-6.73070848E-01 2020 11 04 14 55 03
-6.96705913E-01 2020 11 04 15 00 02
-6.02803207E-01 2020 11 04 15 05 02
-6.84138619E-01 2020 11 04 15 10 02
-7.04565802E-01 2020 11 04 15 15 02
-7.08245271E-01 2020 11 04 15 20 03
-6.67229144E-01 2020 11 04 15 25 02
-7.04450601E-01 2020 11 04 15 30 02
-7.50969636E-01 2020 11 04 15 35 02
-7.32610591E-01 2020 11 04 15 40 02
-6.69303294E-01 2020 11 04 15 45 03
-6.68037888E-01 2020 11 04 15 50 02
-7.06344373E-01 2020 11 04 15 55 02
-7.19631644E-01 2020 11 04 16 00 02
-7.01158362E-01 2020 11 04 16 05 02
-7.44662953E-01 2020 11 04 16 10 03
-7.25043381E-01 2020 11 04 16 15 02
-7.00783562E-01 2020 11 04 16 20 02
-7.35262149E-01 2020 11 04 16 25 02
-7.90291239E-01 2020 11 04 16 30 02
-7.54535683E-01 2020 11 04 16 35 03
-7.20279102E-01 2020 11 04 16 40 02
-8.40182217E-01 2020 11 04 16 45 02
-7.03272497E-01 2020 11 04 16 50 02
-7.22018353E-01 2020 11 04 16 55 02
-7.00140282E-01 2020 11 04 17 00 02
-6.89057475E-01 2020 11 04 17 05 02
-6.70468372E-01 2020 11 04 17 10 02
-7.32966608E-01 2020 11 04 17 15 02
-6.91363669E-01 2020 11 04 17 20 02
-6.35724692E-01 2020 11 04 17 25 02
-5.36974251E-01 2020 11 04 17 30 02
-4.80091479E-01 2020 11 04 17 35 02
-7.18784743E-01 2020 11 04 17 40 02
-6.30540340E-01 2020 11 04 17 45 02
-5.48487803E-01 2020 11 04 17 50 02
-4.95112469E-01 2020 11 04 17 55 02
-4.82601774E-01 2020 11 04 18 00 02
-4.92092826E-01 2020 11 04 18 05 02
-4.51238223E-01 2020 11 04 18 10 02
-4.24406036E-01 2020 11 04 18 15 02
-3.87031546E-01 2020 11 04 18 20 02
-4.40873196E-01 2020 11 04 18 25 02
-3.43592665E-01 2020 11 04 18 30 02
-3.67499747E-01 2020 11 04 18 35 02
-2.99926354E-01 2020 11 04 18 40 02
-3.69406067E-01 2020 11 04 18 45 02
-3.18203777E-01 2020 11 04 18 50 02
-3.01417116E-01 2020 11 04 18 55 02
-4.80291543E-01 2020 11 04 19 00 02
-3.66259951E-01 2020 11 04 19 05 02
-3.78044654E-01 2020 11 04 19 10 02
-3.60962178E-01 2020 11 04 19 15 02
-3.66187781E-01 2020 11 04 19 20 02
-3.01865272E-01 2020 11 04 19 25 02
-3.42878866E-01 2020 11 04 19 30 02
-2.25797785E-01 2020 11 04 19 35 02
-3.45579042E-01 2020 11 04 19 40 02
-2.76103622E-01 2020 11 04 19 45 02
-2.91080774E-01 2020 11 04 19 50 02
-2.82353776E-01 2020 11 04 19 55 02
-3.18186354E-01 2020 11 04 20 00 02
-2.67353686E-01 2020 11 04 20 05 02
-3.85009414E-01 2020 11 04 20 10 02
-2.89565974E-01 2020 11 04 20 15 02
-3.74568081E-01 2020 11 04 20 20 02
-2.98598270E-01 2020 11 04 20 25 02
-3.67031896E-01 2020 11 04 20 30 03
-3.08457843E-01 2020 11 04 20 35 02
-3.29140748E-01 2020 11 04 20 40 02
-3.28734341E-01 2020 11 04 20 45 02
-2.88267072E-01 2020 11 04 20 50 02
-3.47721833E-01 2020 11 04 20 55 03
-3.81542572E-01 2020 11 04 21 00 02
-4.48222370E-01 2020 11 04 21 05 02
-4.16382769E-01 2020 11 04 21 10 02
-4.10869887E-01 2020 11 04 21 15 02
-3.55997565E-01 2020 11 04 21 20 02
-4.02974849E-01 2020 11 04 21 25 02
-3.97957405E-01 2020 11 04 21 30 02
-4.32950168E-01 2020 11 04 21 35 02
-4.91693914E-01 2020 11 04 21 40 02
-4.48216511E-01 2020 11 04 21 45 02
-5.73604277E-01 2020 11 04 21 50 02
-4.53984353E-01 2020 11 04 21 55 02
-5.93921968E-01 2020 11 04 22 00 02
-5.18695622E-01 2020 11 04 22 05 02
-5.76350761E-01 2020 11 04 22 10 02
-5.36160609E-01 2020 11 04 22 15 02
-5.82070425E-01 2020 11 04 22 20 02
-5.73124801E-01 2020 11 04 22 25 02
-6.18976117E-01 2020 11 04 22 30 02
-5.88284486E-01 2020 11 04 22 35 02
-6.02989227E-01 2020 11 04 22 40 02
-6.20827288E-01 2020 11 04 22 45 02
-7.15282212E-01 2020 11 04 22 50 02
-6.57178955E-01 2020 11 04 22 55 02
-6.88014623E-01 2020 11 04 23 00 02
-6.70102800E-01 2020 11 04 23 05 02
-6.30326372E-01 2020 11 04 23 10 03
-7.10371166E-01 2020 11 04 23 15 02
-7.05133840E-01 2020 11 04 23 20 02
-7.43916264E-01 2020 11 04 23 25 02
-8.39749655E-01 2020 11 04 23 30 02
-7.52663488E-01 2020 11 04 23 35 03
-8.55672403E-01 2020 11 04 23 40 02
-7.81180426E-01 2020 11 04 23 45 02
-8.35240705E-01 2020 11 04 23 50 02
-8.72911122E-01 2020 11 04 23 55 02
