-6.95855462E-01 2020 11 20 00 00 02
-7.74556482E-01 2020 11 20 00 05 02
-7.62356119E-01 2020 11 20 00 10 02
-7.88171540E-01 2020 11 20 00 15 02
-7.89957989E-01 2020 11 20 00 20 02
-8.16172951E-01 2020 11 20 00 25 02
-8.03342203E-01 2020 11 20 00 30 02
-8.27383940E-01 2020 11 20 00 35 02
-8.38313023E-01 2020 11 20 00 40 02
-8.38812003E-01 2020 11 20 00 45 02
-8.56756774E-01 2020 11 20 00 50 02
-8.73574928E-01 2020 11 20 00 55 02
-9.00479829E-01 2020 11 20 01 00 02
-9.24931667E-01 2020 11 20 01 05 02
-9.16860400E-01 2020 11 20 01 10 02
-9.33544829E-01 2020 11 20 01 15 02
-9.42402766E-01 2020 11 20 01 20 03
-9.48976075E-01 2020 11 20 01 25 02
-9.60397015E-01 2020 11 20 01 30 02
-9.75118761E-01 2020 11 20 01 35 02
-9.78573001E-01 2020 11 20 01 40 02
-9.82056211E-01 2020 11 20 01 45 02
-9.84690392E-01 2020 11 20 01 50 02
-9.89064766E-01 2020 11 20 01 55 02
-9.84231627E-01 2020 11 20 02 00 02
-9.83196273E-01 2020 11 20 02 05 02
-1.00889515E+00 2020 11 20 02 10 03
-1.01323539E+00 2020 11 20 02 15 02
-1.00078210E+00 2020 11 20 02 20 02
-1.01653922E+00 2020 11 20 02 25 02
-1.01206334E+00 2020 11 20 02 30 02
-1.00916609E+00 2020 11 20 02 35 03
-9.97990565E-01 2020 11 20 02 40 02
-9.89416869E-01 2020 11 20 02 45 02
-9.93065254E-01 2020 11 20 02 50 02
-9.82000395E-01 2020 11 20 02 55 02
-9.70738215E-01 2020 11 20 03 00 03
-9.68700953E-01 2020 11 20 03 05 02
-9.82522390E-01 2020 11 20 03 10 02
-9.81672140E-01 2020 11 20 03 15 02
-9.77720015E-01 2020 11 20 03 20 02
-9.53885059E-01 2020 11 20 03 25 03
-9.41975119E-01 2020 11 20 03 30 02
-9.37805393E-01 2020 11 20 03 35 02
-9.20662905E-01 2020 11 20 03 40 02
-9.07422060E-01 2020 11 20 03 45 02
-8.94313246E-01 2020 11 20 03 50 03
-8.88891629E-01 2020 11 20 03 55 02
-8.57899255E-01 2020 11 20 04 00 02
-8.50715578E-01 2020 11 20 04 05 02
-8.31876504E-01 2020 11 20 04 10 02
-8.21102966E-01 2020 11 20 04 15 02
-8.14629695E-01 2020 11 20 04 20 02
-7.89583743E-01 2020 11 20 04 25 02
-7.62717669E-01 2020 11 20 04 30 02
-7.69465565E-01 2020 11 20 04 35 02
-7.54161419E-01 2020 11 20 04 40 02
-6.95886425E-01 2020 11 20 04 45 02
-6.78863273E-01 2020 11 20 04 50 02
-6.82363549E-01 2020 11 20 04 55 02
-7.38491265E-01 2020 11 20 05 00 02
-7.31347388E-01 2020 11 20 05 05 02
-6.87789124E-01 2020 11 20 05 10 02
-6.16049910E-01 2020 11 20 05 15 02
-5.75490235E-01 2020 11 20 05 20 02
-5.36466397E-01 2020 11 20 05 25 02
-4.97709482E-01 2020 11 20 05 30 02
-4.71801305E-01 2020 11 20 05 35 02
-4.93729629E-01 2020 11 20 05 40 02
-5.57342225E-01 2020 11 20 05 45 02
-4.65803839E-01 2020 11 20 05 50 02
-4.62497411E-01 2020 11 20 05 55 02
-3.78318792E-01 2020 11 20 06 00 02
-3.28795405E-01 2020 11 20 06 05 03
-3.17012162E-01 2020 11 20 06 10 02
-3.43923548E-01 2020 11 20 06 15 02
-3.55883527E-01 2020 11 20 06 20 02
-2.72111861E-01 2020 11 20 06 25 02
-3.08829584E-01 2020 11 20 06 30 03
-1.67434163E-01 2020 11 20 06 35 02
-2.23124818E-01 2020 11 20 06 40 02
-2.33748473E-01 2020 11 20 06 45 02
-2.36827055E-01 2020 11 20 06 50 02
-1.61017287E-01 2020 11 20 06 55 03
-1.24450850E-01 2020 11 20 07 00 02
-1.52413754E-01 2020 11 20 07 05 02
-1.51507610E-01 2020 11 20 07 10 02
-4.17797215E-02 2020 11 20 07 15 02
-7.39722026E-02 2020 11 20 07 20 03
+4.81706277E-02 2020 11 20 07 25 02
-2.96686931E-02 2020 11 20 07 30 02
-4.65605396E-02 2020 11 20 07 35 02
-4.61742783E-02 2020 11 20 07 40 02
+9.62128612E-02 2020 11 20 07 45 03
+1.45466748E-01 2020 11 20 07 50 02
+1.63577659E-01 2020 11 20 07 55 02
+1.16969940E-01 2020 11 20 08 00 02
+3.41772291E-02 2020 11 20 08 05 02
+1.60131312E-01 2020 11 20 08 10 03
+8.07388325E-02 2020 11 20 08 15 02
-4.86099447E-02 2020 11 20 08 20 02
-1.05103381E-01 2020 11 20 08 25 02
+1.73550961E-02 2020 11 20 08 30 02
-1.53529712E-01 2020 11 20 08 35 03
-2.40600218E-01 2020 11 20 08 40 02
-3.12182962E-01 2020 11 20 08 45 02
-2.03492679E-01 2020 11 20 08 50 02
-1.94707968E-01 2020 11 20 08 55 02
-1.80801945E-01 2020 11 20 09 00 03
-9.76778628E-02 2020 11 20 09 05 02
-1.89030740E-01 2020 11 20 09 10 02
-7.53270658E-02 2020 11 20 09 15 02
-1.91330608E-01 2020 11 20 09 20 02
-2.03228835E-03 2020 11 20 09 25 03
-1.92554967E-01 2020 11 20 09 30 02
-1.80231794E-01 2020 11 20 09 35 02
-6.20492136E-02 2020 11 20 09 40 02
-2.44927894E-01 2020 11 20 09 45 02
-1.66519218E-01 2020 11 20 09 50 02
-1.64923598E-01 2020 11 20 09 55 02
-1.95848654E-01 2020 11 20 10 00 02
-8.64386555E-02 2020 11 20 10 05 02
-1.69914745E-01 2020 11 20 10 10 02
-2.08237089E-01 2020 11 20 10 15 02
-6.25844347E-02 2020 11 20 10 20 02
-1.81626608E-02 2020 11 20 10 25 02
+8.86027558E-03 2020 11 20 10 30 02
-5.13752062E-02 2020 11 20 10 35 02
+2.54588291E-02 2020 11 20 10 40 02
-3.95331940E-02 2020 11 20 10 45 02
+5.76351180E-02 2020 11 20 10 50 02
-2.61491076E-02 2020 11 20 10 55 02
-6.35575836E-02 2020 11 20 11 00 02
-4.00089746E-02 2020 11 20 11 05 02
-1.72471239E-01 2020 11 20 11 10 02
-1.37787078E-01 2020 11 20 11 15 02
-1.24035438E-01 2020 11 20 11 20 02
-6.45658916E-02 2020 11 20 11 25 02
-1.23355175E-01 2020 11 20 11 30 02
-7.80923416E-02 2020 11 20 11 35 02
-5.69857181E-02 2020 11 20 11 40 02
+2.66806365E-02 2020 11 20 11 45 02
+2.80786403E-02 2020 11 20 11 50 02
+8.28967285E-02 2020 11 20 11 55 02
+1.04577350E-01 2020 11 20 12 00 02
+8.17183395E-02 2020 11 20 12 05 02
+9.84014547E-02 2020 11 20 12 10 02
+1.39573510E-01 2020 11 20 12 15 02
+2.03423867E-02 2020 11 20 12 20 02
+1.87283853E-01 2020 11 20 12 25 02
+1.84601690E-01 2020 11 20 12 30 02
+1.81376887E-01 2020 11 20 12 35 02
+2.03038898E-01 2020 11 20 12 40 02
+2.46008705E-01 2020 11 20 12 45 02
+2.39797860E-01 2020 11 20 12 50 02
+1.87760085E-01 2020 11 20 12 55 02
+2.10324987E-01 2020 11 20 13 00 02
+1.21282654E-01 2020 11 20 13 05 03
+3.20372088E-01 2020 11 20 13 10 02
+1.37849776E-01 2020 11 20 13 15 02
+1.43416145E-01 2020 11 20 13 20 02
+7.15990375E-02 2020 11 20 13 25 02
+1.68428370E-02 2020 11 20 13 30 03
-6.94201941E-02 2020 11 20 13 35 02
+1.58490258E-01 2020 11 20 13 40 02
+9.23305145E-02 2020 11 20 13 45 02
+5.13125703E-02 2020 11 20 13 50 02
-5.64682144E-02 2020 11 20 13 55 02
-1.26467740E-01 2020 11 20 14 00 02
-2.20388186E-01 2020 11 20 14 05 02
-2.23303219E-01 2020 11 20 14 10 02
-3.46326338E-01 2020 11 20 14 15 02
-2.79303370E-01 2020 11 20 14 20 03
-1.89300900E-01 2020 11 20 14 25 02
-2.16140388E-01 2020 11 20 14 30 02
-2.72429626E-01 2020 11 20 14 35 02
-3.20985541E-01 2020 11 20 14 40 02
-2.86120690E-01 2020 11 20 14 45 02
-4.67902522E-01 2020 11 20 14 50 02
-3.39569046E-01 2020 11 20 14 55 02
-3.60524718E-01 2020 11 20 15 00 02
-4.22081492E-01 2020 11 20 15 05 02
-3.38222359E-01 2020 11 20 15 10 02
-4.75794372E-01 2020 11 20 15 15 02
-4.29134568E-01 2020 11 20 15 20 02
-4.78730802E-01 2020 11 20 15 25 02
-3.76689164E-01 2020 11 20 15 30 02
-5.02872771E-01 2020 11 20 15 35 02
-4.11452226E-01 2020 11 20 15 40 02
-4.17594136E-01 2020 11 20 15 45 02
-4.05874636E-01 2020 11 20 15 50 02
-5.51297231E-01 2020 11 20 15 55 02
-5.23170608E-01 2020 11 20 16 00 02
-4.63903922E-01 2020 11 20 16 05 02
-5.16492929E-01 2020 11 20 16 10 02
-5.50881169E-01 2020 11 20 16 15 02
-5.19097776E-01 2020 11 20 16 20 02
-6.61566242E-01 2020 11 20 16 25 02
-5.98239963E-01 2020 11 20 16 30 02
-6.00777532E-01 2020 11 20 16 35 02
-6.18025822E-01 2020 11 20 16 40 02
-6.56560648E-01 2020 11 20 16 45 02
-6.77829969E-01 2020 11 20 16 50 02
-6.64011917E-01 2020 11 20 16 55 02
-6.57037113E-01 2020 11 20 17 00 02
-6.66240386E-01 2020 11 20 17 05 02
-6.66897028E-01 2020 11 20 17 10 02
-6.40796990E-01 2020 11 20 17 15 02
-6.32610926E-01 2020 11 20 17 20 02
-6.57636866E-01 2020 11 20 17 25 02
-6.17266390E-01 2020 11 20 17 30 02
-6.53737027E-01 2020 11 20 17 35 02
-6.49533056E-01 2020 11 20 17 40 02
-6.43272996E-01 2020 11 20 17 45 02
-5.93665000E-01 2020 11 20 17 50 02
-5.99175358E-01 2020 11 20 17 55 02
-6.43257975E-01 2020 11 20 18 00 02
-4.51618546E-01 2020 11 20 18 05 02
-4.28969807E-01 2020 11 20 18 10 02
-3.77021469E-01 2020 11 20 18 15 02
-3.59276456E-01 2020 11 20 18 20 02
-4.40421404E-01 2020 11 20 18 25 02
-4.27531625E-01 2020 11 20 18 30 03
-6.25695833E-01 2020 11 20 18 35 02
-6.62928367E-01 2020 11 20 18 40 02
-6.55712528E-01 2020 11 20 18 45 02
-6.38067088E-01 2020 11 20 18 50 02
-6.27288782E-01 2020 11 20 18 55 03
-6.04901134E-01 2020 11 20 19 00 02
-5.76769483E-01 2020 11 20 19 05 02
-4.67705971E-01 2020 11 20 19 10 02
-3.34075799E-01 2020 11 20 19 15 02
-3.40699547E-01 2020 11 20 19 20 03
-2.33628792E-01 2020 11 20 19 25 02
-2.49351184E-01 2020 11 20 19 30 02
-1.95699961E-01 2020 11 20 19 35 02
-2.39371352E-01 2020 11 20 19 40 02
-1.92210252E-01 2020 11 20 19 45 03
-2.26919073E-01 2020 11 20 19 50 02
-1.40603033E-01 2020 11 20 19 55 02
-1.50591990E-01 2020 11 20 20 00 02
-8.40700948E-02 2020 11 20 20 05 02
-1.59484350E-01 2020 11 20 20 10 02
-1.40806731E-01 2020 11 20 20 15 02
-2.15146805E-01 2020 11 20 20 20 02
-1.58473740E-01 2020 11 20 20 25 02
-1.57493865E-01 2020 11 20 20 30 02
-5.58156747E-02 2020 11 20 20 35 02
-1.70661671E-01 2020 11 20 20 40 02
-1.48693010E-01 2020 11 20 20 45 02
-1.17386201E-01 2020 11 20 20 50 02
-1.59061956E-01 2020 11 20 20 55 02
-2.18699342E-01 2020 11 20 21 00 02
-1.57954446E-01 2020 11 20 21 05 02
-5.10616242E-02 2020 11 20 21 10 02
-1.00229100E-02 2020 11 20 21 15 02
-1.11879139E-01 2020 11 20 21 20 02
-1.49788340E-01 2020 11 20 21 25 02
-1.65608219E-01 2020 11 20 21 30 02
+3.28561712E-02 2020 11 20 21 35 02
-2.20723484E-02 2020 11 20 21 40 02
-9.20025892E-02 2020 11 20 21 45 02
-8.86556455E-03 2020 11 20 21 50 02
-3.24558000E-02 2020 11 20 21 55 02
-1.06770202E-01 2020 11 20 22 00 02
-8.08592305E-02 2020 11 20 22 05 02
-8.67390449E-02 2020 11 20 22 10 02
-1.88215904E-01 2020 11 20 22 15 02
-1.80690234E-01 2020 11 20 22 20 02
-2.68652705E-01 2020 11 20 22 25 02
-2.53361157E-01 2020 11 20 22 30 02
-1.67630896E-01 2020 11 20 22 35 02
-1.66583009E-01 2020 11 20 22 40 02
-1.28768445E-01 2020 11 20 22 45 02
-7.57067476E-02 2020 11 20 22 50 02
-5.04369753E-02 2020 11 20 22 55 02
-1.51188102E-01 2020 11 20 23 00 02
-1.69441951E-01 2020 11 20 23 05 02
-2.78229661E-01 2020 11 20 23 10 02
-2.34918570E-01 2020 11 20 23 15 02
-1.92820127E-01 2020 11 20 23 20 02
-2.29642081E-01 2020 11 20 23 25 02
-3.21071137E-01 2020 11 20 23 30 02
-2.75950611E-01 2020 11 20 23 35 02
-2.83291504E-01 2020 11 20 23 40 03
-2.32370898E-01 2020 11 20 23 45 02
-2.47665778E-01 2020 11 20 23 50 02
-2.64664638E-01 2020 11 20 23 55 02
