-7.01777050E-01 2020 11 26 00 00 02
-6.97106000E-01 2020 11 26 00 05 02
-6.79381336E-01 2020 11 26 00 10 02
-6.80804681E-01 2020 11 26 00 15 02
-5.57301609E-01 2020 11 26 00 20 03
-4.81782753E-01 2020 11 26 00 25 02
-4.93493910E-01 2020 11 26 00 30 02
-4.56046379E-01 2020 11 26 00 35 02
-4.67327475E-01 2020 11 26 00 40 02
-5.28523994E-01 2020 11 26 00 45 03
-5.22224388E-01 2020 11 26 00 50 02
-3.94559012E-01 2020 11 26 00 55 02
-4.38299868E-01 2020 11 26 01 00 02
-4.40603356E-01 2020 11 26 01 05 02
-4.47650504E-01 2020 11 26 01 10 03
-4.93673181E-01 2020 11 26 01 15 02
-4.40455393E-01 2020 11 26 01 20 02
-3.85392008E-01 2020 11 26 01 25 02
-4.27592305E-01 2020 11 26 01 30 02
-4.09328147E-01 2020 11 26 01 35 03
-4.01544539E-01 2020 11 26 01 40 02
-3.97328798E-01 2020 11 26 01 45 02
-3.84115910E-01 2020 11 26 01 50 02
-3.14074881E-01 2020 11 26 01 55 02
-2.84615872E-01 2020 11 26 02 00 03
-2.73459797E-01 2020 11 26 02 05 02
-3.23058189E-01 2020 11 26 02 10 02
-3.46722875E-01 2020 11 26 02 15 02
-3.49243306E-01 2020 11 26 02 20 02
-3.16204680E-01 2020 11 26 02 25 03
-3.08637699E-01 2020 11 26 02 30 02
-5.40890287E-02 2020 11 26 02 35 02
-7.89591497E-02 2020 11 26 02 40 02
-2.08771141E-01 2020 11 26 02 45 02
-3.30302824E-01 2020 11 26 02 50 02
-4.57862689E-01 2020 11 26 02 55 02
-4.33814908E-01 2020 11 26 03 00 02
-3.56396717E-01 2020 11 26 03 05 02
-2.98776039E-01 2020 11 26 03 10 02
-2.79758825E-01 2020 11 26 03 15 02
-3.76812909E-01 2020 11 26 03 20 02
-3.68240090E-01 2020 11 26 03 25 02
-3.54626890E-01 2020 11 26 03 30 02
-3.70200913E-01 2020 11 26 03 35 02
-3.22601182E-01 2020 11 26 03 40 02
-3.81738522E-01 2020 11 26 03 45 02
-3.94822294E-01 2020 11 26 03 50 02
-3.70279533E-01 2020 11 26 03 55 02
-2.74981714E-01 2020 11 26 04 00 02
-2.90908986E-01 2020 11 26 04 05 02
-2.81853301E-01 2020 11 26 04 10 02
-2.24214275E-01 2020 11 26 04 15 02
-1.44916365E-01 2020 11 26 04 20 02
-1.64391760E-01 2020 11 26 04 25 02
-1.65608865E-01 2020 11 26 04 30 02
-2.06138487E-01 2020 11 26 04 35 02
-1.90277504E-01 2020 11 26 04 40 02
-2.17984552E-01 2020 11 26 04 45 02
-1.56007309E-01 2020 11 26 04 50 02
-1.24195077E-01 2020 11 26 04 55 02
-1.15421225E-01 2020 11 26 05 00 02
-8.50796850E-02 2020 11 26 05 05 02
-1.08233706E-01 2020 11 26 05 10 02
-1.32285297E-01 2020 11 26 05 15 02
-7.27214245E-02 2020 11 26 05 20 02
-1.88217559E-01 2020 11 26 05 25 02
-1.88033746E-01 2020 11 26 05 30 02
-2.21955770E-01 2020 11 26 05 35 02
-2.03745881E-01 2020 11 26 05 40 02
-2.32784375E-01 2020 11 26 05 45 02
-2.61065452E-01 2020 11 26 05 50 02
-3.11758176E-01 2020 11 26 05 55 03
-3.15493395E-01 2020 11 26 06 00 02
-2.71894086E-01 2020 11 26 06 05 02
-3.25492397E-01 2020 11 26 06 10 02
-3.14037397E-01 2020 11 26 06 15 02
-3.41830650E-01 2020 11 26 06 20 03
-3.23948222E-01 2020 11 26 06 25 02
-3.30823244E-01 2020 11 26 06 30 02
-2.70097542E-01 2020 11 26 06 35 02
-3.21082930E-01 2020 11 26 06 40 02
-2.63834578E-01 2020 11 26 06 45 03
-3.23684870E-01 2020 11 26 06 50 02
-2.49203085E-01 2020 11 26 06 55 02
-2.38560296E-01 2020 11 26 07 00 02
-3.17135418E-01 2020 11 26 07 05 02
-3.94216138E-01 2020 11 26 07 10 02
-4.76881777E-01 2020 11 26 07 15 02
-5.76169833E-01 2020 11 26 07 20 02
-5.80275615E-01 2020 11 26 07 25 02
-6.28454973E-01 2020 11 26 07 30 02
-6.47269014E-01 2020 11 26 07 35 03
-7.82379429E-01 2020 11 26 07 40 02
-7.15448009E-01 2020 11 26 07 45 02
-7.28090751E-01 2020 11 26 07 50 02
-7.29804016E-01 2020 11 26 07 55 02
-7.62810078E-01 2020 11 26 08 00 03
-6.89103426E-01 2020 11 26 08 05 02
-7.98175762E-01 2020 11 26 08 10 02
-7.17889375E-01 2020 11 26 08 15 02
-6.61789226E-01 2020 11 26 08 20 02
-6.48462675E-01 2020 11 26 08 25 03
-6.95208071E-01 2020 11 26 08 30 02
-8.01591808E-01 2020 11 26 08 35 02
-8.14708832E-01 2020 11 26 08 40 02
-7.96373987E-01 2020 11 26 08 45 02
-8.06877880E-01 2020 11 26 08 50 03
-8.19218177E-01 2020 11 26 08 55 02
-8.66539386E-01 2020 11 26 09 00 02
-9.54103720E-01 2020 11 26 09 05 02
-9.40306337E-01 2020 11 26 09 10 02
-1.00684427E+00 2020 11 26 09 15 03
-9.77985126E-01 2020 11 26 09 20 02
-9.68627403E-01 2020 11 26 09 25 02
-9.46731397E-01 2020 11 26 09 30 02
-9.85580595E-01 2020 11 26 09 35 02
-9.85608856E-01 2020 11 26 09 40 03
-1.00566249E+00 2020 11 26 09 45 02
-9.86046028E-01 2020 11 26 09 50 02
-9.52363878E-01 2020 11 26 09 55 02
-1.04281368E+00 2020 11 26 10 00 02
-1.00671220E+00 2020 11 26 10 05 03
-1.01808569E+00 2020 11 26 10 10 02
-9.85866858E-01 2020 11 26 10 15 02
-9.80415944E-01 2020 11 26 10 20 02
-9.46098630E-01 2020 11 26 10 25 02
-9.05381859E-01 2020 11 26 10 30 02
-9.15452381E-01 2020 11 26 10 35 02
-9.41047974E-01 2020 11 26 10 40 02
-9.05446372E-01 2020 11 26 10 45 02
-9.06246084E-01 2020 11 26 10 50 02
-8.66114006E-01 2020 11 26 10 55 02
-8.42460119E-01 2020 11 26 11 00 02
-8.57364943E-01 2020 11 26 11 05 02
-8.51864179E-01 2020 11 26 11 10 02
-8.00462162E-01 2020 11 26 11 15 02
-8.35188396E-01 2020 11 26 11 20 02
-7.95004811E-01 2020 11 26 11 25 02
-7.31735703E-01 2020 11 26 11 30 02
-8.00320098E-01 2020 11 26 11 35 02
-7.20616869E-01 2020 11 26 11 40 02
-7.07200573E-01 2020 11 26 11 45 02
-6.90402713E-01 2020 11 26 11 50 02
-6.52562993E-01 2020 11 26 11 55 02
-6.14067687E-01 2020 11 26 12 00 02
-6.30826462E-01 2020 11 26 12 05 02
-5.54413813E-01 2020 11 26 12 10 02
-5.99106278E-01 2020 11 26 12 15 02
-6.69740322E-01 2020 11 26 12 20 03
-5.75145187E-01 2020 11 26 12 25 02
-5.29166315E-01 2020 11 26 12 30 02
-4.69540424E-01 2020 11 26 12 35 02
-4.55002440E-01 2020 11 26 12 40 02
-4.28501737E-01 2020 11 26 12 45 03
-4.05460590E-01 2020 11 26 12 50 02
-4.99257311E-01 2020 11 26 12 55 02
-3.82995625E-01 2020 11 26 13 00 02
-3.82533961E-01 2020 11 26 13 05 02
-3.67587227E-01 2020 11 26 13 10 03
-4.27681438E-01 2020 11 26 13 15 02
-2.54452538E-01 2020 11 26 13 20 02
-3.08445722E-01 2020 11 26 13 25 02
-3.70862856E-01 2020 11 26 13 30 02
-3.08007727E-01 2020 11 26 13 35 03
-3.17317651E-01 2020 11 26 13 40 02
-2.77459210E-01 2020 11 26 13 45 02
-2.71673224E-01 2020 11 26 13 50 02
-2.99390182E-01 2020 11 26 13 55 02
-2.99610500E-01 2020 11 26 14 00 03
-3.01007724E-01 2020 11 26 14 05 02
-1.44712261E-01 2020 11 26 14 10 02
-3.20359803E-01 2020 11 26 14 15 02
-2.54058673E-01 2020 11 26 14 20 02
-2.32718428E-01 2020 11 26 14 25 03
-2.46297798E-01 2020 11 26 14 30 02
-2.51180222E-01 2020 11 26 14 35 02
-4.11798535E-01 2020 11 26 14 40 02
-3.11198369E-01 2020 11 26 14 45 02
-3.32658118E-01 2020 11 26 14 50 03
-2.65316716E-01 2020 11 26 14 55 02
-2.79571579E-01 2020 11 26 15 00 02
-2.81020157E-01 2020 11 26 15 05 02
-2.81625515E-01 2020 11 26 15 10 02
-3.29373884E-01 2020 11 26 15 15 02
-2.54891524E-01 2020 11 26 15 20 02
-2.83557505E-01 2020 11 26 15 25 02
-2.20796012E-01 2020 11 26 15 30 02
-2.05539436E-01 2020 11 26 15 35 02
-1.69030667E-01 2020 11 26 15 40 03
-2.19079953E-01 2020 11 26 15 45 02
-3.05446078E-01 2020 11 26 15 50 02
-1.80201073E-01 2020 11 26 15 55 02
-3.35860233E-01 2020 11 26 16 00 02
-2.38934535E-01 2020 11 26 16 05 03
-1.67023548E-01 2020 11 26 16 10 02
-1.87446657E-01 2020 11 26 16 15 02
-1.97931262E-01 2020 11 26 16 20 02
-3.41507112E-01 2020 11 26 16 25 02
-2.41922916E-01 2020 11 26 16 30 02
-2.90461131E-01 2020 11 26 16 35 02
-3.03226091E-01 2020 11 26 16 40 02
-3.30459101E-01 2020 11 26 16 45 02
-3.32130591E-01 2020 11 26 16 50 02
-3.39797328E-01 2020 11 26 16 55 02
-4.12065869E-01 2020 11 26 17 00 02
-2.69493661E-01 2020 11 26 17 05 02
-3.64462407E-01 2020 11 26 17 10 02
-3.69773898E-01 2020 11 26 17 15 02
-3.74679774E-01 2020 11 26 17 20 02
-3.86606259E-01 2020 11 26 17 25 02
-3.68603755E-01 2020 11 26 17 30 02
-2.83212068E-01 2020 11 26 17 35 02
-4.45236798E-01 2020 11 26 17 40 02
-3.76358734E-01 2020 11 26 17 45 02
-5.14810329E-01 2020 11 26 17 50 02
-4.23034825E-01 2020 11 26 17 55 02
-4.18433628E-01 2020 11 26 18 00 02
-4.02256637E-01 2020 11 26 18 05 02
-4.07922675E-01 2020 11 26 18 10 02
-5.42601819E-01 2020 11 26 18 15 02
-4.95740036E-01 2020 11 26 18 20 03
-4.74888926E-01 2020 11 26 18 25 02
-5.27980591E-01 2020 11 26 18 30 02
-4.97757532E-01 2020 11 26 18 35 02
-6.25617023E-01 2020 11 26 18 40 02
-5.39984755E-01 2020 11 26 18 45 03
-5.96782879E-01 2020 11 26 18 50 02
-6.11686805E-01 2020 11 26 18 55 02
-5.84590737E-01 2020 11 26 19 00 02
-6.15100066E-01 2020 11 26 19 05 02
-6.62345850E-01 2020 11 26 19 10 03
-6.13468208E-01 2020 11 26 19 15 02
-6.54790387E-01 2020 11 26 19 20 02
-6.11622656E-01 2020 11 26 19 25 02
-6.80087232E-01 2020 11 26 19 30 02
-7.33236697E-01 2020 11 26 19 35 03
-7.59868757E-01 2020 11 26 19 40 02
-7.57232049E-01 2020 11 26 19 45 02
-7.44762714E-01 2020 11 26 19 50 02
-6.79674390E-01 2020 11 26 19 55 02
-6.60334000E-01 2020 11 26 20 00 03
-6.96025187E-01 2020 11 26 20 05 02
-7.11543301E-01 2020 11 26 20 10 02
-6.87344980E-01 2020 11 26 20 15 02
-7.13109436E-01 2020 11 26 20 20 02
-7.28409621E-01 2020 11 26 20 25 03
-6.97007015E-01 2020 11 26 20 30 02
-6.38771052E-01 2020 11 26 20 35 02
-7.19228652E-01 2020 11 26 20 40 02
-6.84726390E-01 2020 11 26 20 45 02
-7.47648236E-01 2020 11 26 20 50 03
-7.75266800E-01 2020 11 26 20 55 02
-7.67384883E-01 2020 11 26 21 00 02
-8.40557434E-01 2020 11 26 21 05 02
-9.59738175E-01 2020 11 26 21 10 02
-8.81727388E-01 2020 11 26 21 15 03
-9.62993167E-01 2020 11 26 21 20 02
-9.50973191E-01 2020 11 26 21 25 02
-8.92830444E-01 2020 11 26 21 30 02
-9.36232640E-01 2020 11 26 21 35 02
-8.95069040E-01 2020 11 26 21 40 03
-1.02771924E+00 2020 11 26 21 45 02
-9.07331896E-01 2020 11 26 21 50 02
-8.84100387E-01 2020 11 26 21 55 02
-8.27651453E-01 2020 11 26 22 00 02
-8.39195897E-01 2020 11 26 22 05 03
-8.70670536E-01 2020 11 26 22 10 02
-8.83306097E-01 2020 11 26 22 15 02
-8.17433691E-01 2020 11 26 22 20 02
-9.30871863E-01 2020 11 26 22 25 02
-9.53606107E-01 2020 11 26 22 30 02
-1.05586185E+00 2020 11 26 22 35 02
-9.93974361E-01 2020 11 26 22 40 02
-9.85269754E-01 2020 11 26 22 45 02
-9.62137615E-01 2020 11 26 22 50 02
-9.03869883E-01 2020 11 26 22 55 02
-8.18312956E-01 2020 11 26 23 00 02
-8.24472612E-01 2020 11 26 23 05 02
-7.62320574E-01 2020 11 26 23 10 02
-8.18781000E-01 2020 11 26 23 15 02
-7.48529492E-01 2020 11 26 23 20 02
-8.26705042E-01 2020 11 26 23 25 02
-1.20983569E+00 2020 11 26 23 30 02
-1.24844208E+00 2020 11 26 23 35 02
-1.16907140E+00 2020 11 26 23 40 02
-1.04139978E+00 2020 11 26 23 45 02
-8.56758154E-01 2020 11 26 23 50 02
-6.06579686E-01 2020 11 26 23 55 02
