-2.53395393E-01 2020 11 21 00 00 02
-2.88407754E-01 2020 11 21 00 05 03
-2.44338703E-01 2020 11 21 00 10 02
-2.52740989E-01 2020 11 21 00 15 02
-2.71437560E-01 2020 11 21 00 20 02
-2.75196923E-01 2020 11 21 00 25 02
-2.75939710E-01 2020 11 21 00 30 02
-3.13398446E-01 2020 11 21 00 35 02
-3.40292403E-01 2020 11 21 00 40 02
-3.89589621E-01 2020 11 21 00 45 02
-3.84108905E-01 2020 11 21 00 50 02
-3.80094081E-01 2020 11 21 00 55 02
-4.01842096E-01 2020 11 21 01 00 02
-4.12061104E-01 2020 11 21 01 05 02
-4.05064296E-01 2020 11 21 01 10 02
-4.14541327E-01 2020 11 21 01 15 02
-4.46367660E-01 2020 11 21 01 20 02
-4.38194972E-01 2020 11 21 01 25 02
-3.86512415E-01 2020 11 21 01 30 02
-3.68788489E-01 2020 11 21 01 35 02
-3.87471368E-01 2020 11 21 01 40 02
-4.08114267E-01 2020 11 21 01 45 02
-3.13299830E-01 2020 11 21 01 50 02
-2.89813224E-01 2020 11 21 01 55 02
-3.86393264E-01 2020 11 21 02 00 02
-3.67434252E-01 2020 11 21 02 05 02
-4.14729749E-01 2020 11 21 02 10 02
-3.97852666E-01 2020 11 21 02 15 02
-3.89746876E-01 2020 11 21 02 20 02
-3.20842060E-01 2020 11 21 02 25 02
-3.56722514E-01 2020 11 21 02 30 02
-3.90582630E-01 2020 11 21 02 35 02
-4.95159970E-01 2020 11 21 02 40 02
-5.40046445E-01 2020 11 21 02 45 02
-5.44876757E-01 2020 11 21 02 50 02
-5.81348267E-01 2020 11 21 02 55 02
-5.88250019E-01 2020 11 21 03 00 02
-6.51948482E-01 2020 11 21 03 05 02
-6.03675083E-01 2020 11 21 03 10 02
-4.61817601E-01 2020 11 21 03 15 02
-4.68608420E-01 2020 11 21 03 20 02
-4.91121713E-01 2020 11 21 03 25 02
-4.95309677E-01 2020 11 21 03 30 02
-4.80077871E-01 2020 11 21 03 35 03
-5.47948018E-01 2020 11 21 03 40 02
-5.83700467E-01 2020 11 21 03 45 02
-6.17941307E-01 2020 11 21 03 50 02
-6.07853175E-01 2020 11 21 03 55 02
-6.13233519E-01 2020 11 21 04 00 03
-5.73901584E-01 2020 11 21 04 05 02
-5.09979172E-01 2020 11 21 04 10 02
-4.97160899E-01 2020 11 21 04 15 02
-3.18646551E-01 2020 11 21 04 20 02
-2.07947917E-01 2020 11 21 04 25 03
-1.69608425E-01 2020 11 21 04 30 02
-1.93067052E-01 2020 11 21 04 35 02
-2.45066989E-01 2020 11 21 04 40 02
-3.08079213E-01 2020 11 21 04 45 02
-3.99465186E-01 2020 11 21 04 50 03
-4.43967799E-01 2020 11 21 04 55 02
-4.30757417E-01 2020 11 21 05 00 02
-4.46903782E-01 2020 11 21 05 05 02
-4.12883212E-01 2020 11 21 05 10 02
-3.92214825E-01 2020 11 21 05 15 02
-3.49550511E-01 2020 11 21 05 20 02
-3.46105521E-01 2020 11 21 05 25 02
-3.12723232E-01 2020 11 21 05 30 02
-3.12236669E-01 2020 11 21 05 35 02
-3.08856375E-01 2020 11 21 05 40 02
-3.25249714E-01 2020 11 21 05 45 02
-2.62527855E-01 2020 11 21 05 50 02
-3.68732635E-01 2020 11 21 05 55 02
-2.75144101E-01 2020 11 21 06 00 02
-3.30609786E-01 2020 11 21 06 05 02
-2.00352012E-01 2020 11 21 06 10 02
-2.01630722E-01 2020 11 21 06 15 02
-1.97708048E-01 2020 11 21 06 20 02
-1.72246272E-01 2020 11 21 06 25 02
-2.00048223E-01 2020 11 21 06 30 02
-9.57427346E-02 2020 11 21 06 35 02
-1.09265127E-01 2020 11 21 06 40 03
-5.08075597E-02 2020 11 21 06 45 02
-7.59578231E-02 2020 11 21 06 50 02
+3.42942605E-02 2020 11 21 06 55 02
+3.13560775E-02 2020 11 21 07 00 02
+3.55475545E-02 2020 11 21 07 05 02
+1.22655369E-01 2020 11 21 07 10 02
+1.08798477E-01 2020 11 21 07 15 02
+9.91394640E-02 2020 11 21 07 20 02
+3.19899266E-02 2020 11 21 07 25 02
-1.20687809E-02 2020 11 21 07 30 02
+8.72351485E-02 2020 11 21 07 35 02
+4.70922513E-02 2020 11 21 07 40 02
+6.32804440E-02 2020 11 21 07 45 02
+1.52761353E-01 2020 11 21 07 50 02
+1.26289774E-01 2020 11 21 07 55 02
+5.81328945E-02 2020 11 21 08 00 02
+8.53646009E-02 2020 11 21 08 05 02
+8.32009697E-02 2020 11 21 08 10 02
+7.63346033E-02 2020 11 21 08 15 02
+1.69224563E-01 2020 11 21 08 20 03
+1.24286670E-01 2020 11 21 08 25 02
+9.71430521E-02 2020 11 21 08 30 02
+7.20727845E-02 2020 11 21 08 35 02
+1.36533482E-01 2020 11 21 08 40 02
+1.14227664E-01 2020 11 21 08 45 03
+1.19168527E-01 2020 11 21 08 50 02
+1.41774488E-01 2020 11 21 08 55 02
+1.10617108E-01 2020 11 21 09 00 02
+8.46770876E-02 2020 11 21 09 05 02
+7.73482423E-02 2020 11 21 09 10 02
+2.50044695E-03 2020 11 21 09 15 02
+1.29084000E-01 2020 11 21 09 20 02
-1.58383668E-02 2020 11 21 09 25 02
+1.72180146E-01 2020 11 21 09 30 02
+1.16552124E-01 2020 11 21 09 35 02
+6.60960240E-02 2020 11 21 09 40 02
+1.89480654E-01 2020 11 21 09 45 02
+3.03147094E-02 2020 11 21 09 50 02
+1.41087746E-01 2020 11 21 09 55 02
+8.97216252E-02 2020 11 21 10 00 02
+1.31125524E-01 2020 11 21 10 05 02
+8.91322014E-02 2020 11 21 10 10 02
+6.00185972E-02 2020 11 21 10 15 02
+9.41072883E-02 2020 11 21 10 20 02
+2.63564432E-02 2020 11 21 10 25 03
+1.14990313E-01 2020 11 21 10 30 02
+1.14426993E-01 2020 11 21 10 35 02
+1.47405029E-01 2020 11 21 10 40 02
+1.71972231E-01 2020 11 21 10 45 02
+1.98201515E-01 2020 11 21 10 50 02
+3.19307472E-01 2020 11 21 10 55 02
+2.24007033E-01 2020 11 21 11 00 02
+2.87955447E-01 2020 11 21 11 05 02
+2.78537136E-01 2020 11 21 11 10 02
+3.13672779E-01 2020 11 21 11 15 02
+2.57060366E-01 2020 11 21 11 20 02
+2.16063659E-01 2020 11 21 11 25 02
+3.52548488E-01 2020 11 21 11 30 02
+2.09543189E-01 2020 11 21 11 35 02
+3.37762091E-01 2020 11 21 11 40 03
+2.85701236E-01 2020 11 21 11 45 02
+3.42919556E-01 2020 11 21 11 50 02
+3.42061385E-01 2020 11 21 11 55 02
+3.36469346E-01 2020 11 21 12 00 02
+3.32001512E-01 2020 11 21 12 05 03
+3.03734572E-01 2020 11 21 12 10 02
+3.47100727E-01 2020 11 21 12 15 02
+3.35973619E-01 2020 11 21 12 20 02
+4.40683721E-01 2020 11 21 12 25 02
+3.79867726E-01 2020 11 21 12 30 02
+2.95562896E-01 2020 11 21 12 35 02
+4.02862266E-01 2020 11 21 12 40 02
+3.78081410E-01 2020 11 21 12 45 02
+4.72582450E-01 2020 11 21 12 50 02
+5.12216655E-01 2020 11 21 12 55 02
+4.96602602E-01 2020 11 21 13 00 02
+4.27436993E-01 2020 11 21 13 05 02
+3.65257165E-01 2020 11 21 13 10 02
+4.09154607E-01 2020 11 21 13 15 02
+4.10913899E-01 2020 11 21 13 20 02
+4.03880115E-01 2020 11 21 13 25 02
+3.82925278E-01 2020 11 21 13 30 02
+2.44251224E-01 2020 11 21 13 35 02
+3.97911499E-01 2020 11 21 13 40 02
+3.81614718E-01 2020 11 21 13 45 02
+3.36139591E-01 2020 11 21 13 50 02
+2.52035870E-01 2020 11 21 13 55 02
+6.32395315E-02 2020 11 21 14 00 02
+2.49778823E-01 2020 11 21 14 05 02
+1.64509698E-01 2020 11 21 14 10 03
+1.75184447E-01 2020 11 21 14 15 02
+1.30174865E-01 2020 11 21 14 20 02
+3.23434867E-02 2020 11 21 14 25 02
+1.37106624E-01 2020 11 21 14 30 02
+1.15344027E-01 2020 11 21 14 35 02
+1.33362983E-01 2020 11 21 14 40 02
+9.34170145E-02 2020 11 21 14 45 02
-3.46967610E-02 2020 11 21 14 50 02
-3.12715165E-03 2020 11 21 14 55 02
+1.16288822E-02 2020 11 21 15 00 02
+4.96974291E-03 2020 11 21 15 05 02
-2.57064015E-02 2020 11 21 15 10 02
-1.45277509E-05 2020 11 21 15 15 02
-1.02569522E-02 2020 11 21 15 20 02
-8.13364500E-02 2020 11 21 15 25 02
-8.83812710E-02 2020 11 21 15 30 02
-1.51715934E-01 2020 11 21 15 35 02
-9.55509014E-02 2020 11 21 15 40 02
-6.35880585E-02 2020 11 21 15 45 02
-1.52704813E-01 2020 11 21 15 50 02
-1.66242161E-01 2020 11 21 15 55 02
-2.35804940E-01 2020 11 21 16 00 02
-2.32147378E-01 2020 11 21 16 05 02
-2.69925239E-01 2020 11 21 16 10 02
-2.69391522E-01 2020 11 21 16 15 02
-2.37079089E-01 2020 11 21 16 20 02
-2.95460783E-01 2020 11 21 16 25 02
-4.30097103E-01 2020 11 21 16 30 02
-2.98387486E-01 2020 11 21 16 35 02
-3.03799835E-01 2020 11 21 16 40 02
-4.66886555E-01 2020 11 21 16 45 02
-3.77475062E-01 2020 11 21 16 50 02
-4.58371127E-01 2020 11 21 16 55 02
-3.90744945E-01 2020 11 21 17 00 02
-4.64900602E-01 2020 11 21 17 05 02
-3.96967685E-01 2020 11 21 17 10 02
-4.16525818E-01 2020 11 21 17 15 02
-3.74289327E-01 2020 11 21 17 20 02
-4.28852832E-01 2020 11 21 17 25 02
-4.24771595E-01 2020 11 21 17 30 02
-4.08000760E-01 2020 11 21 17 35 02
-4.21124952E-01 2020 11 21 17 40 02
-5.18342536E-01 2020 11 21 17 45 02
-3.63939682E-01 2020 11 21 17 50 02
-3.63926175E-01 2020 11 21 17 55 02
-4.45173791E-01 2020 11 21 18 00 02
-3.80395823E-01 2020 11 21 18 05 02
-4.31661944E-01 2020 11 21 18 10 02
-4.12927301E-01 2020 11 21 18 15 02
-3.58109867E-01 2020 11 21 18 20 02
-3.37015076E-01 2020 11 21 18 25 02
-3.70860050E-01 2020 11 21 18 30 02
-3.90972322E-01 2020 11 21 18 35 02
-4.01997780E-01 2020 11 21 18 40 02
-4.01874338E-01 2020 11 21 18 45 02
-3.68557294E-01 2020 11 21 18 50 02
-3.51757721E-01 2020 11 21 18 55 02
-3.30671392E-01 2020 11 21 19 00 02
-2.74691217E-01 2020 11 21 19 05 02
-3.01369353E-01 2020 11 21 19 10 02
-3.28923277E-01 2020 11 21 19 15 02
-3.52136443E-01 2020 11 21 19 20 02
-2.57469810E-01 2020 11 21 19 25 02
-3.66139908E-01 2020 11 21 19 30 02
-3.63574766E-01 2020 11 21 19 35 02
-4.16850018E-01 2020 11 21 19 40 02
-4.09329457E-01 2020 11 21 19 45 02
-4.14853336E-01 2020 11 21 19 50 02
-4.15225067E-01 2020 11 21 19 55 02
-4.31281789E-01 2020 11 21 20 00 02
-3.96329186E-01 2020 11 21 20 05 02
-4.26856275E-01 2020 11 21 20 10 03
-4.44072316E-01 2020 11 21 20 15 02
-3.63187198E-01 2020 11 21 20 20 02
-4.40872649E-01 2020 11 21 20 25 02
-4.12354418E-01 2020 11 21 20 30 02
-3.80212610E-01 2020 11 21 20 35 03
-3.79343011E-01 2020 11 21 20 40 02
-3.87784303E-01 2020 11 21 20 45 02
-4.48458646E-01 2020 11 21 20 50 02
-4.62365336E-01 2020 11 21 20 55 02
-5.20714826E-01 2020 11 21 21 00 03
-4.57829390E-01 2020 11 21 21 05 02
-4.16928849E-01 2020 11 21 21 10 02
-4.61692608E-01 2020 11 21 21 15 02
-5.07871649E-01 2020 11 21 21 20 02
-5.25280495E-01 2020 11 21 21 25 03
-4.92434793E-01 2020 11 21 21 30 02
-5.43506818E-01 2020 11 21 21 35 02
-6.07746633E-01 2020 11 21 21 40 02
-6.10386083E-01 2020 11 21 21 45 02
-5.43762531E-01 2020 11 21 21 50 03
-5.65558947E-01 2020 11 21 21 55 02
-5.01356843E-01 2020 11 21 22 00 02
-3.71718285E-01 2020 11 21 22 05 02
-2.76162252E-01 2020 11 21 22 10 02
-4.35601172E-01 2020 11 21 22 15 03
-4.49885456E-01 2020 11 21 22 20 02
-5.80862522E-01 2020 11 21 22 25 02
-7.31996471E-01 2020 11 21 22 30 02
-7.14814949E-01 2020 11 21 22 35 02
-6.55649444E-01 2020 11 21 22 40 03
-5.87578141E-01 2020 11 21 22 45 02
-5.63148045E-01 2020 11 21 22 50 02
-3.85056677E-01 2020 11 21 22 55 02
-4.10030239E-01 2020 11 21 23 00 02
-3.23443453E-01 2020 11 21 23 05 03
-2.22524727E-01 2020 11 21 23 10 02
-1.54452562E-01 2020 11 21 23 15 02
-1.53899895E-01 2020 11 21 23 20 02
-1.91545687E-01 2020 11 21 23 25 02
-2.46394086E-01 2020 11 21 23 30 02
-2.94283644E-01 2020 11 21 23 35 02
-2.74777406E-01 2020 11 21 23 40 02
-2.92204437E-01 2020 11 21 23 45 02
-2.62161113E-01 2020 11 21 23 50 02
-2.88775839E-01 2020 11 21 23 55 02
