-9.57709242E-01 2020 11 07 00 00 02
-9.34430756E-01 2020 11 07 00 05 02
-9.66380812E-01 2020 11 07 00 10 02
-1.02575069E+00 2020 11 07 00 15 02
-1.02171950E+00 2020 11 07 00 20 02
-1.04461261E+00 2020 11 07 00 25 03
-1.07039495E+00 2020 11 07 00 30 02
-9.71880551E-01 2020 11 07 00 35 02
-7.75304762E-01 2020 11 07 00 40 02
-7.46063901E-01 2020 11 07 00 45 02
-9.12231547E-01 2020 11 07 00 50 03
-8.83329932E-01 2020 11 07 00 55 02
-7.99635593E-01 2020 11 07 01 00 02
-8.60178432E-01 2020 11 07 01 05 02
-7.78211671E-01 2020 11 07 01 10 02
-9.20530856E-01 2020 11 07 01 15 03
-8.97600681E-01 2020 11 07 01 20 02
-9.55405687E-01 2020 11 07 01 25 02
-9.13438869E-01 2020 11 07 01 30 02
-1.02280289E+00 2020 11 07 01 35 02
-1.06645967E+00 2020 11 07 01 40 02
-1.08054440E+00 2020 11 07 01 45 02
-1.10658532E+00 2020 11 07 01 50 02
-1.08946920E+00 2020 11 07 01 55 02
-1.07227646E+00 2020 11 07 02 00 02
-1.04185309E+00 2020 11 07 02 05 02
-1.09906116E+00 2020 11 07 02 10 02
-1.01863126E+00 2020 11 07 02 15 02
-1.03552923E+00 2020 11 07 02 20 02
-1.05334416E+00 2020 11 07 02 25 02
-1.07353403E+00 2020 11 07 02 30 02
-1.08025478E+00 2020 11 07 02 35 02
-1.10467649E+00 2020 11 07 02 40 02
-1.14306610E+00 2020 11 07 02 45 02
-1.05605095E+00 2020 11 07 02 50 02
-9.94477240E-01 2020 11 07 02 55 02
-1.05462446E+00 2020 11 07 03 00 02
-9.57575338E-01 2020 11 07 03 05 02
-9.22855280E-01 2020 11 07 03 10 02
-8.23263129E-01 2020 11 07 03 15 02
-6.48138603E-01 2020 11 07 03 20 02
-6.37793053E-01 2020 11 07 03 25 02
-6.86988500E-01 2020 11 07 03 30 02
-6.69735996E-01 2020 11 07 03 35 02
-7.62170529E-01 2020 11 07 03 40 02
-7.82246591E-01 2020 11 07 03 45 02
-8.68440022E-01 2020 11 07 03 50 02
-8.94599953E-01 2020 11 07 03 55 02
-7.89526042E-01 2020 11 07 04 00 02
-7.48711520E-01 2020 11 07 04 05 02
-7.63352922E-01 2020 11 07 04 10 02
-8.79829938E-01 2020 11 07 04 15 02
-9.06366483E-01 2020 11 07 04 20 02
-9.46235728E-01 2020 11 07 04 25 02
-9.45745691E-01 2020 11 07 04 30 02
-9.03359292E-01 2020 11 07 04 35 02
-8.87384977E-01 2020 11 07 04 40 02
-8.72838264E-01 2020 11 07 04 45 03
-8.31947326E-01 2020 11 07 04 50 02
-7.95437423E-01 2020 11 07 04 55 02
-7.62987564E-01 2020 11 07 05 00 02
-7.91869820E-01 2020 11 07 05 05 02
-7.92100665E-01 2020 11 07 05 10 03
-7.36047577E-01 2020 11 07 05 15 02
-7.58293398E-01 2020 11 07 05 20 02
-7.84843329E-01 2020 11 07 05 25 02
-7.57799733E-01 2020 11 07 05 30 02
-7.53783526E-01 2020 11 07 05 35 03
-7.13309410E-01 2020 11 07 05 40 02
-7.11011435E-01 2020 11 07 05 45 02
-6.68178384E-01 2020 11 07 05 50 02
-5.96228658E-01 2020 11 07 05 55 02
-6.70159438E-01 2020 11 07 06 00 03
-5.90396413E-01 2020 11 07 06 05 02
-6.02025652E-01 2020 11 07 06 10 02
-5.39046448E-01 2020 11 07 06 15 02
-5.42350562E-01 2020 11 07 06 20 02
-4.94017697E-01 2020 11 07 06 25 02
-5.34540953E-01 2020 11 07 06 30 02
-3.81579339E-01 2020 11 07 06 35 02
-4.65134591E-01 2020 11 07 06 40 02
-4.18228379E-01 2020 11 07 06 45 02
-4.15096379E-01 2020 11 07 06 50 02
-3.72697172E-01 2020 11 07 06 55 02
-4.19059276E-01 2020 11 07 07 00 02
-4.61550575E-01 2020 11 07 07 05 02
-4.15891335E-01 2020 11 07 07 10 02
-3.64646591E-01 2020 11 07 07 15 02
-2.79917923E-01 2020 11 07 07 20 02
-3.53261087E-01 2020 11 07 07 25 02
-3.55859368E-01 2020 11 07 07 30 02
-3.79200829E-01 2020 11 07 07 35 02
-2.37191309E-01 2020 11 07 07 40 02
-3.96884792E-01 2020 11 07 07 45 02
-4.16289109E-01 2020 11 07 07 50 02
-3.51310057E-01 2020 11 07 07 55 02
-3.97055011E-01 2020 11 07 08 00 02
-3.49556685E-01 2020 11 07 08 05 02
-4.25303909E-01 2020 11 07 08 10 02
-3.75466112E-01 2020 11 07 08 15 02
-4.09161192E-01 2020 11 07 08 20 02
-4.41790545E-01 2020 11 07 08 25 02
-3.69364208E-01 2020 11 07 08 30 02
-4.21265850E-01 2020 11 07 08 35 02
-4.27535829E-01 2020 11 07 08 40 03
-4.10810309E-01 2020 11 07 08 45 02
-4.38631362E-01 2020 11 07 08 50 02
-3.97717328E-01 2020 11 07 08 55 02
-3.72246112E-01 2020 11 07 09 00 02
-4.10680238E-01 2020 11 07 09 05 03
-4.04631007E-01 2020 11 07 09 10 02
-3.24333600E-01 2020 11 07 09 15 02
-5.04612725E-01 2020 11 07 09 20 02
-4.27905323E-01 2020 11 07 09 25 02
-3.38001520E-01 2020 11 07 09 30 02
-3.92734068E-01 2020 11 07 09 35 02
-3.47682598E-01 2020 11 07 09 40 02
-2.92771245E-01 2020 11 07 09 45 02
-3.57136378E-01 2020 11 07 09 50 02
-3.50150114E-01 2020 11 07 09 55 02
-3.91687823E-01 2020 11 07 10 00 02
-2.85021929E-01 2020 11 07 10 05 02
-2.04899713E-01 2020 11 07 10 10 02
-2.36808537E-01 2020 11 07 10 15 02
-2.12177713E-01 2020 11 07 10 20 02
-2.33434103E-01 2020 11 07 10 25 02
-2.23777619E-01 2020 11 07 10 30 02
-2.13715901E-01 2020 11 07 10 35 02
-2.12751810E-01 2020 11 07 10 40 02
-2.15493644E-01 2020 11 07 10 45 02
-1.86751866E-01 2020 11 07 10 50 02
-9.20449970E-02 2020 11 07 10 55 02
-8.38809132E-02 2020 11 07 11 00 02
-1.89804452E-01 2020 11 07 11 05 02
-1.28829336E-01 2020 11 07 11 10 02
-7.16475342E-02 2020 11 07 11 15 02
-4.66205158E-02 2020 11 07 11 20 02
+3.15608165E-02 2020 11 07 11 25 02
+1.00274585E-01 2020 11 07 11 30 02
+4.57499272E-02 2020 11 07 11 35 02
-4.96695270E-02 2020 11 07 11 40 02
+4.92044068E-02 2020 11 07 11 45 02
+9.89569113E-02 2020 11 07 11 50 02
+7.79820325E-02 2020 11 07 11 55 02
+1.82294927E-01 2020 11 07 12 00 02
+1.04055846E-01 2020 11 07 12 05 02
+1.54702948E-01 2020 11 07 12 10 03
+5.78392160E-03 2020 11 07 12 15 02
+1.23127911E-01 2020 11 07 12 20 02
+1.67145744E-01 2020 11 07 12 25 02
+2.14492027E-01 2020 11 07 12 30 02
+3.75392475E-01 2020 11 07 12 35 03
+2.81973844E-01 2020 11 07 12 40 02
+2.83541486E-01 2020 11 07 12 45 02
+2.48450370E-01 2020 11 07 12 50 02
+2.05517038E-01 2020 11 07 12 55 02
+1.93211020E-01 2020 11 07 13 00 03
+7.54328729E-02 2020 11 07 13 05 02
+1.42252978E-01 2020 11 07 13 10 02
+1.09804263E-01 2020 11 07 13 15 02
+7.30902990E-02 2020 11 07 13 20 02
-2.86728236E-02 2020 11 07 13 25 03
-9.38552062E-02 2020 11 07 13 30 02
-4.47365807E-02 2020 11 07 13 35 02
-1.31826218E-01 2020 11 07 13 40 02
-1.30788630E-01 2020 11 07 13 45 02
-1.25652671E-01 2020 11 07 13 50 03
-1.44201090E-01 2020 11 07 13 55 02
-1.97233543E-01 2020 11 07 14 00 02
-1.03507999E-01 2020 11 07 14 05 02
-2.50630061E-01 2020 11 07 14 10 02
-1.93690271E-01 2020 11 07 14 15 03
-2.13930094E-01 2020 11 07 14 20 02
-2.19168222E-01 2020 11 07 14 25 02
-3.03441701E-01 2020 11 07 14 30 02
-2.75288006E-01 2020 11 07 14 35 02
-2.95942472E-01 2020 11 07 14 40 02
-3.54726729E-01 2020 11 07 14 45 02
-3.65861640E-01 2020 11 07 14 50 02
-3.85227077E-01 2020 11 07 14 55 02
-4.08262447E-01 2020 11 07 15 00 02
-4.73753043E-01 2020 11 07 15 05 02
-4.25498971E-01 2020 11 07 15 10 02
-4.47243983E-01 2020 11 07 15 15 02
-4.89693980E-01 2020 11 07 15 20 02
-5.30806498E-01 2020 11 07 15 25 02
-5.87427058E-01 2020 11 07 15 30 02
-6.13687389E-01 2020 11 07 15 35 02
-5.40514320E-01 2020 11 07 15 40 02
-5.99624682E-01 2020 11 07 15 45 02
-7.31193015E-01 2020 11 07 15 50 02
-6.73671593E-01 2020 11 07 15 55 02
-6.70147640E-01 2020 11 07 16 00 02
-7.75872028E-01 2020 11 07 16 05 02
-7.20275724E-01 2020 11 07 16 10 02
-7.25547482E-01 2020 11 07 16 15 02
-8.30255861E-01 2020 11 07 16 20 02
-8.10921028E-01 2020 11 07 16 25 02
-6.84880042E-01 2020 11 07 16 30 03
-8.21610013E-01 2020 11 07 16 35 02
-7.44437566E-01 2020 11 07 16 40 02
-7.87526888E-01 2020 11 07 16 45 02
-8.24739449E-01 2020 11 07 16 50 02
-7.61601007E-01 2020 11 07 16 55 03
-8.22657396E-01 2020 11 07 17 00 02
-8.18043200E-01 2020 11 07 17 05 02
-6.75114302E-01 2020 11 07 17 10 02
-7.48008156E-01 2020 11 07 17 15 02
-4.98906190E-01 2020 11 07 17 20 02
-7.20894253E-01 2020 11 07 17 25 02
-6.61057849E-01 2020 11 07 17 30 02
-6.58982220E-01 2020 11 07 17 35 02
-7.81723071E-01 2020 11 07 17 40 02
-7.99573756E-01 2020 11 07 17 45 02
-7.36592639E-01 2020 11 07 17 50 02
-8.15914098E-01 2020 11 07 17 55 02
-8.71346677E-01 2020 11 07 18 00 02
-7.50592421E-01 2020 11 07 18 05 02
-8.14421403E-01 2020 11 07 18 10 02
-7.73848307E-01 2020 11 07 18 15 02
-6.80923747E-01 2020 11 07 18 20 02
-5.81768639E-01 2020 11 07 18 25 02
-6.42326352E-01 2020 11 07 18 30 02
-6.54217390E-01 2020 11 07 18 35 02
-7.24628044E-01 2020 11 07 18 40 02
-6.42761069E-01 2020 11 07 18 45 02
-6.48377546E-01 2020 11 07 18 50 02
-6.44948426E-01 2020 11 07 18 55 02
-6.72922897E-01 2020 11 07 19 00 02
-6.62068057E-01 2020 11 07 19 05 02
-6.84756479E-01 2020 11 07 19 10 02
-5.45186823E-01 2020 11 07 19 15 02
-6.19759937E-01 2020 11 07 19 20 02
-6.07485545E-01 2020 11 07 19 25 02
-6.37972563E-01 2020 11 07 19 30 02
-6.47975547E-01 2020 11 07 19 35 02
-5.83750674E-01 2020 11 07 19 40 02
-5.03595359E-01 2020 11 07 19 45 02
-5.70987927E-01 2020 11 07 19 50 02
-5.76981524E-01 2020 11 07 19 55 02
-6.50400195E-01 2020 11 07 20 00 02
-5.15898093E-01 2020 11 07 20 05 02
-4.77526194E-01 2020 11 07 20 10 02
-4.87526288E-01 2020 11 07 20 15 02
-5.66915779E-01 2020 11 07 20 20 02
-6.15031685E-01 2020 11 07 20 25 03
-5.81806060E-01 2020 11 07 20 30 02
-4.11332118E-01 2020 11 07 20 35 02
-5.19502607E-01 2020 11 07 20 40 02
-5.28324269E-01 2020 11 07 20 45 02
-5.07301631E-01 2020 11 07 20 50 02
-4.57218448E-01 2020 11 07 20 55 02
-4.92656427E-01 2020 11 07 21 00 02
-5.67088210E-01 2020 11 07 21 05 02
-5.26049601E-01 2020 11 07 21 10 02
-4.60895428E-01 2020 11 07 21 15 02
-5.56243793E-01 2020 11 07 21 20 02
-5.35645659E-01 2020 11 07 21 25 02
-5.41906747E-01 2020 11 07 21 30 02
-5.30278735E-01 2020 11 07 21 35 02
-4.84635064E-01 2020 11 07 21 40 03
-4.82316429E-01 2020 11 07 21 45 02
-5.56515146E-01 2020 11 07 21 50 02
-5.35370000E-01 2020 11 07 21 55 02
-4.70614914E-01 2020 11 07 22 00 02
-5.51569591E-01 2020 11 07 22 05 03
-5.21404469E-01 2020 11 07 22 10 02
-5.73007174E-01 2020 11 07 22 15 02
-5.83552650E-01 2020 11 07 22 20 02
-7.10795403E-01 2020 11 07 22 25 02
-5.34529889E-01 2020 11 07 22 30 03
-4.07440670E-01 2020 11 07 22 35 02
-4.83396568E-01 2020 11 07 22 40 02
-4.99140446E-01 2020 11 07 22 45 02
-6.72944834E-01 2020 11 07 22 50 02
-6.68332057E-01 2020 11 07 22 55 03
-5.22292154E-01 2020 11 07 23 00 02
-4.53990938E-01 2020 11 07 23 05 02
-5.51896375E-01 2020 11 07 23 10 02
-5.44644814E-01 2020 11 07 23 15 02
-5.54796617E-01 2020 11 07 23 20 02
-5.71538921E-01 2020 11 07 23 25 02
-5.50542778E-01 2020 11 07 23 30 02
-5.60117054E-01 2020 11 07 23 35 02
-6.50431832E-01 2020 11 07 23 40 02
-5.83820557E-01 2020 11 07 23 45 02
-6.50401133E-01 2020 11 07 23 50 02
-6.84488471E-01 2020 11 07 23 55 02
