-4.16698609E-01 2020 11 24 00 00 02
-4.04069739E-01 2020 11 24 00 05 02
-2.80846222E-01 2020 11 24 00 10 02
-3.81443991E-01 2020 11 24 00 15 02
-4.02992913E-01 2020 11 24 00 20 02
-3.46182339E-01 2020 11 24 00 25 02
-3.49025185E-01 2020 11 24 00 30 02
-2.45173567E-01 2020 11 24 00 35 02
-3.83314778E-01 2020 11 24 00 40 02
-4.18955711E-01 2020 11 24 00 45 02
-4.22026438E-01 2020 11 24 00 50 02
-4.63010400E-01 2020 11 24 00 55 02
-4.32364812E-01 2020 11 24 01 00 02
-4.09919551E-01 2020 11 24 01 05 02
-3.88592751E-01 2020 11 24 01 10 02
-3.45687417E-01 2020 11 24 01 15 02
-2.76147072E-01 2020 11 24 01 20 03
-2.09008342E-01 2020 11 24 01 25 02
-2.31493446E-01 2020 11 24 01 30 02
-2.11815091E-01 2020 11 24 01 35 02
-1.19285434E-01 2020 11 24 01 40 02
-2.22952029E-01 2020 11 24 01 45 03
-2.01462159E-01 2020 11 24 01 50 02
-2.01423260E-01 2020 11 24 01 55 02
-2.36307054E-01 2020 11 24 02 00 02
-2.99604102E-01 2020 11 24 02 05 02
-3.00328459E-01 2020 11 24 02 10 03
-2.69485578E-01 2020 11 24 02 15 02
-2.92683327E-01 2020 11 24 02 20 02
-3.43205152E-01 2020 11 24 02 25 02
-3.39051924E-01 2020 11 24 02 30 02
-3.52252884E-01 2020 11 24 02 35 03
-3.59523585E-01 2020 11 24 02 40 02
-3.73449748E-01 2020 11 24 02 45 02
-4.28235391E-01 2020 11 24 02 50 02
-4.00758250E-01 2020 11 24 02 55 02
-4.01025875E-01 2020 11 24 03 00 03
-3.87463514E-01 2020 11 24 03 05 02
-4.23100008E-01 2020 11 24 03 10 02
-3.75736090E-01 2020 11 24 03 15 02
-3.91318831E-01 2020 11 24 03 20 02
-3.46598785E-01 2020 11 24 03 25 02
-2.82639506E-01 2020 11 24 03 30 02
-3.77169439E-01 2020 11 24 03 35 02
-3.85127247E-01 2020 11 24 03 40 02
-4.34040228E-01 2020 11 24 03 45 02
-4.13739096E-01 2020 11 24 03 50 02
-3.37922959E-01 2020 11 24 03 55 02
-3.78097304E-01 2020 11 24 04 00 02
-3.25725235E-01 2020 11 24 04 05 02
-3.85094214E-01 2020 11 24 04 10 02
-4.23720727E-01 2020 11 24 04 15 02
-4.04208055E-01 2020 11 24 04 20 02
-4.95695260E-01 2020 11 24 04 25 02
-4.64459954E-01 2020 11 24 04 30 02
-3.53419031E-01 2020 11 24 04 35 02
-3.24066890E-01 2020 11 24 04 40 02
-3.80616715E-01 2020 11 24 04 45 02
-3.56020925E-01 2020 11 24 04 50 02
-3.75565904E-01 2020 11 24 04 55 02
-3.60110330E-01 2020 11 24 05 00 02
-3.79838773E-01 2020 11 24 05 05 02
-4.11837352E-01 2020 11 24 05 10 02
-4.98979835E-01 2020 11 24 05 15 03
-4.50715027E-01 2020 11 24 05 20 02
-4.93731553E-01 2020 11 24 05 25 02
-4.65254659E-01 2020 11 24 05 30 02
-4.80272992E-01 2020 11 24 05 35 02
-5.58303259E-01 2020 11 24 05 40 03
-5.57728826E-01 2020 11 24 05 45 02
-5.34034203E-01 2020 11 24 05 50 02
-6.00438163E-01 2020 11 24 05 55 02
-5.26081191E-01 2020 11 24 06 00 02
-5.66701880E-01 2020 11 24 06 05 03
-5.20144649E-01 2020 11 24 06 10 02
-5.30292309E-01 2020 11 24 06 15 02
-5.53256284E-01 2020 11 24 06 20 02
-4.96802410E-01 2020 11 24 06 25 02
-5.40447928E-01 2020 11 24 06 30 03
-6.12320468E-01 2020 11 24 06 35 02
-6.86602069E-01 2020 11 24 06 40 02
-6.66665930E-01 2020 11 24 06 45 02
-5.87091791E-01 2020 11 24 06 50 02
-5.68560054E-01 2020 11 24 06 55 03
-6.06503478E-01 2020 11 24 07 00 02
-6.28579343E-01 2020 11 24 07 05 02
-6.36053373E-01 2020 11 24 07 10 02
-6.17860705E-01 2020 11 24 07 15 02
-6.57272235E-01 2020 11 24 07 20 02
-7.03759080E-01 2020 11 24 07 25 02
-6.39180251E-01 2020 11 24 07 30 02
-5.46313932E-01 2020 11 24 07 35 02
-6.49402414E-01 2020 11 24 07 40 02
-6.53721816E-01 2020 11 24 07 45 02
-6.54820191E-01 2020 11 24 07 50 02
-7.07210218E-01 2020 11 24 07 55 02
-7.15553832E-01 2020 11 24 08 00 02
-8.03329530E-01 2020 11 24 08 05 02
-8.01106547E-01 2020 11 24 08 10 02
-7.86592912E-01 2020 11 24 08 15 02
-8.12116887E-01 2020 11 24 08 20 03
-7.77426024E-01 2020 11 24 08 25 02
-8.70856052E-01 2020 11 24 08 30 02
-8.66223065E-01 2020 11 24 08 35 02
-8.43998392E-01 2020 11 24 08 40 02
-8.66114062E-01 2020 11 24 08 45 03
-8.55444823E-01 2020 11 24 08 50 02
-8.81436968E-01 2020 11 24 08 55 02
-8.91691628E-01 2020 11 24 09 00 02
-8.43935616E-01 2020 11 24 09 05 02
-8.02775605E-01 2020 11 24 09 10 03
-9.79474968E-01 2020 11 24 09 15 02
-8.68379498E-01 2020 11 24 09 20 02
-8.43327739E-01 2020 11 24 09 25 02
-8.11370385E-01 2020 11 24 09 30 02
-8.41075905E-01 2020 11 24 09 35 03
-8.09628587E-01 2020 11 24 09 40 02
-7.85915113E-01 2020 11 24 09 45 02
-8.65541798E-01 2020 11 24 09 50 02
-8.22206730E-01 2020 11 24 09 55 02
-8.82440476E-01 2020 11 24 10 00 03
-7.12305384E-01 2020 11 24 10 05 02
-8.40130491E-01 2020 11 24 10 10 02
-6.75816445E-01 2020 11 24 10 15 02
-7.69868938E-01 2020 11 24 10 20 02
-8.37150722E-01 2020 11 24 10 25 03
-7.68359882E-01 2020 11 24 10 30 02
-7.85673943E-01 2020 11 24 10 35 02
-8.20185041E-01 2020 11 24 10 40 02
-6.93026400E-01 2020 11 24 10 45 02
-6.52542166E-01 2020 11 24 10 50 03
-6.06179258E-01 2020 11 24 10 55 02
-5.71846274E-01 2020 11 24 11 00 02
-5.66555299E-01 2020 11 24 11 05 02
-6.07809980E-01 2020 11 24 11 10 02
-5.71424826E-01 2020 11 24 11 15 02
-6.60638644E-01 2020 11 24 11 20 02
-5.42861527E-01 2020 11 24 11 25 02
-5.06016189E-01 2020 11 24 11 30 02
-4.90500502E-01 2020 11 24 11 35 02
-4.61103880E-01 2020 11 24 11 40 03
-4.98944168E-01 2020 11 24 11 45 02
-4.11367827E-01 2020 11 24 11 50 02
-4.12459155E-01 2020 11 24 11 55 02
-3.39162423E-01 2020 11 24 12 00 02
-3.66288842E-01 2020 11 24 12 05 03
-3.41592769E-01 2020 11 24 12 10 02
-2.40676051E-01 2020 11 24 12 15 02
-2.48288425E-01 2020 11 24 12 20 02
-2.68952299E-01 2020 11 24 12 25 02
-2.31815974E-01 2020 11 24 12 30 02
-1.65911972E-01 2020 11 24 12 35 02
-1.53523378E-01 2020 11 24 12 40 02
-2.31759155E-01 2020 11 24 12 45 02
-1.50971954E-01 2020 11 24 12 50 02
-2.24157669E-01 2020 11 24 12 55 02
-3.09289411E-01 2020 11 24 13 00 02
-2.40816710E-01 2020 11 24 13 05 02
-1.27249814E-01 2020 11 24 13 10 02
-1.66720870E-01 2020 11 24 13 15 02
-1.40169903E-01 2020 11 24 13 20 02
-1.93899710E-01 2020 11 24 13 25 02
-1.17292178E-01 2020 11 24 13 30 03
-9.68829613E-02 2020 11 24 13 35 02
-1.01694559E-01 2020 11 24 13 40 02
-6.35846560E-02 2020 11 24 13 45 02
-1.18349759E-01 2020 11 24 13 50 02
-1.12490480E-01 2020 11 24 13 55 03
-3.60418051E-02 2020 11 24 14 00 02
-1.37180915E-01 2020 11 24 14 05 02
-7.68622249E-02 2020 11 24 14 10 02
-7.83735247E-02 2020 11 24 14 15 02
-8.59350955E-02 2020 11 24 14 20 03
-6.53952317E-02 2020 11 24 14 25 02
-6.75055006E-02 2020 11 24 14 30 02
-6.84827099E-02 2020 11 24 14 35 02
-8.05849603E-02 2020 11 24 14 40 02
-1.56854527E-01 2020 11 24 14 45 03
-1.01159755E-01 2020 11 24 14 50 02
-6.98197619E-02 2020 11 24 14 55 02
-7.85941852E-02 2020 11 24 15 00 02
-9.85250461E-02 2020 11 24 15 05 02
-1.03356716E-01 2020 11 24 15 10 03
-1.92275148E-01 2020 11 24 15 15 02
-1.24843444E-01 2020 11 24 15 20 02
-2.01570807E-01 2020 11 24 15 25 02
-7.18742512E-02 2020 11 24 15 30 02
-1.56683625E-01 2020 11 24 15 35 03
-1.59655061E-01 2020 11 24 15 40 02
-1.76657384E-01 2020 11 24 15 45 02
-2.66248165E-01 2020 11 24 15 50 02
-2.40957490E-01 2020 11 24 15 55 02
-2.33635276E-01 2020 11 24 16 00 03
-2.19950028E-01 2020 11 24 16 05 02
-2.77937987E-01 2020 11 24 16 10 02
-3.62744150E-01 2020 11 24 16 15 02
-3.17309963E-01 2020 11 24 16 20 02
-4.27115490E-01 2020 11 24 16 25 03
-4.09341807E-01 2020 11 24 16 30 02
-3.80865313E-01 2020 11 24 16 35 02
-4.05423772E-01 2020 11 24 16 40 02
-4.02388432E-01 2020 11 24 16 45 02
-4.48979116E-01 2020 11 24 16 50 03
-3.97391960E-01 2020 11 24 16 55 02
-5.20736202E-01 2020 11 24 17 00 02
-4.51988209E-01 2020 11 24 17 05 02
-4.44159272E-01 2020 11 24 17 10 02
-4.21638169E-01 2020 11 24 17 15 03
-4.80486228E-01 2020 11 24 17 20 02
-5.19544193E-01 2020 11 24 17 25 02
-4.49891880E-01 2020 11 24 17 30 02
-3.98696345E-01 2020 11 24 17 35 02
-4.42591259E-01 2020 11 24 17 40 02
-4.12722367E-01 2020 11 24 17 45 02
-4.97391737E-01 2020 11 24 17 50 02
-4.76004026E-01 2020 11 24 17 55 02
-5.14823917E-01 2020 11 24 18 00 02
-5.73001246E-01 2020 11 24 18 05 03
-5.61034574E-01 2020 11 24 18 10 02
-6.54972517E-01 2020 11 24 18 15 02
-5.84650762E-01 2020 11 24 18 20 02
-5.13184012E-01 2020 11 24 18 25 02
-6.40162793E-01 2020 11 24 18 30 03
-4.98585118E-01 2020 11 24 18 35 02
-5.72403319E-01 2020 11 24 18 40 02
-6.13227678E-01 2020 11 24 18 45 02
-5.99023558E-01 2020 11 24 18 50 02
-5.60105127E-01 2020 11 24 18 55 02
-6.04976853E-01 2020 11 24 19 00 02
-5.13718728E-01 2020 11 24 19 05 02
-7.07721475E-01 2020 11 24 19 10 02
-5.57386812E-01 2020 11 24 19 15 02
-6.54896647E-01 2020 11 24 19 20 02
-6.52384376E-01 2020 11 24 19 25 02
-7.09985488E-01 2020 11 24 19 30 02
-6.33146913E-01 2020 11 24 19 35 02
-6.34695056E-01 2020 11 24 19 40 02
-6.38273908E-01 2020 11 24 19 45 02
-6.48849101E-01 2020 11 24 19 50 02
-6.59404061E-01 2020 11 24 19 55 02
-6.98736069E-01 2020 11 24 20 00 02
-6.64054526E-01 2020 11 24 20 05 02
-6.98541235E-01 2020 11 24 20 10 02
-7.21353457E-01 2020 11 24 20 15 02
-7.48164024E-01 2020 11 24 20 20 02
-7.43907674E-01 2020 11 24 20 25 02
-6.53547714E-01 2020 11 24 20 30 02
-7.39789405E-01 2020 11 24 20 35 02
-7.01400374E-01 2020 11 24 20 40 02
-6.82782181E-01 2020 11 24 20 45 02
-7.27587063E-01 2020 11 24 20 50 02
-7.87376122E-01 2020 11 24 20 55 02
-7.31077834E-01 2020 11 24 21 00 02
-7.14451392E-01 2020 11 24 21 05 02
-7.37709478E-01 2020 11 24 21 10 02
-6.69301982E-01 2020 11 24 21 15 02
-7.93142219E-01 2020 11 24 21 20 02
-7.52250253E-01 2020 11 24 21 25 02
-7.46436115E-01 2020 11 24 21 30 02
-7.69469991E-01 2020 11 24 21 35 03
-7.54553321E-01 2020 11 24 21 40 02
-8.18251320E-01 2020 11 24 21 45 02
-7.51877724E-01 2020 11 24 21 50 02
-6.89716914E-01 2020 11 24 21 55 02
-7.35996750E-01 2020 11 24 22 00 03
-7.18620270E-01 2020 11 24 22 05 02
-7.07716092E-01 2020 11 24 22 10 02
-7.30945494E-01 2020 11 24 22 15 02
-6.91807375E-01 2020 11 24 22 20 02
-6.87495540E-01 2020 11 24 22 25 03
-6.18899539E-01 2020 11 24 22 30 02
-6.52330428E-01 2020 11 24 22 35 02
-6.78633265E-01 2020 11 24 22 40 02
-6.54052919E-01 2020 11 24 22 45 02
-6.08982163E-01 2020 11 24 22 50 03
-6.34401720E-01 2020 11 24 22 55 02
-6.54092577E-01 2020 11 24 23 00 02
-6.19007703E-01 2020 11 24 23 05 02
-5.78944754E-01 2020 11 24 23 10 02
-5.35458952E-01 2020 11 24 23 15 03
-5.37041880E-01 2020 11 24 23 20 02
-6.46539420E-01 2020 11 24 23 25 02
-6.71933261E-01 2020 11 24 23 30 02
-6.14894713E-01 2020 11 24 23 35 02
-6.19480805E-01 2020 11 24 23 40 03
-5.73750502E-01 2020 11 24 23 45 02
-5.63919459E-01 2020 11 24 23 50 02
-5.28656398E-01 2020 11 24 23 55 02
