-1.38895729E-01 2020 11 23 00 00 02
-9.04080833E-02 2020 11 23 00 05 03
-9.85216863E-02 2020 11 23 00 10 02
-2.32721333E-01 2020 11 23 00 15 02
-3.88413423E-01 2020 11 23 00 20 02
-5.07473159E-01 2020 11 23 00 25 02
-7.41288313E-01 2020 11 23 00 30 03
-8.02642804E-01 2020 11 23 00 35 02
-9.99242183E-01 2020 11 23 00 40 02
-1.15733945E+00 2020 11 23 00 45 02
-1.14974994E+00 2020 11 23 00 50 02
-9.72585133E-01 2020 11 23 00 55 03
-8.56602273E-01 2020 11 23 01 00 02
-7.42749243E-01 2020 11 23 01 05 02
-5.40011254E-01 2020 11 23 01 10 02
-5.29021022E-01 2020 11 23 01 15 02
-3.92093123E-01 2020 11 23 01 20 02
-4.18606128E-01 2020 11 23 01 25 02
-3.20140310E-01 2020 11 23 01 30 02
-2.85574907E-01 2020 11 23 01 35 02
-2.60394479E-01 2020 11 23 01 40 02
-1.63515160E-01 2020 11 23 01 45 02
-1.71730126E-01 2020 11 23 01 50 02
-2.76897120E-01 2020 11 23 01 55 02
-6.39180847E-02 2020 11 23 02 00 02
-2.63013770E-01 2020 11 23 02 05 02
-2.62628475E-01 2020 11 23 02 10 02
-3.19533307E-01 2020 11 23 02 15 02
-2.96326270E-01 2020 11 23 02 20 03
-3.85432659E-01 2020 11 23 02 25 02
-3.82774700E-01 2020 11 23 02 30 02
-3.38739683E-01 2020 11 23 02 35 02
-2.97699183E-01 2020 11 23 02 40 02
-1.77446016E-01 2020 11 23 02 45 03
+1.27917815E-01 2020 11 23 02 50 02
-2.73792050E-02 2020 11 23 02 55 02
-1.58628690E-01 2020 11 23 03 00 02
-6.31791490E-02 2020 11 23 03 05 02
-1.99297294E-01 2020 11 23 03 10 03
-1.81336066E-01 2020 11 23 03 15 02
-3.36379649E-02 2020 11 23 03 20 02
-1.91507571E-01 2020 11 23 03 25 02
-1.97612185E-01 2020 11 23 03 30 02
-3.89589245E-01 2020 11 23 03 35 03
-5.14037535E-01 2020 11 23 03 40 02
-5.52901117E-01 2020 11 23 03 45 02
-5.34637674E-01 2020 11 23 03 50 02
-5.27392748E-01 2020 11 23 03 55 02
-4.15863159E-01 2020 11 23 04 00 03
-3.29936526E-01 2020 11 23 04 05 02
-3.59406515E-01 2020 11 23 04 10 02
-1.95527679E-01 2020 11 23 04 15 02
-2.88293888E-01 2020 11 23 04 20 02
-1.99233369E-01 2020 11 23 04 25 03
-3.25441743E-01 2020 11 23 04 30 02
-1.68363811E-01 2020 11 23 04 35 02
-3.11527202E-01 2020 11 23 04 40 02
-3.08064683E-01 2020 11 23 04 45 02
-3.95988268E-01 2020 11 23 04 50 02
-4.74139280E-01 2020 11 23 04 55 02
-5.49957459E-01 2020 11 23 05 00 02
-5.68071504E-01 2020 11 23 05 05 02
-5.34342489E-01 2020 11 23 05 10 02
-4.96058965E-01 2020 11 23 05 15 02
-4.82433527E-01 2020 11 23 05 20 02
-6.20950554E-01 2020 11 23 05 25 02
-6.04499006E-01 2020 11 23 05 30 02
-5.85654785E-01 2020 11 23 05 35 02
-6.35806875E-01 2020 11 23 05 40 03
-6.82856208E-01 2020 11 23 05 45 02
-6.53817818E-01 2020 11 23 05 50 02
-6.95560895E-01 2020 11 23 05 55 02
-7.08408238E-01 2020 11 23 06 00 02
-7.79368159E-01 2020 11 23 06 05 02
-7.68861549E-01 2020 11 23 06 10 02
-5.92616025E-01 2020 11 23 06 15 02
-5.93845915E-01 2020 11 23 06 20 02
-4.02298730E-01 2020 11 23 06 25 02
-5.16813406E-01 2020 11 23 06 30 03
-5.46246184E-01 2020 11 23 06 35 02
-4.24017198E-01 2020 11 23 06 40 02
-5.19451528E-01 2020 11 23 06 45 02
-4.55601554E-01 2020 11 23 06 50 02
-4.00690763E-01 2020 11 23 06 55 03
-3.48993577E-01 2020 11 23 07 00 02
-2.76952684E-01 2020 11 23 07 05 02
-3.01063448E-01 2020 11 23 07 10 02
-3.84439070E-01 2020 11 23 07 15 02
-4.77120130E-01 2020 11 23 07 20 03
-5.25377016E-01 2020 11 23 07 25 02
-4.35542347E-01 2020 11 23 07 30 02
-3.57646729E-01 2020 11 23 07 35 02
-5.11606697E-01 2020 11 23 07 40 02
-4.71122077E-01 2020 11 23 07 45 03
-4.53721638E-01 2020 11 23 07 50 02
-3.91910738E-01 2020 11 23 07 55 02
-4.36563378E-01 2020 11 23 08 00 02
-5.37041056E-01 2020 11 23 08 05 02
-5.27138427E-01 2020 11 23 08 10 03
-3.33060842E-01 2020 11 23 08 15 02
-3.55790225E-01 2020 11 23 08 20 02
-3.90438062E-01 2020 11 23 08 25 02
-4.32714333E-01 2020 11 23 08 30 02
-4.86411096E-01 2020 11 23 08 35 02
-4.57622350E-01 2020 11 23 08 40 02
-3.79914623E-01 2020 11 23 08 45 02
-3.40688316E-01 2020 11 23 08 50 02
-3.94614466E-01 2020 11 23 08 55 02
-3.63438243E-01 2020 11 23 09 00 02
-3.74209289E-01 2020 11 23 09 05 02
-5.22912344E-01 2020 11 23 09 10 02
-4.29507675E-01 2020 11 23 09 15 02
-4.51066238E-01 2020 11 23 09 20 02
-3.89351482E-01 2020 11 23 09 25 02
-4.74026031E-01 2020 11 23 09 30 02
-3.94236323E-01 2020 11 23 09 35 02
-4.36475247E-01 2020 11 23 09 40 02
-5.42959739E-01 2020 11 23 09 45 02
-3.74129756E-01 2020 11 23 09 50 02
-3.61130060E-01 2020 11 23 09 55 02
-4.90059071E-01 2020 11 23 10 00 02
-3.63433298E-01 2020 11 23 10 05 02
-3.57828662E-01 2020 11 23 10 10 02
-2.97359406E-01 2020 11 23 10 15 02
-3.57983319E-01 2020 11 23 10 20 02
-4.24436503E-01 2020 11 23 10 25 02
-3.10194657E-01 2020 11 23 10 30 02
-3.81070647E-01 2020 11 23 10 35 02
-4.10356768E-01 2020 11 23 10 40 02
-3.31058960E-01 2020 11 23 10 45 02
-3.75430102E-01 2020 11 23 10 50 03
-2.89292832E-01 2020 11 23 10 55 02
-2.34675810E-01 2020 11 23 11 00 02
-3.05112827E-01 2020 11 23 11 05 02
-3.16921350E-01 2020 11 23 11 10 02
-2.36789043E-01 2020 11 23 11 15 03
-2.48324533E-01 2020 11 23 11 20 02
-2.69347797E-01 2020 11 23 11 25 02
-1.79588879E-01 2020 11 23 11 30 02
-1.96468446E-01 2020 11 23 11 35 02
-2.05641824E-01 2020 11 23 11 40 02
-2.63488758E-01 2020 11 23 11 45 02
-2.00025675E-01 2020 11 23 11 50 02
-2.05634118E-01 2020 11 23 11 55 02
-9.97848012E-02 2020 11 23 12 00 02
-2.19271465E-01 2020 11 23 12 05 02
-9.33543305E-02 2020 11 23 12 10 02
-3.66565966E-02 2020 11 23 12 15 02
-2.01354757E-01 2020 11 23 12 20 02
-6.98294446E-02 2020 11 23 12 25 02
-1.12225368E-01 2020 11 23 12 30 02
+2.46120850E-02 2020 11 23 12 35 02
-3.65543043E-02 2020 11 23 12 40 02
-3.08019920E-03 2020 11 23 12 45 02
-3.64180050E-02 2020 11 23 12 50 02
-1.74459229E-01 2020 11 23 12 55 02
-8.64696466E-04 2020 11 23 13 00 02
+1.08639816E-02 2020 11 23 13 05 02
+8.68158695E-02 2020 11 23 13 10 02
+7.50730998E-02 2020 11 23 13 15 02
+2.51983657E-02 2020 11 23 13 20 02
+1.72595926E-02 2020 11 23 13 25 02
-9.46909024E-02 2020 11 23 13 30 02
+2.16504884E-02 2020 11 23 13 35 02
-3.31177777E-04 2020 11 23 13 40 02
-6.24483046E-02 2020 11 23 13 45 02
-1.11636432E-01 2020 11 23 13 50 02
-2.29345404E-01 2020 11 23 13 55 03
-5.77026995E-02 2020 11 23 14 00 02
-1.66706486E-01 2020 11 23 14 05 02
-6.44215336E-02 2020 11 23 14 10 02
+1.85932110E-02 2020 11 23 14 15 02
+1.21648650E-01 2020 11 23 14 20 02
+2.88603273E-02 2020 11 23 14 25 02
-1.80876154E-02 2020 11 23 14 30 02
+5.96815184E-02 2020 11 23 14 35 02
-2.23156627E-02 2020 11 23 14 40 02
+1.28190280E-02 2020 11 23 14 45 02
-1.03062328E-02 2020 11 23 14 50 02
+8.58242143E-03 2020 11 23 14 55 02
+2.40604893E-02 2020 11 23 15 00 02
-1.09554058E-01 2020 11 23 15 05 02
+6.31286662E-03 2020 11 23 15 10 02
-7.97100517E-02 2020 11 23 15 15 02
-1.59129726E-01 2020 11 23 15 20 02
-1.90148823E-01 2020 11 23 15 25 02
-9.65310039E-02 2020 11 23 15 30 02
-2.07766836E-01 2020 11 23 15 35 02
-1.83633021E-01 2020 11 23 15 40 02
-3.04459370E-01 2020 11 23 15 45 02
-4.25587526E-01 2020 11 23 15 50 02
-4.31124328E-01 2020 11 23 15 55 02
-4.74824366E-01 2020 11 23 16 00 03
-2.90526947E-01 2020 11 23 16 05 02
-2.94254564E-01 2020 11 23 16 10 02
-2.88108382E-01 2020 11 23 16 15 02
-3.43717457E-01 2020 11 23 16 20 02
-3.14280343E-01 2020 11 23 16 25 03
-2.33664630E-01 2020 11 23 16 30 02
-3.01334055E-01 2020 11 23 16 35 02
-2.83494091E-01 2020 11 23 16 40 02
-3.46873015E-01 2020 11 23 16 45 02
-3.42813658E-01 2020 11 23 16 50 03
-3.38803094E-01 2020 11 23 16 55 02
-5.21425092E-01 2020 11 23 17 00 02
-4.47246245E-01 2020 11 23 17 05 02
-3.90359431E-01 2020 11 23 17 10 02
-4.47808727E-01 2020 11 23 17 15 03
-4.56792592E-01 2020 11 23 17 20 02
-4.84960066E-01 2020 11 23 17 25 02
-4.52041618E-01 2020 11 23 17 30 02
-5.79231147E-01 2020 11 23 17 35 02
-4.67882876E-01 2020 11 23 17 40 03
-4.42806279E-01 2020 11 23 17 45 02
-4.82512264E-01 2020 11 23 17 50 02
-4.47289158E-01 2020 11 23 17 55 02
-4.69322064E-01 2020 11 23 18 00 02
-4.72077395E-01 2020 11 23 18 05 02
-4.62687250E-01 2020 11 23 18 10 02
-4.56228055E-01 2020 11 23 18 15 02
-3.64572787E-01 2020 11 23 18 20 02
-3.45296063E-01 2020 11 23 18 25 02
-5.39680367E-01 2020 11 23 18 30 03
-4.59369375E-01 2020 11 23 18 35 02
-5.86842189E-01 2020 11 23 18 40 02
-5.00035201E-01 2020 11 23 18 45 02
-5.65442262E-01 2020 11 23 18 50 02
-5.63789264E-01 2020 11 23 18 55 02
-4.88131340E-01 2020 11 23 19 00 02
-5.68985899E-01 2020 11 23 19 05 02
-7.12169537E-01 2020 11 23 19 10 02
-6.09437581E-01 2020 11 23 19 15 02
-6.54596209E-01 2020 11 23 19 20 03
-5.88644658E-01 2020 11 23 19 25 02
-5.53120506E-01 2020 11 23 19 30 02
-5.79798182E-01 2020 11 23 19 35 02
-8.49668309E-01 2020 11 23 19 40 02
-7.39643376E-01 2020 11 23 19 45 02
-7.58231551E-01 2020 11 23 19 50 02
-7.03101242E-01 2020 11 23 19 55 02
-7.75078026E-01 2020 11 23 20 00 02
-6.08112240E-01 2020 11 23 20 05 02
-5.88302518E-01 2020 11 23 20 10 02
-6.05141217E-01 2020 11 23 20 15 02
-5.84508746E-01 2020 11 23 20 20 02
-5.41927641E-01 2020 11 23 20 25 02
-5.12976691E-01 2020 11 23 20 30 02
-4.98981443E-01 2020 11 23 20 35 02
-6.21070782E-01 2020 11 23 20 40 02
-4.18775216E-01 2020 11 23 20 45 02
-5.18160813E-01 2020 11 23 20 50 02
-5.60805213E-01 2020 11 23 20 55 02
-5.83163873E-01 2020 11 23 21 00 03
-5.76412227E-01 2020 11 23 21 05 02
-5.83641853E-01 2020 11 23 21 10 02
-5.43815189E-01 2020 11 23 21 15 02
-5.86126276E-01 2020 11 23 21 20 02
-5.94878359E-01 2020 11 23 21 25 03
-5.87357477E-01 2020 11 23 21 30 02
-5.61083996E-01 2020 11 23 21 35 02
-5.39802047E-01 2020 11 23 21 40 02
-5.90313372E-01 2020 11 23 21 45 02
-5.39963129E-01 2020 11 23 21 50 03
-4.84387391E-01 2020 11 23 21 55 02
-5.10184273E-01 2020 11 23 22 00 02
-4.90540423E-01 2020 11 23 22 05 02
-5.22568440E-01 2020 11 23 22 10 02
-6.24528102E-01 2020 11 23 22 15 02
-5.67887755E-01 2020 11 23 22 20 02
-5.55423813E-01 2020 11 23 22 25 02
-5.62443177E-01 2020 11 23 22 30 02
-6.05340674E-01 2020 11 23 22 35 02
-5.45908591E-01 2020 11 23 22 40 02
-4.68769197E-01 2020 11 23 22 45 02
-5.09098030E-01 2020 11 23 22 50 02
-3.72152951E-01 2020 11 23 22 55 02
-3.99490365E-01 2020 11 23 23 00 02
-2.46653484E-01 2020 11 23 23 05 02
-3.54338969E-01 2020 11 23 23 10 02
-3.57297253E-01 2020 11 23 23 15 02
-3.55666665E-01 2020 11 23 23 20 02
-1.93685740E-01 2020 11 23 23 25 02
-2.66937155E-01 2020 11 23 23 30 02
-3.92991705E-01 2020 11 23 23 35 02
-4.77767974E-01 2020 11 23 23 40 02
-4.20780268E-01 2020 11 23 23 45 02
-4.35304558E-01 2020 11 23 23 50 02
-3.96969785E-01 2020 11 23 23 55 02
