-7.40745881E-01 2020 11 08 00 00 02
-7.12446361E-01 2020 11 08 00 05 02
-6.85196572E-01 2020 11 08 00 10 02
-6.16026373E-01 2020 11 08 00 15 02
-6.87510679E-01 2020 11 08 00 20 02
-6.36799941E-01 2020 11 08 00 25 02
-6.17742340E-01 2020 11 08 00 30 02
-5.61817132E-01 2020 11 08 00 35 02
-6.48102814E-01 2020 11 08 00 40 02
-6.09060447E-01 2020 11 08 00 45 02
-6.52853197E-01 2020 11 08 00 50 02
-7.23613299E-01 2020 11 08 00 55 02
-6.47633128E-01 2020 11 08 01 00 02
-6.69055178E-01 2020 11 08 01 05 02
-5.71983967E-01 2020 11 08 01 10 02
-6.23394765E-01 2020 11 08 01 15 02
-6.39315853E-01 2020 11 08 01 20 02
-7.46622207E-01 2020 11 08 01 25 02
-7.73309402E-01 2020 11 08 01 30 02
-8.23492463E-01 2020 11 08 01 35 03
-7.90705370E-01 2020 11 08 01 40 02
-7.68606392E-01 2020 11 08 01 45 02
-7.22004658E-01 2020 11 08 01 50 02
-8.42121240E-01 2020 11 08 01 55 02
-8.59153542E-01 2020 11 08 02 00 03
-8.51820036E-01 2020 11 08 02 05 02
-8.05138063E-01 2020 11 08 02 10 02
-7.91662434E-01 2020 11 08 02 15 02
-8.07152831E-01 2020 11 08 02 20 02
-7.95568059E-01 2020 11 08 02 25 03
-8.19686961E-01 2020 11 08 02 30 02
-7.46376502E-01 2020 11 08 02 35 02
-8.12487854E-01 2020 11 08 02 40 02
-7.64794895E-01 2020 11 08 02 45 02
-7.86110689E-01 2020 11 08 02 50 03
-7.86259874E-01 2020 11 08 02 55 02
-6.92578911E-01 2020 11 08 03 00 02
-5.96404578E-01 2020 11 08 03 05 02
-5.39501268E-01 2020 11 08 03 10 02
-5.75828300E-01 2020 11 08 03 15 03
-5.46739605E-01 2020 11 08 03 20 02
-5.72873346E-01 2020 11 08 03 25 02
-6.51156921E-01 2020 11 08 03 30 02
-6.39864896E-01 2020 11 08 03 35 02
-7.46584571E-01 2020 11 08 03 40 03
-8.11131612E-01 2020 11 08 03 45 02
-8.33043247E-01 2020 11 08 03 50 02
-8.37824767E-01 2020 11 08 03 55 02
-7.72933405E-01 2020 11 08 04 00 02
-7.94645988E-01 2020 11 08 04 05 02
-7.85800005E-01 2020 11 08 04 10 02
-8.05773069E-01 2020 11 08 04 15 02
-7.65506112E-01 2020 11 08 04 20 02
-7.27450731E-01 2020 11 08 04 25 02
-7.33458113E-01 2020 11 08 04 30 02
-7.35185186E-01 2020 11 08 04 35 02
-7.88847425E-01 2020 11 08 04 40 02
-8.39021318E-01 2020 11 08 04 45 02
-8.61930356E-01 2020 11 08 04 50 02
-8.60793639E-01 2020 11 08 04 55 02
-8.51477161E-01 2020 11 08 05 00 02
-8.33242149E-01 2020 11 08 05 05 02
-8.49994187E-01 2020 11 08 05 10 02
-8.35701665E-01 2020 11 08 05 15 02
-7.41797868E-01 2020 11 08 05 20 02
-7.13485009E-01 2020 11 08 05 25 02
-4.74459451E-01 2020 11 08 05 30 02
-5.63083197E-01 2020 11 08 05 35 02
-4.86850099E-01 2020 11 08 05 40 02
-5.93174826E-01 2020 11 08 05 45 02
-5.85316381E-01 2020 11 08 05 50 02
-4.87781849E-01 2020 11 08 05 55 02
-4.13129335E-01 2020 11 08 06 00 02
-4.19007105E-01 2020 11 08 06 05 02
-4.56049175E-01 2020 11 08 06 10 03
-4.27676987E-01 2020 11 08 06 15 02
-4.11215853E-01 2020 11 08 06 20 02
-4.08599994E-01 2020 11 08 06 25 02
-3.63771869E-01 2020 11 08 06 30 02
-2.96125760E-01 2020 11 08 06 35 02
-4.61269829E-01 2020 11 08 06 40 02
-4.25443811E-01 2020 11 08 06 45 02
-4.39795503E-01 2020 11 08 06 50 02
-4.44545194E-01 2020 11 08 06 55 02
-4.87962798E-01 2020 11 08 07 00 02
-4.02425918E-01 2020 11 08 07 05 02
-4.55961298E-01 2020 11 08 07 10 02
-4.79252994E-01 2020 11 08 07 15 02
-4.73657176E-01 2020 11 08 07 20 02
-5.54154587E-01 2020 11 08 07 25 02
-5.91525833E-01 2020 11 08 07 30 02
-5.19992341E-01 2020 11 08 07 35 02
-5.02736600E-01 2020 11 08 07 40 02
-4.84283271E-01 2020 11 08 07 45 02
-4.49261432E-01 2020 11 08 07 50 03
-4.26161750E-01 2020 11 08 07 55 02
-5.10521273E-01 2020 11 08 08 00 02
-4.69263655E-01 2020 11 08 08 05 02
-5.21065331E-01 2020 11 08 08 10 02
-4.95659897E-01 2020 11 08 08 15 03
-5.85310887E-01 2020 11 08 08 20 02
-5.29453008E-01 2020 11 08 08 25 02
-4.03019402E-01 2020 11 08 08 30 02
-5.09748192E-01 2020 11 08 08 35 02
-4.92458969E-01 2020 11 08 08 40 02
-4.97003721E-01 2020 11 08 08 45 02
-4.83377252E-01 2020 11 08 08 50 02
-4.68699482E-01 2020 11 08 08 55 02
-5.77363839E-01 2020 11 08 09 00 02
-4.87890070E-01 2020 11 08 09 05 03
-4.11749114E-01 2020 11 08 09 10 02
-3.61986193E-01 2020 11 08 09 15 02
-3.74750374E-01 2020 11 08 09 20 02
-2.81096912E-01 2020 11 08 09 25 02
-3.87177359E-01 2020 11 08 09 30 02
-4.13598428E-01 2020 11 08 09 35 02
-3.54633791E-01 2020 11 08 09 40 02
-3.93486014E-01 2020 11 08 09 45 02
-3.63052918E-01 2020 11 08 09 50 02
-4.75209894E-01 2020 11 08 09 55 02
-4.84105802E-01 2020 11 08 10 00 02
-3.98355512E-01 2020 11 08 10 05 02
-2.80961711E-01 2020 11 08 10 10 02
-3.68455056E-01 2020 11 08 10 15 02
-3.55875265E-01 2020 11 08 10 20 02
-3.31032134E-01 2020 11 08 10 25 02
-3.46119946E-01 2020 11 08 10 30 02
-3.55824321E-01 2020 11 08 10 35 02
-1.99670093E-01 2020 11 08 10 40 02
-1.78545133E-01 2020 11 08 10 45 02
-1.59768044E-01 2020 11 08 10 50 02
-2.05306462E-01 2020 11 08 10 55 02
-1.47952893E-01 2020 11 08 11 00 02
-2.38316434E-01 2020 11 08 11 05 02
-1.83758811E-01 2020 11 08 11 10 02
-2.84633588E-02 2020 11 08 11 15 02
-1.26594445E-01 2020 11 08 11 20 03
-3.79016110E-02 2020 11 08 11 25 02
+6.68475267E-02 2020 11 08 11 30 02
+6.30022344E-02 2020 11 08 11 35 02
+1.17024835E-01 2020 11 08 11 40 02
+5.12361766E-02 2020 11 08 11 45 03
-2.92865564E-03 2020 11 08 11 50 02
+1.69542135E-01 2020 11 08 11 55 02
+3.23048542E-01 2020 11 08 12 00 02
+2.66687564E-01 2020 11 08 12 05 02
+4.85688323E-01 2020 11 08 12 10 03
+2.14327623E-01 2020 11 08 12 15 02
+3.54675535E-01 2020 11 08 12 20 02
+3.11905730E-01 2020 11 08 12 25 02
+3.40591717E-01 2020 11 08 12 30 02
+3.09907434E-01 2020 11 08 12 35 02
+3.45242308E-01 2020 11 08 12 40 02
+3.60480212E-01 2020 11 08 12 45 02
+3.03406768E-01 2020 11 08 12 50 02
+3.48268246E-01 2020 11 08 12 55 02
+3.31165989E-01 2020 11 08 13 00 02
+3.37573797E-01 2020 11 08 13 05 02
+2.70484725E-01 2020 11 08 13 10 02
+2.81705868E-01 2020 11 08 13 15 02
+2.47451017E-01 2020 11 08 13 20 02
+1.79186034E-01 2020 11 08 13 25 02
+1.45793572E-01 2020 11 08 13 30 02
+1.82754071E-01 2020 11 08 13 35 02
+9.10455744E-02 2020 11 08 13 40 02
+5.73210974E-02 2020 11 08 13 45 02
+7.89219760E-02 2020 11 08 13 50 03
+1.00160834E-01 2020 11 08 13 55 02
-9.75684044E-02 2020 11 08 14 00 02
-8.28938686E-02 2020 11 08 14 05 02
-2.58355246E-02 2020 11 08 14 10 02
+1.68061442E-02 2020 11 08 14 15 02
+7.01422367E-02 2020 11 08 14 20 02
+2.94285174E-02 2020 11 08 14 25 02
-6.81510705E-02 2020 11 08 14 30 02
-1.14531385E-01 2020 11 08 14 35 02
-1.24781837E-01 2020 11 08 14 40 02
-1.21058583E-01 2020 11 08 14 45 02
-2.26914309E-01 2020 11 08 14 50 02
-2.16162356E-01 2020 11 08 14 55 02
-2.15447205E-01 2020 11 08 15 00 02
-3.39535139E-01 2020 11 08 15 05 02
-2.82370093E-01 2020 11 08 15 10 02
-3.34235454E-01 2020 11 08 15 15 02
-2.80370927E-01 2020 11 08 15 20 02
-2.62183629E-01 2020 11 08 15 25 02
-3.85397515E-01 2020 11 08 15 30 02
-3.69114168E-01 2020 11 08 15 35 02
-4.16851238E-01 2020 11 08 15 40 02
-5.03583866E-01 2020 11 08 15 45 02
-5.50396790E-01 2020 11 08 15 50 02
-4.90549481E-01 2020 11 08 15 55 02
-4.58312043E-01 2020 11 08 16 00 02
-5.54907674E-01 2020 11 08 16 05 02
-5.54683445E-01 2020 11 08 16 10 02
-6.54991041E-01 2020 11 08 16 15 02
-5.85041514E-01 2020 11 08 16 20 02
-4.83064118E-01 2020 11 08 16 25 02
-5.18192207E-01 2020 11 08 16 30 03
-5.12565215E-01 2020 11 08 16 35 02
-4.43930472E-01 2020 11 08 16 40 02
-4.52037125E-01 2020 11 08 16 45 02
-5.19106392E-01 2020 11 08 16 50 02
-5.68299518E-01 2020 11 08 16 55 03
-5.66110938E-01 2020 11 08 17 00 02
-4.54048828E-01 2020 11 08 17 05 02
-5.30453722E-01 2020 11 08 17 10 02
-4.85502789E-01 2020 11 08 17 15 02
-5.25468272E-01 2020 11 08 17 20 03
-6.14135476E-01 2020 11 08 17 25 02
-6.30175089E-01 2020 11 08 17 30 02
-6.22217469E-01 2020 11 08 17 35 02
-5.34856633E-01 2020 11 08 17 40 02
-4.87968045E-01 2020 11 08 17 45 03
-5.86572526E-01 2020 11 08 17 50 02
-5.80347457E-01 2020 11 08 17 55 02
-6.77385324E-01 2020 11 08 18 00 02
-5.96110727E-01 2020 11 08 18 05 02
-5.33820775E-01 2020 11 08 18 10 02
-5.45549936E-01 2020 11 08 18 15 02
-5.69439666E-01 2020 11 08 18 20 02
-5.84054105E-01 2020 11 08 18 25 02
-5.71699098E-01 2020 11 08 18 30 02
-5.54331266E-01 2020 11 08 18 35 02
-5.68083873E-01 2020 11 08 18 40 02
-5.49111695E-01 2020 11 08 18 45 02
-5.32914737E-01 2020 11 08 18 50 02
-5.88254041E-01 2020 11 08 18 55 02
-7.08935532E-01 2020 11 08 19 00 02
-6.51026178E-01 2020 11 08 19 05 02
-6.10654983E-01 2020 11 08 19 10 02
-6.22453693E-01 2020 11 08 19 15 02
-4.96986414E-01 2020 11 08 19 20 02
-5.27775038E-01 2020 11 08 19 25 02
-5.94431781E-01 2020 11 08 19 30 02
-5.58192367E-01 2020 11 08 19 35 02
-6.10748120E-01 2020 11 08 19 40 02
-6.13120059E-01 2020 11 08 19 45 02
-5.71528463E-01 2020 11 08 19 50 02
-6.02550739E-01 2020 11 08 19 55 02
-5.72606565E-01 2020 11 08 20 00 02
-5.02092476E-01 2020 11 08 20 05 02
-5.18323300E-01 2020 11 08 20 10 02
-5.67265283E-01 2020 11 08 20 15 02
-5.85593165E-01 2020 11 08 20 20 02
-5.49353884E-01 2020 11 08 20 25 02
-4.47176714E-01 2020 11 08 20 30 02
-4.65301915E-01 2020 11 08 20 35 02
-5.26971476E-01 2020 11 08 20 40 02
-4.78882173E-01 2020 11 08 20 45 02
-5.90508931E-01 2020 11 08 20 50 02
-5.76597491E-01 2020 11 08 20 55 02
-5.29555378E-01 2020 11 08 21 00 02
-5.70041610E-01 2020 11 08 21 05 02
-5.71880514E-01 2020 11 08 21 10 02
-5.26717449E-01 2020 11 08 21 15 02
-4.93951353E-01 2020 11 08 21 20 02
-4.89366092E-01 2020 11 08 21 25 02
-5.24682715E-01 2020 11 08 21 30 02
-5.56845034E-01 2020 11 08 21 35 02
-5.07115365E-01 2020 11 08 21 40 03
-5.96246390E-01 2020 11 08 21 45 02
-6.23405526E-01 2020 11 08 21 50 02
-5.27555615E-01 2020 11 08 21 55 02
-4.77158266E-01 2020 11 08 22 00 02
-3.45020533E-01 2020 11 08 22 05 03
-4.47447441E-01 2020 11 08 22 10 02
-3.74214418E-01 2020 11 08 22 15 02
-4.62750411E-01 2020 11 08 22 20 02
-3.72376183E-01 2020 11 08 22 25 02
-3.11221403E-01 2020 11 08 22 30 03
-2.84703406E-01 2020 11 08 22 35 02
-2.42640787E-01 2020 11 08 22 40 02
-1.87893779E-01 2020 11 08 22 45 02
-2.50698003E-01 2020 11 08 22 50 02
-2.70801517E-01 2020 11 08 22 55 03
-3.68369788E-01 2020 11 08 23 00 02
-4.41284356E-01 2020 11 08 23 05 02
-4.50397115E-01 2020 11 08 23 10 02
-4.48285270E-01 2020 11 08 23 15 02
-4.68397476E-01 2020 11 08 23 20 03
-4.38917595E-01 2020 11 08 23 25 02
-3.40321315E-01 2020 11 08 23 30 02
-3.13913128E-01 2020 11 08 23 35 02
-3.91552926E-01 2020 11 08 23 40 02
-3.36752703E-01 2020 11 08 23 45 03
-3.38432102E-01 2020 11 08 23 50 02
-3.57654045E-01 2020 11 08 23 55 02
