-6.92572290E-01 2020 11 29 00 00 02
-7.00095795E-01 2020 11 29 00 05 02
-6.99776829E-01 2020 11 29 00 10 02
-6.72210192E-01 2020 11 29 00 15 02
-6.34702307E-01 2020 11 29 00 20 02
-6.35034987E-01 2020 11 29 00 25 02
-6.51503876E-01 2020 11 29 00 30 02
-5.77389734E-01 2020 11 29 00 35 02
-5.31042401E-01 2020 11 29 00 40 02
-5.53564939E-01 2020 11 29 00 45 02
-5.50033482E-01 2020 11 29 00 50 02
-5.49715275E-01 2020 11 29 00 55 02
-6.41356083E-01 2020 11 29 01 00 02
-5.63005878E-01 2020 11 29 01 05 02
-5.30013935E-01 2020 11 29 01 10 02
-5.16572419E-01 2020 11 29 01 15 02
-3.48023806E-01 2020 11 29 01 20 02
-3.29514107E-01 2020 11 29 01 25 02
-3.64427791E-01 2020 11 29 01 30 02
-3.91846662E-01 2020 11 29 01 35 02
-4.24518931E-01 2020 11 29 01 40 02
-2.79248362E-01 2020 11 29 01 45 02
-2.06766354E-01 2020 11 29 01 50 02
-2.17413317E-01 2020 11 29 01 55 02
-2.34980715E-01 2020 11 29 02 00 02
-2.05457781E-01 2020 11 29 02 05 02
-2.59095216E-01 2020 11 29 02 10 02
-3.29520559E-01 2020 11 29 02 15 02
-3.71841579E-01 2020 11 29 02 20 02
-3.36906808E-01 2020 11 29 02 25 02
-2.99134478E-01 2020 11 29 02 30 02
-2.52890053E-01 2020 11 29 02 35 03
-3.05373076E-01 2020 11 29 02 40 02
-3.53374112E-01 2020 11 29 02 45 02
-3.51523564E-01 2020 11 29 02 50 02
-3.83325043E-01 2020 11 29 02 55 02
-3.66042353E-01 2020 11 29 03 00 03
-2.73337954E-01 2020 11 29 03 05 02
-2.55959570E-01 2020 11 29 03 10 02
-1.89989866E-01 2020 11 29 03 15 02
-1.80442448E-01 2020 11 29 03 20 02
-1.33157397E-01 2020 11 29 03 25 03
-1.56773842E-01 2020 11 29 03 30 02
-1.23839733E-01 2020 11 29 03 35 02
-3.76702856E-02 2020 11 29 03 40 02
-3.21209292E-02 2020 11 29 03 45 02
-4.18852141E-03 2020 11 29 03 50 03
+1.07800615E-02 2020 11 29 03 55 02
+6.06457358E-02 2020 11 29 04 00 02
+1.28375609E-01 2020 11 29 04 05 02
+1.63949144E-01 2020 11 29 04 10 02
+1.31055051E-01 2020 11 29 04 15 03
+1.09391543E-01 2020 11 29 04 20 02
+1.17677532E-01 2020 11 29 04 25 02
+1.77582710E-01 2020 11 29 04 30 02
+1.22671031E-01 2020 11 29 04 35 02
+1.06160740E-01 2020 11 29 04 40 02
+8.35436965E-02 2020 11 29 04 45 02
+4.20446384E-02 2020 11 29 04 50 02
+1.29558577E-01 2020 11 29 04 55 02
+1.74728865E-01 2020 11 29 05 00 02
+2.78047285E-01 2020 11 29 05 05 02
+2.26009654E-01 2020 11 29 05 10 02
+1.88799849E-01 2020 11 29 05 15 02
+9.51736307E-02 2020 11 29 05 20 02
+1.28634130E-01 2020 11 29 05 25 02
+1.04876080E-02 2020 11 29 05 30 02
-6.51901575E-02 2020 11 29 05 35 02
+7.45108161E-02 2020 11 29 05 40 02
+1.94842938E-01 2020 11 29 05 45 02
+2.27715288E-01 2020 11 29 05 50 02
+2.20607175E-01 2020 11 29 05 55 02
+2.00244122E-01 2020 11 29 06 00 02
-1.67699097E-02 2020 11 29 06 05 02
+7.63066454E-02 2020 11 29 06 10 02
+4.98076899E-02 2020 11 29 06 15 02
+2.29862366E-01 2020 11 29 06 20 02
+2.18022440E-01 2020 11 29 06 25 02
+2.34399061E-01 2020 11 29 06 30 02
+3.01721198E-01 2020 11 29 06 35 02
+2.37141055E-01 2020 11 29 06 40 02
+2.12201749E-01 2020 11 29 06 45 02
+1.48153801E-01 2020 11 29 06 50 02
+1.91498014E-01 2020 11 29 06 55 02
+1.37889679E-01 2020 11 29 07 00 02
+1.28600171E-01 2020 11 29 07 05 02
+1.23543795E-01 2020 11 29 07 10 02
+3.54921923E-02 2020 11 29 07 15 02
+7.16038670E-02 2020 11 29 07 20 03
+4.99778916E-02 2020 11 29 07 25 02
+1.87392151E-02 2020 11 29 07 30 02
+2.64093130E-02 2020 11 29 07 35 02
-3.43124183E-02 2020 11 29 07 40 02
-3.80284725E-02 2020 11 29 07 45 03
-1.36386885E-01 2020 11 29 07 50 02
-1.80078843E-01 2020 11 29 07 55 02
-2.04974105E-01 2020 11 29 08 00 02
-2.50575006E-01 2020 11 29 08 05 02
-2.44007878E-01 2020 11 29 08 10 03
-2.47968029E-01 2020 11 29 08 15 02
-3.60060207E-01 2020 11 29 08 20 02
-3.71152126E-01 2020 11 29 08 25 02
-3.29077659E-01 2020 11 29 08 30 02
-3.89729419E-01 2020 11 29 08 35 03
-3.84582498E-01 2020 11 29 08 40 02
-4.49714085E-01 2020 11 29 08 45 02
-5.04913809E-01 2020 11 29 08 50 02
-4.77234142E-01 2020 11 29 08 55 02
-4.93205644E-01 2020 11 29 09 00 03
-4.53398415E-01 2020 11 29 09 05 02
-5.45683978E-01 2020 11 29 09 10 02
-5.41231355E-01 2020 11 29 09 15 02
-6.26370812E-01 2020 11 29 09 20 02
-6.50977587E-01 2020 11 29 09 25 03
-6.51182625E-01 2020 11 29 09 30 02
-6.42627528E-01 2020 11 29 09 35 02
-6.60655820E-01 2020 11 29 09 40 02
-6.00336995E-01 2020 11 29 09 45 02
-7.27722243E-01 2020 11 29 09 50 02
-6.80140156E-01 2020 11 29 09 55 02
-6.50684733E-01 2020 11 29 10 00 02
-7.30267161E-01 2020 11 29 10 05 02
-7.34309787E-01 2020 11 29 10 10 02
-8.10732214E-01 2020 11 29 10 15 02
-8.16279967E-01 2020 11 29 10 20 02
-8.25446818E-01 2020 11 29 10 25 02
-8.25185886E-01 2020 11 29 10 30 02
-8.66589216E-01 2020 11 29 10 35 02
-7.71969212E-01 2020 11 29 10 40 02
-7.95842707E-01 2020 11 29 10 45 02
-9.57124857E-01 2020 11 29 10 50 02
-8.23833383E-01 2020 11 29 10 55 02
-8.72430414E-01 2020 11 29 11 00 02
-8.25471167E-01 2020 11 29 11 05 02
-8.98420308E-01 2020 11 29 11 10 02
-8.68123906E-01 2020 11 29 11 15 02
-8.30830349E-01 2020 11 29 11 20 02
-8.09551922E-01 2020 11 29 11 25 02
-8.92877245E-01 2020 11 29 11 30 02
-8.94763088E-01 2020 11 29 11 35 02
-8.33778165E-01 2020 11 29 11 40 02
-7.70789625E-01 2020 11 29 11 45 02
-7.12028922E-01 2020 11 29 11 50 02
-7.85463897E-01 2020 11 29 11 55 02
-7.79929791E-01 2020 11 29 12 00 02
-7.09818534E-01 2020 11 29 12 05 02
-7.10309513E-01 2020 11 29 12 10 02
-7.87998152E-01 2020 11 29 12 15 02
-7.66668097E-01 2020 11 29 12 20 02
-7.44034848E-01 2020 11 29 12 25 02
-7.13127028E-01 2020 11 29 12 30 02
-7.47858850E-01 2020 11 29 12 35 02
-6.71511182E-01 2020 11 29 12 40 02
-7.00579650E-01 2020 11 29 12 45 02
-6.96488060E-01 2020 11 29 12 50 02
-6.91195197E-01 2020 11 29 12 55 03
-6.78529632E-01 2020 11 29 13 00 02
-7.65282950E-01 2020 11 29 13 05 02
-6.75109525E-01 2020 11 29 13 10 02
-6.00615684E-01 2020 11 29 13 15 02
-6.67782122E-01 2020 11 29 13 20 03
-5.35330479E-01 2020 11 29 13 25 02
-4.78089937E-01 2020 11 29 13 30 02
-5.34529417E-01 2020 11 29 13 35 02
-5.97417348E-01 2020 11 29 13 40 02
-5.50042694E-01 2020 11 29 13 45 03
-5.62750607E-01 2020 11 29 13 50 02
-5.81605357E-01 2020 11 29 13 55 02
-4.30305116E-01 2020 11 29 14 00 02
-6.03922733E-01 2020 11 29 14 05 02
-5.16773857E-01 2020 11 29 14 10 03
-4.74659991E-01 2020 11 29 14 15 02
-4.89379098E-01 2020 11 29 14 20 02
-4.33919914E-01 2020 11 29 14 25 02
-4.19337674E-01 2020 11 29 14 30 02
-2.25636604E-01 2020 11 29 14 35 03
-4.56648947E-01 2020 11 29 14 40 02
-4.07595469E-01 2020 11 29 14 45 02
-4.13002611E-01 2020 11 29 14 50 02
-4.68406422E-01 2020 11 29 14 55 02
-4.18571296E-01 2020 11 29 15 00 03
-3.03968558E-01 2020 11 29 15 05 02
-3.44390611E-01 2020 11 29 15 10 02
-3.20666318E-01 2020 11 29 15 15 02
-2.96699369E-01 2020 11 29 15 20 02
-3.31306980E-01 2020 11 29 15 25 03
-2.93830638E-01 2020 11 29 15 30 02
-1.86791700E-01 2020 11 29 15 35 02
-1.73933235E-01 2020 11 29 15 40 02
-2.24294677E-01 2020 11 29 15 45 02
-2.59553255E-01 2020 11 29 15 50 03
-2.41387973E-01 2020 11 29 15 55 02
-2.57708479E-01 2020 11 29 16 00 02
-3.44911026E-01 2020 11 29 16 05 02
-3.29500811E-01 2020 11 29 16 10 02
-3.68868818E-01 2020 11 29 16 15 03
-2.90419710E-01 2020 11 29 16 20 02
-3.09365929E-01 2020 11 29 16 25 02
-2.91362939E-01 2020 11 29 16 30 02
-2.54124372E-01 2020 11 29 16 35 02
-3.01268511E-01 2020 11 29 16 40 02
-3.07023737E-01 2020 11 29 16 45 02
-4.11047484E-01 2020 11 29 16 50 02
-3.91696696E-01 2020 11 29 16 55 02
-4.07073700E-01 2020 11 29 17 00 02
-3.33199160E-01 2020 11 29 17 05 02
-2.00859981E-01 2020 11 29 17 10 02
-3.00014248E-01 2020 11 29 17 15 02
-2.52649974E-01 2020 11 29 17 20 02
-3.38391904E-01 2020 11 29 17 25 02
-2.95237791E-01 2020 11 29 17 30 02
-3.64878863E-01 2020 11 29 17 35 02
-1.58761942E-01 2020 11 29 17 40 02
-2.09495258E-01 2020 11 29 17 45 02
-2.46925700E-01 2020 11 29 17 50 02
-3.07967429E-01 2020 11 29 17 55 02
-3.52628403E-01 2020 11 29 18 00 02
-3.26949229E-01 2020 11 29 18 05 02
-3.43357179E-01 2020 11 29 18 10 02
-3.06026909E-01 2020 11 29 18 15 02
-4.29744612E-01 2020 11 29 18 20 02
-4.24543642E-01 2020 11 29 18 25 02
-4.05838680E-01 2020 11 29 18 30 03
-3.76016249E-01 2020 11 29 18 35 02
-3.98817495E-01 2020 11 29 18 40 02
-3.96475370E-01 2020 11 29 18 45 02
-3.20018921E-01 2020 11 29 18 50 02
-2.80614925E-01 2020 11 29 18 55 03
-2.68924847E-01 2020 11 29 19 00 02
-1.78314475E-01 2020 11 29 19 05 02
-2.23839825E-01 2020 11 29 19 10 02
-2.41383407E-01 2020 11 29 19 15 02
-3.42201758E-01 2020 11 29 19 20 02
-2.59055109E-01 2020 11 29 19 25 02
-2.73162428E-01 2020 11 29 19 30 02
-3.32006991E-01 2020 11 29 19 35 02
-3.16198220E-01 2020 11 29 19 40 02
-3.93329761E-01 2020 11 29 19 45 02
-3.69672298E-01 2020 11 29 19 50 02
-4.32308681E-01 2020 11 29 19 55 02
-4.12584719E-01 2020 11 29 20 00 02
-4.52351913E-01 2020 11 29 20 05 02
-4.78494289E-01 2020 11 29 20 10 02
-5.12853261E-01 2020 11 29 20 15 02
-5.55348083E-01 2020 11 29 20 20 03
-5.73853355E-01 2020 11 29 20 25 02
-5.64115072E-01 2020 11 29 20 30 02
-5.40798498E-01 2020 11 29 20 35 02
-6.19095973E-01 2020 11 29 20 40 02
-6.08157966E-01 2020 11 29 20 45 02
-5.95744058E-01 2020 11 29 20 50 02
-6.30751428E-01 2020 11 29 20 55 02
-8.31206809E-01 2020 11 29 21 00 02
-8.33774310E-01 2020 11 29 21 05 02
-8.39265149E-01 2020 11 29 21 10 02
-8.21659105E-01 2020 11 29 21 15 02
-8.46924173E-01 2020 11 29 21 20 02
-7.93370447E-01 2020 11 29 21 25 02
-7.52965413E-01 2020 11 29 21 30 02
-7.59014129E-01 2020 11 29 21 35 03
-8.73981924E-01 2020 11 29 21 40 02
-8.25071627E-01 2020 11 29 21 45 02
-8.01317891E-01 2020 11 29 21 50 02
-7.94592311E-01 2020 11 29 21 55 02
-8.29418887E-01 2020 11 29 22 00 03
-7.92742565E-01 2020 11 29 22 05 02
-8.33958222E-01 2020 11 29 22 10 02
-9.49516650E-01 2020 11 29 22 15 02
-9.99913474E-01 2020 11 29 22 20 02
-1.04015046E+00 2020 11 29 22 25 03
-1.12713966E+00 2020 11 29 22 30 02
-1.06611092E+00 2020 11 29 22 35 02
-1.02144627E+00 2020 11 29 22 40 02
-1.00307639E+00 2020 11 29 22 45 02
-1.01488055E+00 2020 11 29 22 50 03
-1.02751404E+00 2020 11 29 22 55 02
-1.01932891E+00 2020 11 29 23 00 02
-9.27261709E-01 2020 11 29 23 05 02
-9.39203354E-01 2020 11 29 23 10 02
-9.38340009E-01 2020 11 29 23 15 03
-9.70575965E-01 2020 11 29 23 20 02
-9.79603882E-01 2020 11 29 23 25 02
-9.64691196E-01 2020 11 29 23 30 02
-9.86305614E-01 2020 11 29 23 35 02
-1.08671906E+00 2020 11 29 23 40 02
-9.44894661E-01 2020 11 29 23 45 02
-1.10671934E+00 2020 11 29 23 50 02
-1.03462433E+00 2020 11 29 23 55 02
