-9.91527751E-01 2020 11 18 00 00 02
-9.58023235E-01 2020 11 18 00 05 02
-1.03907698E+00 2020 11 18 00 10 02
-1.03433118E+00 2020 11 18 00 15 02
-1.05164695E+00 2020 11 18 00 20 03
-1.10069316E+00 2020 11 18 00 25 02
-1.12025128E+00 2020 11 18 00 30 02
-1.10259023E+00 2020 11 18 00 35 02
-1.07190655E+00 2020 11 18 00 40 02
-1.11798463E+00 2020 11 18 00 45 03
-1.13118559E+00 2020 11 18 00 50 02
-1.15866181E+00 2020 11 18 00 55 02
-1.17477434E+00 2020 11 18 01 00 02
-1.19108353E+00 2020 11 18 01 05 02
-1.18669336E+00 2020 11 18 01 10 02
-1.19643842E+00 2020 11 18 01 15 02
-1.19666110E+00 2020 11 18 01 20 02
-1.18705934E+00 2020 11 18 01 25 02
-1.19331017E+00 2020 11 18 01 30 02
-1.18785993E+00 2020 11 18 01 35 02
-1.19222051E+00 2020 11 18 01 40 02
-1.19014820E+00 2020 11 18 01 45 02
-1.18928591E+00 2020 11 18 01 50 02
-1.19063398E+00 2020 11 18 01 55 02
-1.18412600E+00 2020 11 18 02 00 02
-1.15958374E+00 2020 11 18 02 05 02
-1.14964131E+00 2020 11 18 02 10 02
-1.13011008E+00 2020 11 18 02 15 02
-1.12225701E+00 2020 11 18 02 20 02
-1.12318960E+00 2020 11 18 02 25 02
-1.11584063E+00 2020 11 18 02 30 02
-1.09285346E+00 2020 11 18 02 35 02
-1.07736631E+00 2020 11 18 02 40 02
-1.06471920E+00 2020 11 18 02 45 02
-1.04133555E+00 2020 11 18 02 50 02
-1.01668458E+00 2020 11 18 02 55 02
-9.95438782E-01 2020 11 18 03 00 02
-9.89025931E-01 2020 11 18 03 05 02
-9.79641774E-01 2020 11 18 03 10 02
-9.61039020E-01 2020 11 18 03 15 02
-9.23578080E-01 2020 11 18 03 20 02
-8.93212561E-01 2020 11 18 03 25 03
-8.62820321E-01 2020 11 18 03 30 02
-8.33554746E-01 2020 11 18 03 35 02
-8.17874340E-01 2020 11 18 03 40 02
-7.80722065E-01 2020 11 18 03 45 02
-7.52156354E-01 2020 11 18 03 50 03
-7.17113852E-01 2020 11 18 03 55 02
-6.79105945E-01 2020 11 18 04 00 02
-6.42681891E-01 2020 11 18 04 05 02
-6.16367221E-01 2020 11 18 04 10 02
-5.97087860E-01 2020 11 18 04 15 03
-5.85271675E-01 2020 11 18 04 20 02
-5.68306248E-01 2020 11 18 04 25 02
-5.43029086E-01 2020 11 18 04 30 02
-4.99557891E-01 2020 11 18 04 35 02
-4.56463333E-01 2020 11 18 04 40 03
-4.13438302E-01 2020 11 18 04 45 02
-3.85699879E-01 2020 11 18 04 50 02
-3.64078889E-01 2020 11 18 04 55 02
-3.18386414E-01 2020 11 18 05 00 02
-2.88180158E-01 2020 11 18 05 05 02
-2.52854974E-01 2020 11 18 05 10 02
-2.41952378E-01 2020 11 18 05 15 02
-2.18083586E-01 2020 11 18 05 20 02
-1.71509481E-01 2020 11 18 05 25 02
-1.14539499E-01 2020 11 18 05 30 02
-1.03149144E-01 2020 11 18 05 35 02
-8.01443660E-02 2020 11 18 05 40 02
-1.79291372E-02 2020 11 18 05 45 02
-2.60268194E-02 2020 11 18 05 50 02
-6.34068919E-02 2020 11 18 05 55 02
-1.27725008E-02 2020 11 18 06 00 02
+3.41049178E-02 2020 11 18 06 05 03
+5.97172316E-02 2020 11 18 06 10 02
+1.28636799E-01 2020 11 18 06 15 02
+9.99572321E-02 2020 11 18 06 20 02
+1.33890444E-01 2020 11 18 06 25 02
+1.42862699E-01 2020 11 18 06 30 03
+1.89806537E-01 2020 11 18 06 35 02
+1.29110803E-01 2020 11 18 06 40 02
+2.38737726E-01 2020 11 18 06 45 02
+1.53669661E-01 2020 11 18 06 50 02
+2.34337031E-01 2020 11 18 06 55 03
+3.60848603E-01 2020 11 18 07 00 02
+3.01354465E-01 2020 11 18 07 05 02
+3.36621599E-01 2020 11 18 07 10 02
+3.56822567E-01 2020 11 18 07 15 02
+4.10717001E-01 2020 11 18 07 20 02
+3.53775339E-01 2020 11 18 07 25 02
+3.61140602E-01 2020 11 18 07 30 02
+3.06152738E-01 2020 11 18 07 35 02
+2.70432919E-01 2020 11 18 07 40 02
+2.87712061E-01 2020 11 18 07 45 02
+1.40093325E-01 2020 11 18 07 50 02
+1.73676907E-01 2020 11 18 07 55 02
+2.73538048E-01 2020 11 18 08 00 02
+2.45822627E-01 2020 11 18 08 05 02
+3.32466629E-01 2020 11 18 08 10 02
+3.83097014E-01 2020 11 18 08 15 02
+1.31548504E-01 2020 11 18 08 20 02
+2.03763585E-01 2020 11 18 08 25 02
+1.86683640E-01 2020 11 18 08 30 02
+1.97339367E-01 2020 11 18 08 35 02
+1.43444753E-01 2020 11 18 08 40 02
+2.11823995E-01 2020 11 18 08 45 02
+1.15415385E-01 2020 11 18 08 50 02
+1.93862945E-01 2020 11 18 08 55 02
+1.48447853E-01 2020 11 18 09 00 02
+1.03518112E-01 2020 11 18 09 05 02
+2.16692644E-01 2020 11 18 09 10 02
+1.51150535E-01 2020 11 18 09 15 02
+2.80685838E-02 2020 11 18 09 20 02
-8.71836464E-03 2020 11 18 09 25 02
+2.11459706E-02 2020 11 18 09 30 02
+5.30092648E-02 2020 11 18 09 35 02
+2.28410567E-02 2020 11 18 09 40 02
-5.54010233E-02 2020 11 18 09 45 02
+1.41459792E-02 2020 11 18 09 50 02
-4.46811303E-02 2020 11 18 09 55 02
-1.95375602E-01 2020 11 18 10 00 02
-1.97632146E-01 2020 11 18 10 05 02
-2.00835361E-01 2020 11 18 10 10 02
-1.28477564E-01 2020 11 18 10 15 02
-2.00925425E-01 2020 11 18 10 20 02
-9.67708897E-02 2020 11 18 10 25 02
-1.34194267E-01 2020 11 18 10 30 02
-2.51995451E-01 2020 11 18 10 35 02
-2.36297970E-01 2020 11 18 10 40 02
-2.64064657E-01 2020 11 18 10 45 02
-2.15591124E-01 2020 11 18 10 50 02
-3.41089840E-01 2020 11 18 10 55 02
-3.21003285E-01 2020 11 18 11 00 02
-2.91969484E-01 2020 11 18 11 05 02
-4.98045680E-01 2020 11 18 11 10 02
-3.53830780E-01 2020 11 18 11 15 02
-3.73836407E-01 2020 11 18 11 20 02
-4.33238394E-01 2020 11 18 11 25 02
-3.56853087E-01 2020 11 18 11 30 02
-3.39214814E-01 2020 11 18 11 35 02
-3.67363273E-01 2020 11 18 11 40 02
-4.30140304E-01 2020 11 18 11 45 02
-3.76549668E-01 2020 11 18 11 50 02
-3.15278919E-01 2020 11 18 11 55 02
-3.04308664E-01 2020 11 18 12 00 02
-3.42648992E-01 2020 11 18 12 05 02
-3.62453299E-01 2020 11 18 12 10 02
-4.10386568E-01 2020 11 18 12 15 02
-3.37138953E-01 2020 11 18 12 20 02
-3.62271898E-01 2020 11 18 12 25 02
-4.04873257E-01 2020 11 18 12 30 03
-3.90011201E-01 2020 11 18 12 35 02
-4.25199447E-01 2020 11 18 12 40 02
-4.42194057E-01 2020 11 18 12 45 02
-4.07506033E-01 2020 11 18 12 50 02
-5.70700634E-01 2020 11 18 12 55 02
-5.22898976E-01 2020 11 18 13 00 02
-4.85660895E-01 2020 11 18 13 05 02
-5.28236711E-01 2020 11 18 13 10 02
-6.24632867E-01 2020 11 18 13 15 02
-5.32744529E-01 2020 11 18 13 20 02
-5.85718924E-01 2020 11 18 13 25 02
-6.98056472E-01 2020 11 18 13 30 02
-6.31994555E-01 2020 11 18 13 35 02
-6.48074497E-01 2020 11 18 13 40 02
-6.58689934E-01 2020 11 18 13 45 02
-6.70339703E-01 2020 11 18 13 50 02
-7.39888254E-01 2020 11 18 13 55 02
-7.32921537E-01 2020 11 18 14 00 02
-8.50483157E-01 2020 11 18 14 05 02
-7.38879612E-01 2020 11 18 14 10 03
-7.77073201E-01 2020 11 18 14 15 02
-7.46669112E-01 2020 11 18 14 20 02
-7.95316098E-01 2020 11 18 14 25 02
-8.45879595E-01 2020 11 18 14 30 02
-7.82452328E-01 2020 11 18 14 35 03
-8.60072724E-01 2020 11 18 14 40 02
-8.31671872E-01 2020 11 18 14 45 02
-8.88026226E-01 2020 11 18 14 50 02
-7.92731784E-01 2020 11 18 14 55 02
-8.76012111E-01 2020 11 18 15 00 03
-8.07457089E-01 2020 11 18 15 05 02
-8.15854307E-01 2020 11 18 15 10 02
-8.88664161E-01 2020 11 18 15 15 02
-8.92516839E-01 2020 11 18 15 20 02
-9.28906884E-01 2020 11 18 15 25 03
-8.83481018E-01 2020 11 18 15 30 02
-8.94186803E-01 2020 11 18 15 35 02
-9.83668218E-01 2020 11 18 15 40 02
-8.93991654E-01 2020 11 18 15 45 02
-9.99435817E-01 2020 11 18 15 50 03
-9.21100663E-01 2020 11 18 15 55 02
-8.78385257E-01 2020 11 18 16 00 02
-9.11009457E-01 2020 11 18 16 05 02
-9.53503327E-01 2020 11 18 16 10 02
-9.04688758E-01 2020 11 18 16 15 02
-9.37521295E-01 2020 11 18 16 20 02
-9.55100261E-01 2020 11 18 16 25 02
-8.34343770E-01 2020 11 18 16 30 02
-9.35124058E-01 2020 11 18 16 35 02
-8.93787368E-01 2020 11 18 16 40 02
-9.37778204E-01 2020 11 18 16 45 02
-8.69505326E-01 2020 11 18 16 50 02
-8.08479840E-01 2020 11 18 16 55 02
-8.54778529E-01 2020 11 18 17 00 02
-7.68476062E-01 2020 11 18 17 05 02
-7.61427489E-01 2020 11 18 17 10 02
-7.59568109E-01 2020 11 18 17 15 02
-8.08138487E-01 2020 11 18 17 20 02
-7.48711324E-01 2020 11 18 17 25 02
-7.09985184E-01 2020 11 18 17 30 02
-7.50524280E-01 2020 11 18 17 35 02
-7.00914200E-01 2020 11 18 17 40 03
-6.83449164E-01 2020 11 18 17 45 02
-7.20505625E-01 2020 11 18 17 50 02
-6.64094280E-01 2020 11 18 17 55 02
-6.55635605E-01 2020 11 18 18 00 02
-6.15152914E-01 2020 11 18 18 05 02
-6.11694693E-01 2020 11 18 18 10 02
-6.25265130E-01 2020 11 18 18 15 02
-5.57371188E-01 2020 11 18 18 20 02
-5.36232882E-01 2020 11 18 18 25 02
-5.58481164E-01 2020 11 18 18 30 03
-5.45617418E-01 2020 11 18 18 35 02
-4.77838135E-01 2020 11 18 18 40 02
-5.03973771E-01 2020 11 18 18 45 02
-4.67597590E-01 2020 11 18 18 50 02
-4.53321224E-01 2020 11 18 18 55 03
-4.23774725E-01 2020 11 18 19 00 02
-4.37477290E-01 2020 11 18 19 05 02
-4.61096715E-01 2020 11 18 19 10 02
-4.30940388E-01 2020 11 18 19 15 02
-4.16527947E-01 2020 11 18 19 20 02
-4.04699755E-01 2020 11 18 19 25 02
-3.71190695E-01 2020 11 18 19 30 02
-3.76033171E-01 2020 11 18 19 35 02
-4.66763532E-01 2020 11 18 19 40 02
-3.74778732E-01 2020 11 18 19 45 02
-4.30018756E-01 2020 11 18 19 50 02
-3.73933551E-01 2020 11 18 19 55 02
-3.75466603E-01 2020 11 18 20 00 02
-3.93117959E-01 2020 11 18 20 05 02
-4.13025829E-01 2020 11 18 20 10 02
-3.71561230E-01 2020 11 18 20 15 02
-3.85034781E-01 2020 11 18 20 20 02
-3.88282214E-01 2020 11 18 20 25 02
-3.53924223E-01 2020 11 18 20 30 02
-4.02752947E-01 2020 11 18 20 35 02
-3.59509052E-01 2020 11 18 20 40 02
-3.60595229E-01 2020 11 18 20 45 02
-4.24098506E-01 2020 11 18 20 50 02
-4.12781255E-01 2020 11 18 20 55 02
-3.87422361E-01 2020 11 18 21 00 02
-4.96402665E-01 2020 11 18 21 05 02
-4.11423009E-01 2020 11 18 21 10 02
-4.03784239E-01 2020 11 18 21 15 02
-4.53156119E-01 2020 11 18 21 20 02
-3.99310814E-01 2020 11 18 21 25 02
-4.21643412E-01 2020 11 18 21 30 02
-4.26057146E-01 2020 11 18 21 35 03
-4.13022623E-01 2020 11 18 21 40 02
-4.17785243E-01 2020 11 18 21 45 02
-4.76456142E-01 2020 11 18 21 50 02
-4.30272387E-01 2020 11 18 21 55 02
-4.25537047E-01 2020 11 18 22 00 03
-4.33171514E-01 2020 11 18 22 05 02
-4.93946515E-01 2020 11 18 22 10 02
-5.05990705E-01 2020 11 18 22 15 02
-5.25740227E-01 2020 11 18 22 20 02
-5.99917759E-01 2020 11 18 22 25 03
-5.72192443E-01 2020 11 18 22 30 02
-5.97087971E-01 2020 11 18 22 35 02
-5.77421404E-01 2020 11 18 22 40 02
-5.87425151E-01 2020 11 18 22 45 02
-6.49743313E-01 2020 11 18 22 50 03
-6.43707669E-01 2020 11 18 22 55 02
-6.73881131E-01 2020 11 18 23 00 02
-6.64478397E-01 2020 11 18 23 05 02
-7.25156017E-01 2020 11 18 23 10 02
-7.56378115E-01 2020 11 18 23 15 03
-6.97649282E-01 2020 11 18 23 20 02
-8.43414650E-01 2020 11 18 23 25 02
-8.36849988E-01 2020 11 18 23 30 02
-8.72587032E-01 2020 11 18 23 35 02
-8.33795837E-01 2020 11 18 23 40 03
-8.29948852E-01 2020 11 18 23 45 02
-8.75194816E-01 2020 11 18 23 50 02
-8.88865459E-01 2020 11 18 23 55 02
