-1.15146678E+00 2020 11 17 00 00 02
-1.12758847E+00 2020 11 17 00 05 02
-1.10247148E+00 2020 11 17 00 10 03
-1.19767435E+00 2020 11 17 00 15 02
-1.10701930E+00 2020 11 17 00 20 02
-1.12914436E+00 2020 11 17 00 25 02
-1.12260898E+00 2020 11 17 00 30 02
-1.15759708E+00 2020 11 17 00 35 03
-1.15536072E+00 2020 11 17 00 40 02
-1.15430175E+00 2020 11 17 00 45 02
-1.16891345E+00 2020 11 17 00 50 02
-1.16056878E+00 2020 11 17 00 55 02
-1.16612449E+00 2020 11 17 01 00 02
-1.16023902E+00 2020 11 17 01 05 02
-1.14261636E+00 2020 11 17 01 10 02
-1.12150372E+00 2020 11 17 01 15 02
-1.10823785E+00 2020 11 17 01 20 02
-1.09366444E+00 2020 11 17 01 25 02
-1.11748271E+00 2020 11 17 01 30 02
-1.08401832E+00 2020 11 17 01 35 02
-1.08482952E+00 2020 11 17 01 40 02
-1.08517072E+00 2020 11 17 01 45 02
-1.06441339E+00 2020 11 17 01 50 02
-1.02419060E+00 2020 11 17 01 55 02
-1.01423293E+00 2020 11 17 02 00 02
-1.03101836E+00 2020 11 17 02 05 02
-9.89453407E-01 2020 11 17 02 10 02
-9.48066775E-01 2020 11 17 02 15 02
-9.05709518E-01 2020 11 17 02 20 02
-8.98095512E-01 2020 11 17 02 25 03
-8.55717068E-01 2020 11 17 02 30 02
-8.37433515E-01 2020 11 17 02 35 02
-8.20452385E-01 2020 11 17 02 40 02
-7.93198799E-01 2020 11 17 02 45 02
-6.43159647E-01 2020 11 17 02 50 03
-6.13053796E-01 2020 11 17 02 55 02
-6.59568737E-01 2020 11 17 03 00 02
-6.46155912E-01 2020 11 17 03 05 02
-6.26974029E-01 2020 11 17 03 10 02
-6.09116133E-01 2020 11 17 03 15 03
-5.70381234E-01 2020 11 17 03 20 02
-5.41825550E-01 2020 11 17 03 25 02
-5.19850641E-01 2020 11 17 03 30 02
-4.72281872E-01 2020 11 17 03 35 02
-3.99814071E-01 2020 11 17 03 40 02
-3.63306718E-01 2020 11 17 03 45 02
-3.34683299E-01 2020 11 17 03 50 02
-2.98189815E-01 2020 11 17 03 55 02
-2.66218327E-01 2020 11 17 04 00 02
-2.64918810E-01 2020 11 17 04 05 02
-2.13217359E-01 2020 11 17 04 10 02
-1.82344382E-01 2020 11 17 04 15 02
-1.63449726E-01 2020 11 17 04 20 02
-1.10153747E-01 2020 11 17 04 25 02
-6.88904026E-02 2020 11 17 04 30 02
-4.68838723E-02 2020 11 17 04 35 02
-4.48328538E-02 2020 11 17 04 40 02
-3.16546197E-04 2020 11 17 04 45 02
+1.12210037E-02 2020 11 17 04 50 02
+5.21319469E-02 2020 11 17 04 55 02
+1.19168961E-01 2020 11 17 05 00 02
+1.26811804E-01 2020 11 17 05 05 02
+1.74967659E-01 2020 11 17 05 10 02
+1.91215246E-01 2020 11 17 05 15 02
+2.31178535E-01 2020 11 17 05 20 02
+2.46443183E-01 2020 11 17 05 25 02
+2.52862324E-01 2020 11 17 05 30 02
+2.80902911E-01 2020 11 17 05 35 02
+3.06463264E-01 2020 11 17 05 40 02
+2.77956478E-01 2020 11 17 05 45 02
+3.51569897E-01 2020 11 17 05 50 02
+3.52906492E-01 2020 11 17 05 55 02
+3.90419706E-01 2020 11 17 06 00 02
+3.87323342E-01 2020 11 17 06 05 02
+3.76527808E-01 2020 11 17 06 10 02
+4.55585472E-01 2020 11 17 06 15 02
+4.94012092E-01 2020 11 17 06 20 03
+5.53897191E-01 2020 11 17 06 25 02
+4.94130265E-01 2020 11 17 06 30 02
+5.29388982E-01 2020 11 17 06 35 02
+5.53070553E-01 2020 11 17 06 40 02
+5.24157672E-01 2020 11 17 06 45 02
+6.08487750E-01 2020 11 17 06 50 02
+6.08650265E-01 2020 11 17 06 55 02
+6.86098527E-01 2020 11 17 07 00 02
+6.30328475E-01 2020 11 17 07 05 02
+7.26570119E-01 2020 11 17 07 10 03
+6.66893237E-01 2020 11 17 07 15 02
+6.41800003E-01 2020 11 17 07 20 02
+6.38025979E-01 2020 11 17 07 25 02
+6.71530062E-01 2020 11 17 07 30 02
+5.85842850E-01 2020 11 17 07 35 03
+5.23716973E-01 2020 11 17 07 40 02
+5.11684346E-01 2020 11 17 07 45 02
+5.52821201E-01 2020 11 17 07 50 02
+4.67387748E-01 2020 11 17 07 55 02
+5.11079107E-01 2020 11 17 08 00 03
+4.36527744E-01 2020 11 17 08 05 02
+4.45254664E-01 2020 11 17 08 10 02
+4.22523815E-01 2020 11 17 08 15 02
+4.33297356E-01 2020 11 17 08 20 02
+3.67592393E-01 2020 11 17 08 25 03
+3.30890498E-01 2020 11 17 08 30 02
+3.03203864E-01 2020 11 17 08 35 02
+2.69609023E-01 2020 11 17 08 40 02
+2.84516064E-01 2020 11 17 08 45 02
+3.46413786E-01 2020 11 17 08 50 03
+3.07582002E-01 2020 11 17 08 55 02
+2.09161525E-01 2020 11 17 09 00 02
+3.42707092E-02 2020 11 17 09 05 02
+6.81216288E-02 2020 11 17 09 10 02
-2.38471336E-02 2020 11 17 09 15 02
+1.62292237E-01 2020 11 17 09 20 02
+5.09407848E-02 2020 11 17 09 25 02
-3.87126056E-02 2020 11 17 09 30 02
-2.40149478E-02 2020 11 17 09 35 02
-2.15420924E-02 2020 11 17 09 40 02
-1.36226815E-01 2020 11 17 09 45 02
-1.23286710E-01 2020 11 17 09 50 02
-1.18800853E-01 2020 11 17 09 55 02
-1.80167828E-01 2020 11 17 10 00 02
-1.33195506E-01 2020 11 17 10 05 03
-3.59518048E-01 2020 11 17 10 10 02
-2.38357389E-01 2020 11 17 10 15 02
-2.90213153E-01 2020 11 17 10 20 02
-3.19754429E-01 2020 11 17 10 25 02
-3.10617747E-01 2020 11 17 10 30 03
-4.93612319E-01 2020 11 17 10 35 02
-4.83978629E-01 2020 11 17 10 40 02
-3.53406452E-01 2020 11 17 10 45 02
-5.04782112E-01 2020 11 17 10 50 02
-4.78341089E-01 2020 11 17 10 55 03
-4.17168883E-01 2020 11 17 11 00 02
-4.87436549E-01 2020 11 17 11 05 02
-6.07943131E-01 2020 11 17 11 10 02
-5.31620845E-01 2020 11 17 11 15 02
-5.76005591E-01 2020 11 17 11 20 02
-6.41096771E-01 2020 11 17 11 25 02
-6.30950173E-01 2020 11 17 11 30 02
-6.46328744E-01 2020 11 17 11 35 02
-6.41119964E-01 2020 11 17 11 40 02
-6.43016101E-01 2020 11 17 11 45 02
-7.22218763E-01 2020 11 17 11 50 02
-6.83438756E-01 2020 11 17 11 55 02
-6.94023511E-01 2020 11 17 12 00 02
-6.69339280E-01 2020 11 17 12 05 02
-6.70229644E-01 2020 11 17 12 10 02
-6.29225533E-01 2020 11 17 12 15 02
-6.97950182E-01 2020 11 17 12 20 03
-5.96145192E-01 2020 11 17 12 25 02
-7.08933575E-01 2020 11 17 12 30 02
-6.75842309E-01 2020 11 17 12 35 02
-7.40580246E-01 2020 11 17 12 40 02
-6.49522474E-01 2020 11 17 12 45 03
-6.76839254E-01 2020 11 17 12 50 02
-7.32058253E-01 2020 11 17 12 55 02
-7.11361632E-01 2020 11 17 13 00 02
-7.70379428E-01 2020 11 17 13 05 02
-6.24012936E-01 2020 11 17 13 10 03
-6.32098596E-01 2020 11 17 13 15 02
-6.87584171E-01 2020 11 17 13 20 02
-6.92557172E-01 2020 11 17 13 25 02
-6.23722782E-01 2020 11 17 13 30 02
-7.34581060E-01 2020 11 17 13 35 02
-7.38652044E-01 2020 11 17 13 40 02
-6.89077025E-01 2020 11 17 13 45 02
-7.15452036E-01 2020 11 17 13 50 02
-7.25865512E-01 2020 11 17 13 55 02
-7.57421998E-01 2020 11 17 14 00 02
-8.38976107E-01 2020 11 17 14 05 02
-7.23824358E-01 2020 11 17 14 10 02
-7.55769058E-01 2020 11 17 14 15 02
-6.42469676E-01 2020 11 17 14 20 02
-7.13717113E-01 2020 11 17 14 25 02
-7.23819617E-01 2020 11 17 14 30 02
-7.11363863E-01 2020 11 17 14 35 02
-8.02927400E-01 2020 11 17 14 40 02
-8.03048749E-01 2020 11 17 14 45 02
-8.15051414E-01 2020 11 17 14 50 02
-7.19498316E-01 2020 11 17 14 55 02
-7.10703464E-01 2020 11 17 15 00 02
-7.13078843E-01 2020 11 17 15 05 02
-7.06747443E-01 2020 11 17 15 10 02
-7.33513925E-01 2020 11 17 15 15 02
-7.29431364E-01 2020 11 17 15 20 02
-6.97607873E-01 2020 11 17 15 25 02
-7.05588553E-01 2020 11 17 15 30 02
-7.18478665E-01 2020 11 17 15 35 02
-6.75517091E-01 2020 11 17 15 40 02
-6.61220119E-01 2020 11 17 15 45 02
-7.15450419E-01 2020 11 17 15 50 03
-6.89433302E-01 2020 11 17 15 55 02
-6.56121678E-01 2020 11 17 16 00 02
-6.70556855E-01 2020 11 17 16 05 02
-7.04469474E-01 2020 11 17 16 10 02
-6.61449091E-01 2020 11 17 16 15 03
-6.23280463E-01 2020 11 17 16 20 02
-7.67835524E-01 2020 11 17 16 25 02
-7.41318949E-01 2020 11 17 16 30 02
-6.58213120E-01 2020 11 17 16 35 02
-6.08062314E-01 2020 11 17 16 40 03
-5.82847023E-01 2020 11 17 16 45 02
-5.86998925E-01 2020 11 17 16 50 02
-5.57756413E-01 2020 11 17 16 55 02
-5.38431475E-01 2020 11 17 17 00 02
-4.62597283E-01 2020 11 17 17 05 03
-4.90605433E-01 2020 11 17 17 10 02
-5.57981100E-01 2020 11 17 17 15 02
-4.16368070E-01 2020 11 17 17 20 02
-4.43070913E-01 2020 11 17 17 25 02
-4.47116809E-01 2020 11 17 17 30 03
-5.44908002E-01 2020 11 17 17 35 02
-4.73925695E-01 2020 11 17 17 40 02
-4.25729072E-01 2020 11 17 17 45 02
-4.53941033E-01 2020 11 17 17 50 02
-3.64943565E-01 2020 11 17 17 55 03
-3.08853573E-01 2020 11 17 18 00 02
-3.56919138E-01 2020 11 17 18 05 02
-2.50671377E-01 2020 11 17 18 10 02
-3.59093424E-01 2020 11 17 18 15 02
-3.56639031E-01 2020 11 17 18 20 03
-3.05814802E-01 2020 11 17 18 25 02
-2.46865301E-01 2020 11 17 18 30 02
-2.42034572E-01 2020 11 17 18 35 02
-2.83772537E-01 2020 11 17 18 40 02
-2.82080957E-01 2020 11 17 18 45 03
-2.95579039E-01 2020 11 17 18 50 02
-2.76028469E-01 2020 11 17 18 55 02
-1.73683662E-01 2020 11 17 19 00 02
-1.93227547E-01 2020 11 17 19 05 02
-1.55715195E-01 2020 11 17 19 10 03
-1.93411845E-01 2020 11 17 19 15 02
-2.39841686E-01 2020 11 17 19 20 02
-1.91771354E-01 2020 11 17 19 25 02
-2.36445077E-01 2020 11 17 19 30 02
-2.06424139E-01 2020 11 17 19 35 03
-3.15907782E-01 2020 11 17 19 40 02
-2.90497478E-01 2020 11 17 19 45 02
-3.12464954E-01 2020 11 17 19 50 02
-2.70339964E-01 2020 11 17 19 55 02
-2.10311607E-01 2020 11 17 20 00 03
-2.08723382E-01 2020 11 17 20 05 02
-2.39701510E-01 2020 11 17 20 10 02
-2.84452621E-01 2020 11 17 20 15 02
-2.17200465E-01 2020 11 17 20 20 02
-2.30869394E-01 2020 11 17 20 25 02
-2.30872152E-01 2020 11 17 20 30 02
-2.09062485E-01 2020 11 17 20 35 02
-4.35819787E-01 2020 11 17 20 40 02
-3.83810642E-01 2020 11 17 20 45 02
-3.64185803E-01 2020 11 17 20 50 02
-4.50152419E-01 2020 11 17 20 55 02
-4.01234352E-01 2020 11 17 21 00 02
-4.63482997E-01 2020 11 17 21 05 02
-3.53343821E-01 2020 11 17 21 10 02
-4.16932674E-01 2020 11 17 21 15 02
-3.96057081E-01 2020 11 17 21 20 02
-4.13261245E-01 2020 11 17 21 25 02
-3.94339343E-01 2020 11 17 21 30 02
-4.42396475E-01 2020 11 17 21 35 02
-4.66272834E-01 2020 11 17 21 40 02
-5.54923623E-01 2020 11 17 21 45 02
-5.50157700E-01 2020 11 17 21 50 02
-5.19737204E-01 2020 11 17 21 55 02
-5.43516577E-01 2020 11 17 22 00 02
-6.13469859E-01 2020 11 17 22 05 02
-6.16103303E-01 2020 11 17 22 10 02
-6.41401080E-01 2020 11 17 22 15 02
-6.54437650E-01 2020 11 17 22 20 02
-7.20031190E-01 2020 11 17 22 25 02
-7.25776092E-01 2020 11 17 22 30 02
-7.97741110E-01 2020 11 17 22 35 02
-7.67150781E-01 2020 11 17 22 40 02
-8.21075585E-01 2020 11 17 22 45 02
-8.32728218E-01 2020 11 17 22 50 02
-8.55432969E-01 2020 11 17 22 55 02
-9.70660763E-01 2020 11 17 23 00 02
-9.04983379E-01 2020 11 17 23 05 02
-9.52986196E-01 2020 11 17 23 10 02
-9.06001967E-01 2020 11 17 23 15 02
-8.94968155E-01 2020 11 17 23 20 02
-9.07242273E-01 2020 11 17 23 25 02
-9.31034320E-01 2020 11 17 23 30 02
-9.63778469E-01 2020 11 17 23 35 02
-9.35717359E-01 2020 11 17 23 40 02
-9.22391340E-01 2020 11 17 23 45 02
-9.64655213E-01 2020 11 17 23 50 02
-9.75417227E-01 2020 11 17 23 55 02
