-4.00709912E-01 2020 11 11 00 00 03
-3.94552400E-01 2020 11 11 00 05 02
-3.97832580E-01 2020 11 11 00 10 02
-3.80637985E-01 2020 11 11 00 15 02
-3.72047909E-01 2020 11 11 00 20 02
-3.78818496E-01 2020 11 11 00 25 02
-3.75697943E-01 2020 11 11 00 30 02
-3.27824106E-01 2020 11 11 00 35 02
-3.28219245E-01 2020 11 11 00 40 02
-3.44459042E-01 2020 11 11 00 45 02
-3.33575999E-01 2020 11 11 00 50 02
-3.20391553E-01 2020 11 11 00 55 02
-2.93385668E-01 2020 11 11 01 00 02
-2.83470636E-01 2020 11 11 01 05 02
-2.76638743E-01 2020 11 11 01 10 02
-2.72045035E-01 2020 11 11 01 15 02
-2.58290977E-01 2020 11 11 01 20 02
-2.36804688E-01 2020 11 11 01 25 02
-2.61266970E-01 2020 11 11 01 30 02
-2.49745857E-01 2020 11 11 01 35 02
-2.36098806E-01 2020 11 11 01 40 02
-2.31438547E-01 2020 11 11 01 45 02
-2.22099522E-01 2020 11 11 01 50 03
-2.14609994E-01 2020 11 11 01 55 02
-2.11040796E-01 2020 11 11 02 00 02
-2.10580423E-01 2020 11 11 02 05 02
-1.91653140E-01 2020 11 11 02 10 02
-1.80790735E-01 2020 11 11 02 15 03
-1.93858865E-01 2020 11 11 02 20 02
-1.63819701E-01 2020 11 11 02 25 02
-1.87005100E-01 2020 11 11 02 30 02
-1.73503650E-01 2020 11 11 02 35 02
-1.78416025E-01 2020 11 11 02 40 03
-1.89018357E-01 2020 11 11 02 45 02
-1.81394397E-01 2020 11 11 02 50 02
-1.86499438E-01 2020 11 11 02 55 02
-1.70257686E-01 2020 11 11 03 00 02
-1.77569515E-01 2020 11 11 03 05 03
-1.58654422E-01 2020 11 11 03 10 02
-1.63377304E-01 2020 11 11 03 15 02
-1.71278896E-01 2020 11 11 03 20 02
-1.73849155E-01 2020 11 11 03 25 02
-1.54996990E-01 2020 11 11 03 30 03
-8.38283239E-02 2020 11 11 03 35 02
-1.57917475E-01 2020 11 11 03 40 02
-1.38869553E-01 2020 11 11 03 45 02
-1.16416409E-01 2020 11 11 03 50 02
-1.37519881E-01 2020 11 11 03 55 03
-1.64777351E-01 2020 11 11 04 00 02
-2.34025351E-01 2020 11 11 04 05 02
-2.22248633E-01 2020 11 11 04 10 02
-1.90797701E-01 2020 11 11 04 15 02
-1.87357056E-01 2020 11 11 04 20 02
-2.14569595E-01 2020 11 11 04 25 02
-1.95657317E-01 2020 11 11 04 30 02
-2.09130175E-01 2020 11 11 04 35 02
-2.40726561E-01 2020 11 11 04 40 02
-2.37317502E-01 2020 11 11 04 45 02
-2.54575266E-01 2020 11 11 04 50 02
-2.36551983E-01 2020 11 11 04 55 02
-2.17247572E-01 2020 11 11 05 00 02
-2.57746015E-01 2020 11 11 05 05 02
-2.84091939E-01 2020 11 11 05 10 02
-3.04106847E-01 2020 11 11 05 15 02
-3.13258343E-01 2020 11 11 05 20 02
-3.03668116E-01 2020 11 11 05 25 02
-3.26701892E-01 2020 11 11 05 30 02
-3.57314878E-01 2020 11 11 05 35 02
-3.18265974E-01 2020 11 11 05 40 02
-3.04624661E-01 2020 11 11 05 45 02
-3.36589329E-01 2020 11 11 05 50 02
-3.53112282E-01 2020 11 11 05 55 02
-3.91638156E-01 2020 11 11 06 00 02
-4.75078802E-01 2020 11 11 06 05 02
-4.30362555E-01 2020 11 11 06 10 02
-4.19609887E-01 2020 11 11 06 15 02
-4.64359381E-01 2020 11 11 06 20 02
-4.46675704E-01 2020 11 11 06 25 02
-4.67652287E-01 2020 11 11 06 30 02
-4.79313623E-01 2020 11 11 06 35 02
-4.85248415E-01 2020 11 11 06 40 02
-5.67377699E-01 2020 11 11 06 45 02
-5.06224955E-01 2020 11 11 06 50 02
-5.55418732E-01 2020 11 11 06 55 02
-5.74005260E-01 2020 11 11 07 00 02
-6.35200282E-01 2020 11 11 07 05 02
-5.93027560E-01 2020 11 11 07 10 02
-6.01712445E-01 2020 11 11 07 15 02
-6.08999890E-01 2020 11 11 07 20 02
-6.95925956E-01 2020 11 11 07 25 02
-6.61698019E-01 2020 11 11 07 30 02
-7.07374109E-01 2020 11 11 07 35 02
-7.69855585E-01 2020 11 11 07 40 02
-6.74772150E-01 2020 11 11 07 45 02
-7.67558694E-01 2020 11 11 07 50 02
-9.13220320E-01 2020 11 11 07 55 02
-8.30644864E-01 2020 11 11 08 00 02
-7.70513726E-01 2020 11 11 08 05 02
-7.49612411E-01 2020 11 11 08 10 02
-8.25144298E-01 2020 11 11 08 15 02
-8.72732565E-01 2020 11 11 08 20 02
-9.37377849E-01 2020 11 11 08 25 02
-9.77124450E-01 2020 11 11 08 30 02
-9.44829004E-01 2020 11 11 08 35 02
-9.58766396E-01 2020 11 11 08 40 03
-9.96473359E-01 2020 11 11 08 45 02
-9.11861790E-01 2020 11 11 08 50 02
-9.64033098E-01 2020 11 11 08 55 02
-1.02682291E+00 2020 11 11 09 00 02
-9.73526045E-01 2020 11 11 09 05 02
-1.01322183E+00 2020 11 11 09 10 02
-1.06297493E+00 2020 11 11 09 15 02
-9.84579419E-01 2020 11 11 09 20 02
-9.61305813E-01 2020 11 11 09 25 02
-9.32770172E-01 2020 11 11 09 30 03
-1.11699484E+00 2020 11 11 09 35 02
-9.71360608E-01 2020 11 11 09 40 02
-9.48407726E-01 2020 11 11 09 45 02
-9.74249287E-01 2020 11 11 09 50 02
-9.42734302E-01 2020 11 11 09 55 03
-8.83934570E-01 2020 11 11 10 00 02
-9.82320432E-01 2020 11 11 10 05 02
-9.19150036E-01 2020 11 11 10 10 02
-8.82363351E-01 2020 11 11 10 15 02
-8.71871876E-01 2020 11 11 10 20 02
-8.02174530E-01 2020 11 11 10 25 02
-8.08541734E-01 2020 11 11 10 30 02
-8.03559980E-01 2020 11 11 10 35 02
-7.14132636E-01 2020 11 11 10 40 02
-7.25975821E-01 2020 11 11 10 45 02
-6.97658749E-01 2020 11 11 10 50 02
-5.99071544E-01 2020 11 11 10 55 02
-5.67579693E-01 2020 11 11 11 00 02
-6.08668269E-01 2020 11 11 11 05 02
-5.17226124E-01 2020 11 11 11 10 02
-5.45693561E-01 2020 11 11 11 15 02
-5.47608273E-01 2020 11 11 11 20 02
-4.08996516E-01 2020 11 11 11 25 02
-3.87027031E-01 2020 11 11 11 30 02
-3.26467825E-01 2020 11 11 11 35 02
-2.83417449E-01 2020 11 11 11 40 02
-1.66615483E-01 2020 11 11 11 45 02
-1.45889481E-01 2020 11 11 11 50 02
-1.25887206E-01 2020 11 11 11 55 02
-4.18955923E-02 2020 11 11 12 00 02
+9.52695434E-04 2020 11 11 12 05 02
+2.40017306E-03 2020 11 11 12 10 02
+5.59679581E-02 2020 11 11 12 15 02
+1.13772619E-01 2020 11 11 12 20 02
+3.08186531E-02 2020 11 11 12 25 02
+1.13493038E-01 2020 11 11 12 30 02
+1.56300586E-01 2020 11 11 12 35 02
+1.68923783E-01 2020 11 11 12 40 02
+2.86197875E-01 2020 11 11 12 45 02
+2.10199006E-01 2020 11 11 12 50 02
+2.11176947E-01 2020 11 11 12 55 02
+2.14343390E-01 2020 11 11 13 00 02
+2.21644368E-01 2020 11 11 13 05 02
+2.69161312E-01 2020 11 11 13 10 02
+1.73215471E-01 2020 11 11 13 15 02
+3.11598889E-01 2020 11 11 13 20 02
+2.32491448E-01 2020 11 11 13 25 02
+2.69308844E-01 2020 11 11 13 30 02
+2.49485107E-01 2020 11 11 13 35 02
+2.71115641E-01 2020 11 11 13 40 02
+2.70570511E-01 2020 11 11 13 45 02
+3.00344346E-01 2020 11 11 13 50 02
+2.94004378E-01 2020 11 11 13 55 02
+2.87039287E-01 2020 11 11 14 00 02
+3.05994262E-01 2020 11 11 14 05 02
+2.15074862E-01 2020 11 11 14 10 02
+2.56740066E-01 2020 11 11 14 15 02
+3.09164820E-01 2020 11 11 14 20 02
+3.32447435E-01 2020 11 11 14 25 02
+3.00369611E-01 2020 11 11 14 30 02
+3.04585615E-01 2020 11 11 14 35 02
+2.77460761E-01 2020 11 11 14 40 02
+2.27031760E-01 2020 11 11 14 45 02
+2.65059346E-01 2020 11 11 14 50 02
+3.21632077E-01 2020 11 11 14 55 02
+2.49037042E-01 2020 11 11 15 00 02
+2.90875683E-01 2020 11 11 15 05 02
+2.77181938E-01 2020 11 11 15 10 02
+3.04902895E-01 2020 11 11 15 15 02
+2.51699008E-01 2020 11 11 15 20 02
+3.16058807E-01 2020 11 11 15 25 02
+2.92507049E-01 2020 11 11 15 30 02
+2.26258977E-01 2020 11 11 15 35 02
+2.61443460E-01 2020 11 11 15 40 02
+2.24026294E-01 2020 11 11 15 45 02
+2.07241110E-01 2020 11 11 15 50 02
+1.62810688E-01 2020 11 11 15 55 02
+1.99517696E-01 2020 11 11 16 00 02
+1.21305672E-01 2020 11 11 16 05 02
+1.56764825E-01 2020 11 11 16 10 02
+1.47408791E-01 2020 11 11 16 15 02
+8.78301861E-02 2020 11 11 16 20 02
+4.27674716E-02 2020 11 11 16 25 02
+3.23527199E-02 2020 11 11 16 30 02
-6.16333188E-02 2020 11 11 16 35 02
-3.62436342E-02 2020 11 11 16 40 02
-2.58600395E-03 2020 11 11 16 45 02
-5.57152386E-02 2020 11 11 16 50 02
-3.72326799E-02 2020 11 11 16 55 02
-1.57404369E-01 2020 11 11 17 00 02
-1.12332471E-01 2020 11 11 17 05 02
-1.73702286E-01 2020 11 11 17 10 02
-1.98380424E-01 2020 11 11 17 15 02
-1.05942850E-01 2020 11 11 17 20 02
-1.08870337E-01 2020 11 11 17 25 02
-1.47699110E-01 2020 11 11 17 30 02
-1.72072882E-01 2020 11 11 17 35 02
-2.89393702E-01 2020 11 11 17 40 02
-2.97173981E-01 2020 11 11 17 45 02
-2.07565214E-01 2020 11 11 17 50 02
-2.02044792E-01 2020 11 11 17 55 02
-3.31131327E-01 2020 11 11 18 00 02
-3.28414263E-01 2020 11 11 18 05 02
-1.84564950E-01 2020 11 11 18 10 02
-2.58122688E-01 2020 11 11 18 15 02
-3.52529052E-01 2020 11 11 18 20 02
-2.86342483E-01 2020 11 11 18 25 02
-2.54096857E-01 2020 11 11 18 30 02
-2.72028424E-01 2020 11 11 18 35 02
-2.92170207E-01 2020 11 11 18 40 02
-2.43732382E-01 2020 11 11 18 45 02
-3.44846570E-01 2020 11 11 18 50 03
-3.78459316E-01 2020 11 11 18 55 02
-3.73631481E-01 2020 11 11 19 00 02
-3.91251112E-01 2020 11 11 19 05 02
-5.02650130E-01 2020 11 11 19 10 02
-4.65357419E-01 2020 11 11 19 15 03
-5.09927939E-01 2020 11 11 19 20 02
-4.76723146E-01 2020 11 11 19 25 02
-5.23153380E-01 2020 11 11 19 30 02
-7.68867076E-01 2020 11 11 19 35 02
-5.79731404E-01 2020 11 11 19 40 03
-6.33977693E-01 2020 11 11 19 45 02
-6.33329955E-01 2020 11 11 19 50 02
-5.72885774E-01 2020 11 11 19 55 02
-6.64840438E-01 2020 11 11 20 00 02
-5.60407777E-01 2020 11 11 20 05 02
-6.37526886E-01 2020 11 11 20 10 02
-6.27996199E-01 2020 11 11 20 15 02
-6.75033092E-01 2020 11 11 20 20 02
-6.69884254E-01 2020 11 11 20 25 02
-7.09291072E-01 2020 11 11 20 30 02
-6.76183432E-01 2020 11 11 20 35 02
-7.23801763E-01 2020 11 11 20 40 02
-7.02846419E-01 2020 11 11 20 45 02
-6.72477279E-01 2020 11 11 20 50 02
-7.33595538E-01 2020 11 11 20 55 02
-6.85259458E-01 2020 11 11 21 00 02
-6.87581080E-01 2020 11 11 21 05 02
-7.82982483E-01 2020 11 11 21 10 02
-7.59429832E-01 2020 11 11 21 15 02
-7.32052620E-01 2020 11 11 21 20 02
-6.51952725E-01 2020 11 11 21 25 02
-6.02778521E-01 2020 11 11 21 30 03
-7.00097989E-01 2020 11 11 21 35 02
-7.77072382E-01 2020 11 11 21 40 02
-6.97862653E-01 2020 11 11 21 45 02
-7.04021340E-01 2020 11 11 21 50 02
-7.18844649E-01 2020 11 11 21 55 03
-7.24203193E-01 2020 11 11 22 00 02
-6.54171366E-01 2020 11 11 22 05 02
-6.47997180E-01 2020 11 11 22 10 02
-7.05712542E-01 2020 11 11 22 15 02
-7.22030531E-01 2020 11 11 22 20 02
-7.11571977E-01 2020 11 11 22 25 02
-6.77269773E-01 2020 11 11 22 30 02
-6.72625453E-01 2020 11 11 22 35 02
-6.39724374E-01 2020 11 11 22 40 02
-6.32289130E-01 2020 11 11 22 45 02
-6.33049565E-01 2020 11 11 22 50 02
-6.48877912E-01 2020 11 11 22 55 02
-5.89091531E-01 2020 11 11 23 00 02
-7.08127843E-01 2020 11 11 23 05 02
-4.82864638E-01 2020 11 11 23 10 02
-5.19329024E-01 2020 11 11 23 15 02
-5.03797522E-01 2020 11 11 23 20 03
-6.25269148E-01 2020 11 11 23 25 02
-6.37488443E-01 2020 11 11 23 30 02
-6.01270011E-01 2020 11 11 23 35 02
-4.83405778E-01 2020 11 11 23 40 02
-5.49326049E-01 2020 11 11 23 45 03
-5.44773170E-01 2020 11 11 23 50 02
-5.68144398E-01 2020 11 11 23 55 02
