-6.42127195E-01 2020 11 28 00 00 02
-6.41694003E-01 2020 11 28 00 05 02
-6.34872841E-01 2020 11 28 00 10 02
-6.71916624E-01 2020 11 28 00 15 02
-6.29918314E-01 2020 11 28 00 20 03
-6.22418276E-01 2020 11 28 00 25 02
-6.32016160E-01 2020 11 28 00 30 02
-6.42776507E-01 2020 11 28 00 35 02
-5.96861767E-01 2020 11 28 00 40 02
-5.81806294E-01 2020 11 28 00 45 02
-6.42044785E-01 2020 11 28 00 50 02
-5.84942452E-01 2020 11 28 00 55 02
-5.75077628E-01 2020 11 28 01 00 02
-5.67684013E-01 2020 11 28 01 05 02
-5.61872020E-01 2020 11 28 01 10 02
-5.95763200E-01 2020 11 28 01 15 02
-5.93865758E-01 2020 11 28 01 20 02
-5.38436768E-01 2020 11 28 01 25 02
-5.16585576E-01 2020 11 28 01 30 02
-5.05998247E-01 2020 11 28 01 35 02
-3.87002445E-01 2020 11 28 01 40 02
-3.61095181E-01 2020 11 28 01 45 02
-3.24216060E-01 2020 11 28 01 50 02
-3.18714933E-01 2020 11 28 01 55 02
-2.84638429E-01 2020 11 28 02 00 03
-2.57317433E-01 2020 11 28 02 05 02
-2.62725232E-01 2020 11 28 02 10 02
-2.34698961E-01 2020 11 28 02 15 02
-2.20576394E-01 2020 11 28 02 20 02
-2.94948225E-01 2020 11 28 02 25 03
-2.43338692E-01 2020 11 28 02 30 02
-1.94245485E-01 2020 11 28 02 35 02
-1.31912683E-01 2020 11 28 02 40 02
-1.85252902E-01 2020 11 28 02 45 02
-1.21641693E-01 2020 11 28 02 50 03
-1.04746676E-01 2020 11 28 02 55 02
-1.25344321E-01 2020 11 28 03 00 02
-1.25755285E-01 2020 11 28 03 05 02
-9.75494807E-02 2020 11 28 03 10 02
-1.04076955E-01 2020 11 28 03 15 03
-8.58046361E-02 2020 11 28 03 20 02
+7.59355150E-03 2020 11 28 03 25 02
-1.41389558E-02 2020 11 28 03 30 02
+2.06009013E-02 2020 11 28 03 35 02
-2.65452234E-02 2020 11 28 03 40 03
+1.13376003E-03 2020 11 28 03 45 02
-3.07630315E-03 2020 11 28 03 50 02
+3.82949567E-02 2020 11 28 03 55 02
+7.47667398E-02 2020 11 28 04 00 02
+9.23637093E-02 2020 11 28 04 05 03
+7.97766728E-02 2020 11 28 04 10 02
+1.24435547E-01 2020 11 28 04 15 02
+1.50406262E-01 2020 11 28 04 20 02
+1.61732590E-01 2020 11 28 04 25 02
+1.53957113E-01 2020 11 28 04 30 02
+1.71123681E-01 2020 11 28 04 35 02
+1.74473054E-01 2020 11 28 04 40 02
+1.73701074E-01 2020 11 28 04 45 02
+1.57881972E-01 2020 11 28 04 50 02
+1.49944335E-01 2020 11 28 04 55 02
+1.64533298E-01 2020 11 28 05 00 02
+1.90850021E-01 2020 11 28 05 05 02
+1.77683978E-01 2020 11 28 05 10 02
+2.08272525E-01 2020 11 28 05 15 02
+1.51567182E-01 2020 11 28 05 20 02
+1.33933662E-01 2020 11 28 05 25 02
+1.86536577E-01 2020 11 28 05 30 02
+1.56427777E-01 2020 11 28 05 35 02
+1.46771705E-01 2020 11 28 05 40 02
+1.56000632E-01 2020 11 28 05 45 02
+1.65980633E-01 2020 11 28 05 50 02
+1.34492954E-01 2020 11 28 05 55 02
+5.86187404E-02 2020 11 28 06 00 02
+5.47171488E-02 2020 11 28 06 05 02
+1.08638808E-01 2020 11 28 06 10 02
+5.49663817E-02 2020 11 28 06 15 02
+7.62469719E-02 2020 11 28 06 20 02
+8.97266067E-02 2020 11 28 06 25 02
+6.64500036E-02 2020 11 28 06 30 02
+9.09824092E-02 2020 11 28 06 35 02
+3.33309464E-02 2020 11 28 06 40 02
+5.51966616E-02 2020 11 28 06 45 02
-2.04080044E-02 2020 11 28 06 50 02
+5.70994013E-02 2020 11 28 06 55 02
-1.41637550E-02 2020 11 28 07 00 02
-5.30970097E-02 2020 11 28 07 05 02
-2.03381200E-02 2020 11 28 07 10 02
-9.89963025E-02 2020 11 28 07 15 02
-1.15692192E-01 2020 11 28 07 20 02
-1.69419613E-01 2020 11 28 07 25 02
-1.67954649E-01 2020 11 28 07 30 02
-1.69522520E-01 2020 11 28 07 35 03
-2.33869321E-01 2020 11 28 07 40 02
-2.41342327E-01 2020 11 28 07 45 02
-2.36893562E-01 2020 11 28 07 50 02
-2.00503238E-01 2020 11 28 07 55 02
-3.85935798E-01 2020 11 28 08 00 03
-4.13375785E-01 2020 11 28 08 05 02
-3.68869373E-01 2020 11 28 08 10 02
-4.57546451E-01 2020 11 28 08 15 02
-5.22949575E-01 2020 11 28 08 20 02
-5.22479268E-01 2020 11 28 08 25 03
-6.64138951E-01 2020 11 28 08 30 02
-5.06777160E-01 2020 11 28 08 35 02
-6.42452588E-01 2020 11 28 08 40 02
-6.57846891E-01 2020 11 28 08 45 02
-6.69257066E-01 2020 11 28 08 50 03
-7.56661439E-01 2020 11 28 08 55 02
-8.20119241E-01 2020 11 28 09 00 02
-7.99112325E-01 2020 11 28 09 05 02
-8.28862588E-01 2020 11 28 09 10 02
-8.49908720E-01 2020 11 28 09 15 03
-8.37618171E-01 2020 11 28 09 20 02
-8.83558606E-01 2020 11 28 09 25 02
-8.27912121E-01 2020 11 28 09 30 02
-9.39847502E-01 2020 11 28 09 35 02
-8.22980360E-01 2020 11 28 09 40 03
-9.36975664E-01 2020 11 28 09 45 02
-1.01682725E+00 2020 11 28 09 50 02
-1.00982927E+00 2020 11 28 09 55 02
-9.27308411E-01 2020 11 28 10 00 02
-9.55101076E-01 2020 11 28 10 05 02
-9.90445511E-01 2020 11 28 10 10 02
-1.06474916E+00 2020 11 28 10 15 02
-9.38751326E-01 2020 11 28 10 20 02
-1.14039803E+00 2020 11 28 10 25 02
-1.12779677E+00 2020 11 28 10 30 02
-1.00206938E+00 2020 11 28 10 35 02
-8.71009588E-01 2020 11 28 10 40 02
-8.41460053E-01 2020 11 28 10 45 02
-8.50255840E-01 2020 11 28 10 50 02
-8.53386700E-01 2020 11 28 10 55 02
-7.74544037E-01 2020 11 28 11 00 02
-7.67816532E-01 2020 11 28 11 05 02
-7.79201821E-01 2020 11 28 11 10 02
-7.54204708E-01 2020 11 28 11 15 02
-7.54820029E-01 2020 11 28 11 20 02
-7.17772867E-01 2020 11 28 11 25 02
-7.71724260E-01 2020 11 28 11 30 02
-9.24045533E-01 2020 11 28 11 35 02
-8.36334421E-01 2020 11 28 11 40 02
-9.28412415E-01 2020 11 28 11 45 02
-8.13145802E-01 2020 11 28 11 50 02
-8.19695529E-01 2020 11 28 11 55 02
-8.07764361E-01 2020 11 28 12 00 02
-7.43309675E-01 2020 11 28 12 05 02
-7.68678309E-01 2020 11 28 12 10 02
-8.82065515E-01 2020 11 28 12 15 02
-8.39378297E-01 2020 11 28 12 20 03
-7.28820962E-01 2020 11 28 12 25 02
-8.35729159E-01 2020 11 28 12 30 02
-6.40868352E-01 2020 11 28 12 35 02
-6.59002370E-01 2020 11 28 12 40 02
-6.68773508E-01 2020 11 28 12 45 03
-4.98501294E-01 2020 11 28 12 50 02
-4.85964568E-01 2020 11 28 12 55 02
-4.45223340E-01 2020 11 28 13 00 02
-4.93405121E-01 2020 11 28 13 05 02
-3.88672242E-01 2020 11 28 13 10 03
-4.27828824E-01 2020 11 28 13 15 02
-4.27741935E-01 2020 11 28 13 20 02
-5.44869190E-01 2020 11 28 13 25 02
-5.28843755E-01 2020 11 28 13 30 02
-5.24476797E-01 2020 11 28 13 35 03
-5.23005659E-01 2020 11 28 13 40 02
-3.63425952E-01 2020 11 28 13 45 02
-4.84498393E-01 2020 11 28 13 50 02
-3.77564300E-01 2020 11 28 13 55 02
-3.92304421E-01 2020 11 28 14 00 03
-3.75670344E-01 2020 11 28 14 05 02
-3.24945222E-01 2020 11 28 14 10 02
-2.93072940E-01 2020 11 28 14 15 02
-2.73341563E-01 2020 11 28 14 20 02
-2.91530074E-01 2020 11 28 14 25 02
-2.32512296E-01 2020 11 28 14 30 02
-2.76003961E-01 2020 11 28 14 35 02
-3.41256616E-01 2020 11 28 14 40 02
-2.94516379E-01 2020 11 28 14 45 02
-3.33209163E-01 2020 11 28 14 50 03
-3.67798807E-01 2020 11 28 14 55 02
-4.65943733E-01 2020 11 28 15 00 02
-4.19164993E-01 2020 11 28 15 05 02
-3.80854148E-01 2020 11 28 15 10 02
-3.81192403E-01 2020 11 28 15 15 02
-3.35839871E-01 2020 11 28 15 20 02
-3.05125478E-01 2020 11 28 15 25 02
-2.31988773E-01 2020 11 28 15 30 02
-2.32302053E-01 2020 11 28 15 35 02
-1.24882950E-01 2020 11 28 15 40 02
-7.72445180E-02 2020 11 28 15 45 02
-3.21650601E-02 2020 11 28 15 50 02
-6.24884371E-02 2020 11 28 15 55 02
-9.41511190E-02 2020 11 28 16 00 02
-1.07033220E-01 2020 11 28 16 05 02
-1.63586271E-01 2020 11 28 16 10 02
-1.56576230E-01 2020 11 28 16 15 02
-1.48799973E-01 2020 11 28 16 20 02
-2.48954910E-01 2020 11 28 16 25 02
-2.55365241E-01 2020 11 28 16 30 02
-2.28076583E-01 2020 11 28 16 35 02
-1.74572764E-01 2020 11 28 16 40 02
-3.00163916E-01 2020 11 28 16 45 02
-2.21814814E-01 2020 11 28 16 50 02
-2.07798761E-01 2020 11 28 16 55 02
-2.49028718E-01 2020 11 28 17 00 02
-2.41502481E-01 2020 11 28 17 05 02
-2.37883822E-01 2020 11 28 17 10 02
-2.09839247E-01 2020 11 28 17 15 02
-2.26254945E-01 2020 11 28 17 20 02
-1.77941848E-01 2020 11 28 17 25 02
-2.16909625E-01 2020 11 28 17 30 03
-1.86899899E-01 2020 11 28 17 35 02
-2.40377886E-01 2020 11 28 17 40 02
-1.54695323E-01 2020 11 28 17 45 02
-1.12176548E-01 2020 11 28 17 50 02
-1.58685761E-01 2020 11 28 17 55 03
-3.41447341E-01 2020 11 28 18 00 02
-3.21317517E-01 2020 11 28 18 05 02
-2.95854800E-01 2020 11 28 18 10 02
-1.79818766E-01 2020 11 28 18 15 02
-3.10934100E-01 2020 11 28 18 20 03
-2.49812666E-01 2020 11 28 18 25 02
-2.81005721E-01 2020 11 28 18 30 02
-3.93022435E-01 2020 11 28 18 35 02
-3.37488811E-01 2020 11 28 18 40 02
-3.56617061E-01 2020 11 28 18 45 03
-3.19307136E-01 2020 11 28 18 50 02
-3.07137739E-01 2020 11 28 18 55 02
-3.23465707E-01 2020 11 28 19 00 02
-3.17706589E-01 2020 11 28 19 05 02
-3.65199293E-01 2020 11 28 19 10 03
-4.10934812E-01 2020 11 28 19 15 02
-3.94573979E-01 2020 11 28 19 20 02
-3.88788983E-01 2020 11 28 19 25 02
-4.46718975E-01 2020 11 28 19 30 02
-5.47222033E-01 2020 11 28 19 35 03
-5.70170533E-01 2020 11 28 19 40 02
-5.95604213E-01 2020 11 28 19 45 02
-6.17846955E-01 2020 11 28 19 50 02
-6.22432147E-01 2020 11 28 19 55 02
-7.15583212E-01 2020 11 28 20 00 03
-7.78003961E-01 2020 11 28 20 05 02
-6.93416199E-01 2020 11 28 20 10 02
-6.43564487E-01 2020 11 28 20 15 02
-6.72791164E-01 2020 11 28 20 20 02
-7.51067440E-01 2020 11 28 20 25 03
-7.67695321E-01 2020 11 28 20 30 02
-7.37392980E-01 2020 11 28 20 35 02
-6.92925876E-01 2020 11 28 20 40 02
-7.22947166E-01 2020 11 28 20 45 02
-6.18284884E-01 2020 11 28 20 50 03
-6.64428766E-01 2020 11 28 20 55 02
-7.84136317E-01 2020 11 28 21 00 02
-7.07875379E-01 2020 11 28 21 05 02
-7.68919164E-01 2020 11 28 21 10 02
-7.58016146E-01 2020 11 28 21 15 03
-6.52856564E-01 2020 11 28 21 20 02
-5.63124347E-01 2020 11 28 21 25 02
-7.48188764E-01 2020 11 28 21 30 02
-7.75007043E-01 2020 11 28 21 35 02
-7.46603058E-01 2020 11 28 21 40 02
-7.07332800E-01 2020 11 28 21 45 02
-8.37750765E-01 2020 11 28 21 50 02
-8.82386913E-01 2020 11 28 21 55 02
-9.99980742E-01 2020 11 28 22 00 02
-1.01579833E+00 2020 11 28 22 05 02
-9.93560736E-01 2020 11 28 22 10 02
-9.63239561E-01 2020 11 28 22 15 02
-9.78088367E-01 2020 11 28 22 20 02
-1.05174137E+00 2020 11 28 22 25 02
-1.05983083E+00 2020 11 28 22 30 02
-1.05293010E+00 2020 11 28 22 35 02
-1.09290866E+00 2020 11 28 22 40 03
-1.08862448E+00 2020 11 28 22 45 02
-1.15358842E+00 2020 11 28 22 50 02
-9.71707365E-01 2020 11 28 22 55 02
-9.64610842E-01 2020 11 28 23 00 02
-9.42969395E-01 2020 11 28 23 05 03
-9.14911256E-01 2020 11 28 23 10 02
-7.75461281E-01 2020 11 28 23 15 02
-8.26843615E-01 2020 11 28 23 20 02
-8.37190401E-01 2020 11 28 23 25 02
-8.49056172E-01 2020 11 28 23 30 03
-8.95507548E-01 2020 11 28 23 35 02
-8.65207279E-01 2020 11 28 23 40 02
-7.85166810E-01 2020 11 28 23 45 02
-7.98747535E-01 2020 11 28 23 50 02
-7.35010255E-01 2020 11 28 23 55 02
