-3.38691737E-01 2020 11 22 00 00 02
-2.90954150E-01 2020 11 22 00 05 03
-3.21496883E-01 2020 11 22 00 10 02
-3.92815580E-01 2020 11 22 00 15 02
-3.76183747E-01 2020 11 22 00 20 02
-4.73101622E-01 2020 11 22 00 25 02
-4.39647772E-01 2020 11 22 00 30 03
-4.53028421E-01 2020 11 22 00 35 02
-4.42834740E-01 2020 11 22 00 40 02
-3.65758263E-01 2020 11 22 00 45 02
-3.10016016E-01 2020 11 22 00 50 02
-3.03098896E-01 2020 11 22 00 55 02
-3.38688850E-01 2020 11 22 01 00 02
-4.21749493E-01 2020 11 22 01 05 02
-5.93584428E-01 2020 11 22 01 10 02
-5.49609000E-01 2020 11 22 01 15 02
-5.58206675E-01 2020 11 22 01 20 03
-5.45306313E-01 2020 11 22 01 25 02
-4.59922317E-01 2020 11 22 01 30 02
-4.22909606E-01 2020 11 22 01 35 02
-4.20594567E-01 2020 11 22 01 40 02
-4.62196835E-01 2020 11 22 01 45 03
-4.87986943E-01 2020 11 22 01 50 02
-5.04221555E-01 2020 11 22 01 55 02
-4.09967027E-01 2020 11 22 02 00 02
-3.83725342E-01 2020 11 22 02 05 02
-3.72962083E-01 2020 11 22 02 10 02
-3.58649773E-01 2020 11 22 02 15 02
-4.23066298E-01 2020 11 22 02 20 02
-4.31635698E-01 2020 11 22 02 25 02
-3.60431636E-01 2020 11 22 02 30 02
-3.33760611E-01 2020 11 22 02 35 03
-3.40345445E-01 2020 11 22 02 40 02
-3.64276652E-01 2020 11 22 02 45 02
-3.85459397E-01 2020 11 22 02 50 02
-3.80943143E-01 2020 11 22 02 55 02
-3.61140439E-01 2020 11 22 03 00 02
-3.05671478E-01 2020 11 22 03 05 02
-2.82386403E-01 2020 11 22 03 10 02
-2.93493525E-01 2020 11 22 03 15 02
-4.30632567E-01 2020 11 22 03 20 02
-4.87709161E-01 2020 11 22 03 25 02
-4.62362147E-01 2020 11 22 03 30 02
-3.85653757E-01 2020 11 22 03 35 02
-2.61224584E-01 2020 11 22 03 40 02
-3.65074306E-01 2020 11 22 03 45 02
-4.03171198E-01 2020 11 22 03 50 03
-3.36842951E-01 2020 11 22 03 55 02
-4.23243647E-01 2020 11 22 04 00 02
-4.72715584E-01 2020 11 22 04 05 02
-5.59277853E-01 2020 11 22 04 10 02
-5.81256200E-01 2020 11 22 04 15 03
-6.32773251E-01 2020 11 22 04 20 02
-5.91995995E-01 2020 11 22 04 25 02
-5.88465256E-01 2020 11 22 04 30 02
-5.12822680E-01 2020 11 22 04 35 02
-4.43989798E-01 2020 11 22 04 40 03
-5.19483780E-01 2020 11 22 04 45 02
-4.98686103E-01 2020 11 22 04 50 02
-4.94251091E-01 2020 11 22 04 55 02
-4.54023388E-01 2020 11 22 05 00 02
-5.07977534E-01 2020 11 22 05 05 03
-4.51463139E-01 2020 11 22 05 10 02
-2.11033011E-01 2020 11 22 05 15 02
-4.39071390E-01 2020 11 22 05 20 02
-3.13937983E-01 2020 11 22 05 25 02
-4.26604172E-01 2020 11 22 05 30 03
-4.20643681E-01 2020 11 22 05 35 02
-3.28505054E-01 2020 11 22 05 40 02
-3.19966745E-01 2020 11 22 05 45 02
-2.89984329E-01 2020 11 22 05 50 02
-2.51274110E-01 2020 11 22 05 55 03
-3.34657280E-01 2020 11 22 06 00 02
-2.60666066E-01 2020 11 22 06 05 02
-2.09319786E-01 2020 11 22 06 10 02
-6.15129502E-02 2020 11 22 06 15 02
+6.60268167E-02 2020 11 22 06 20 02
+5.53436074E-02 2020 11 22 06 25 02
+7.90935801E-02 2020 11 22 06 30 02
+8.32620175E-02 2020 11 22 06 35 02
+2.11292535E-02 2020 11 22 06 40 02
-1.20927706E-01 2020 11 22 06 45 02
-1.60605857E-01 2020 11 22 06 50 02
-1.86287076E-01 2020 11 22 06 55 03
-4.02226554E-01 2020 11 22 07 00 02
-5.94971421E-01 2020 11 22 07 05 02
-5.61561040E-01 2020 11 22 07 10 02
-7.43528251E-01 2020 11 22 07 15 02
-4.49312896E-01 2020 11 22 07 20 03
-4.42447341E-01 2020 11 22 07 25 02
-6.20403746E-01 2020 11 22 07 30 02
-6.36901868E-01 2020 11 22 07 35 02
-5.54769880E-01 2020 11 22 07 40 02
-4.97660668E-01 2020 11 22 07 45 03
-1.69266654E-01 2020 11 22 07 50 02
-9.55321153E-02 2020 11 22 07 55 02
-1.58384174E-01 2020 11 22 08 00 02
-3.03919830E-01 2020 11 22 08 05 02
-3.43068392E-01 2020 11 22 08 10 02
-5.05477747E-01 2020 11 22 08 15 02
-5.56558311E-01 2020 11 22 08 20 02
-5.47001904E-01 2020 11 22 08 25 02
-5.15462918E-01 2020 11 22 08 30 02
-5.49527924E-01 2020 11 22 08 35 02
-3.82698441E-01 2020 11 22 08 40 02
-3.61524558E-01 2020 11 22 08 45 02
-3.97063996E-01 2020 11 22 08 50 02
-3.23398784E-01 2020 11 22 08 55 02
-2.59610577E-01 2020 11 22 09 00 02
-5.07283837E-01 2020 11 22 09 05 02
-3.12494053E-01 2020 11 22 09 10 02
-3.90149217E-01 2020 11 22 09 15 02
-3.52384382E-01 2020 11 22 09 20 02
-3.75925468E-01 2020 11 22 09 25 02
-3.08759597E-01 2020 11 22 09 30 02
-1.07214932E-01 2020 11 22 09 35 02
-2.48417651E-01 2020 11 22 09 40 02
-3.98384336E-01 2020 11 22 09 45 02
-2.75239440E-01 2020 11 22 09 50 02
-4.74845954E-01 2020 11 22 09 55 02
-3.82941731E-01 2020 11 22 10 00 02
-4.90600891E-01 2020 11 22 10 05 02
-5.72729478E-01 2020 11 22 10 10 02
-5.13568657E-01 2020 11 22 10 15 02
-4.75812058E-01 2020 11 22 10 20 02
-4.08193568E-01 2020 11 22 10 25 03
-3.96084183E-01 2020 11 22 10 30 02
-4.98715680E-01 2020 11 22 10 35 02
-4.04814489E-01 2020 11 22 10 40 02
-3.97777348E-01 2020 11 22 10 45 02
-3.23400128E-01 2020 11 22 10 50 03
-3.35657739E-01 2020 11 22 10 55 02
-4.52190367E-01 2020 11 22 11 00 02
-3.97166767E-01 2020 11 22 11 05 02
-3.49868045E-01 2020 11 22 11 10 02
-2.29052017E-01 2020 11 22 11 15 03
-2.79070680E-01 2020 11 22 11 20 02
-2.68341493E-01 2020 11 22 11 25 02
-1.71952611E-01 2020 11 22 11 30 02
-3.05443816E-01 2020 11 22 11 35 02
-3.20843347E-01 2020 11 22 11 40 03
-3.82153446E-01 2020 11 22 11 45 02
-3.43536463E-01 2020 11 22 11 50 02
-3.01171121E-01 2020 11 22 11 55 02
-1.83196337E-01 2020 11 22 12 00 02
-1.28273109E-01 2020 11 22 12 05 02
-2.21596183E-01 2020 11 22 12 10 02
-2.87222785E-01 2020 11 22 12 15 02
-4.24212571E-02 2020 11 22 12 20 02
+1.36186465E-01 2020 11 22 12 25 02
+9.99115619E-02 2020 11 22 12 30 02
-9.35790910E-02 2020 11 22 12 35 02
-6.02047926E-02 2020 11 22 12 40 02
-1.93037482E-01 2020 11 22 12 45 02
-1.39653378E-01 2020 11 22 12 50 02
-1.96908849E-01 2020 11 22 12 55 02
-8.22499914E-02 2020 11 22 13 00 02
-2.05697969E-01 2020 11 22 13 05 03
-3.69593557E-01 2020 11 22 13 10 02
-2.54479563E-01 2020 11 22 13 15 02
-5.90379801E-01 2020 11 22 13 20 02
-2.79385148E-01 2020 11 22 13 25 02
-2.37688495E-01 2020 11 22 13 30 02
-3.94654769E-01 2020 11 22 13 35 02
-4.70598854E-01 2020 11 22 13 40 02
-3.29446339E-01 2020 11 22 13 45 02
-3.84357000E-01 2020 11 22 13 50 02
-4.85613451E-01 2020 11 22 13 55 03
-2.33380742E-01 2020 11 22 14 00 02
-8.61854174E-02 2020 11 22 14 05 02
+1.12038848E-01 2020 11 22 14 10 02
+9.42477784E-02 2020 11 22 14 15 02
+9.71664731E-02 2020 11 22 14 20 03
+1.44095288E-01 2020 11 22 14 25 02
-7.46884624E-02 2020 11 22 14 30 02
-2.28825956E-01 2020 11 22 14 35 02
-4.62421670E-01 2020 11 22 14 40 02
-2.58525744E-01 2020 11 22 14 45 03
-3.37921495E-01 2020 11 22 14 50 02
-3.46063291E-01 2020 11 22 14 55 02
-4.37622099E-01 2020 11 22 15 00 02
-5.01878095E-01 2020 11 22 15 05 02
-3.69085577E-01 2020 11 22 15 10 03
-4.60622351E-01 2020 11 22 15 15 02
-4.15817029E-01 2020 11 22 15 20 02
-2.43516144E-01 2020 11 22 15 25 02
-5.35977142E-01 2020 11 22 15 30 02
-3.55655684E-01 2020 11 22 15 35 03
-3.47308360E-01 2020 11 22 15 40 02
-4.67898107E-01 2020 11 22 15 45 02
-4.50383953E-01 2020 11 22 15 50 02
-3.02463444E-01 2020 11 22 15 55 02
-5.61963603E-01 2020 11 22 16 00 03
-4.35745576E-01 2020 11 22 16 05 02
-2.67696558E-01 2020 11 22 16 10 02
-4.95079893E-01 2020 11 22 16 15 02
-4.69389741E-01 2020 11 22 16 20 02
-4.94639566E-01 2020 11 22 16 25 03
-4.77332263E-01 2020 11 22 16 30 02
-4.64185094E-01 2020 11 22 16 35 02
-5.01694482E-01 2020 11 22 16 40 02
-5.86800369E-01 2020 11 22 16 45 02
-7.78220100E-01 2020 11 22 16 50 03
-7.87513740E-01 2020 11 22 16 55 02
-8.12739335E-01 2020 11 22 17 00 02
-8.44655165E-01 2020 11 22 17 05 02
-8.73031417E-01 2020 11 22 17 10 02
-8.55648444E-01 2020 11 22 17 15 02
-7.85695111E-01 2020 11 22 17 20 02
-8.32811297E-01 2020 11 22 17 25 02
-7.84073153E-01 2020 11 22 17 30 02
-8.20292313E-01 2020 11 22 17 35 02
-7.87544763E-01 2020 11 22 17 40 03
-9.05319959E-01 2020 11 22 17 45 02
-9.88572555E-01 2020 11 22 17 50 02
-7.98798240E-01 2020 11 22 17 55 02
-9.44160000E-01 2020 11 22 18 00 02
-7.35141903E-01 2020 11 22 18 05 03
-8.99505346E-01 2020 11 22 18 10 02
-9.21751580E-01 2020 11 22 18 15 02
-6.81255938E-01 2020 11 22 18 20 02
-7.12318432E-01 2020 11 22 18 25 02
-5.68252735E-01 2020 11 22 18 30 02
-4.57626494E-01 2020 11 22 18 35 02
-5.94563629E-01 2020 11 22 18 40 02
-4.13958268E-01 2020 11 22 18 45 02
-3.41657562E-01 2020 11 22 18 50 02
-4.25190002E-01 2020 11 22 18 55 02
-4.72544892E-01 2020 11 22 19 00 02
-4.61722391E-01 2020 11 22 19 05 02
-3.88299771E-01 2020 11 22 19 10 02
-3.51176960E-01 2020 11 22 19 15 02
-3.79997947E-01 2020 11 22 19 20 02
-5.18343941E-01 2020 11 22 19 25 02
-5.13509154E-01 2020 11 22 19 30 02
-6.05205967E-01 2020 11 22 19 35 02
-5.62787217E-01 2020 11 22 19 40 02
-6.70349023E-01 2020 11 22 19 45 02
-6.11845865E-01 2020 11 22 19 50 02
-5.89465869E-01 2020 11 22 19 55 02
-7.33335830E-01 2020 11 22 20 00 02
-7.17589499E-01 2020 11 22 20 05 02
-7.63993686E-01 2020 11 22 20 10 02
-7.09120443E-01 2020 11 22 20 15 02
-7.59165178E-01 2020 11 22 20 20 02
-8.03872886E-01 2020 11 22 20 25 02
-8.06424011E-01 2020 11 22 20 30 02
-8.78491641E-01 2020 11 22 20 35 02
-9.27478826E-01 2020 11 22 20 40 02
-7.94070297E-01 2020 11 22 20 45 02
-9.17574900E-01 2020 11 22 20 50 02
-9.59790776E-01 2020 11 22 20 55 02
-7.78630259E-01 2020 11 22 21 00 03
-2.54152272E-01 2020 11 22 21 05 02
+9.06704967E-02 2020 11 22 21 10 02
+3.77086891E-02 2020 11 22 21 15 02
-3.26954350E-01 2020 11 22 21 20 02
-4.11235276E-01 2020 11 22 21 25 02
-4.62427608E-01 2020 11 22 21 30 02
-5.53648758E-01 2020 11 22 21 35 02
-5.77924549E-01 2020 11 22 21 40 02
-6.10135519E-01 2020 11 22 21 45 02
-6.72957267E-01 2020 11 22 21 50 02
-6.63188296E-01 2020 11 22 21 55 02
-8.45306056E-01 2020 11 22 22 00 02
-1.07316257E+00 2020 11 22 22 05 02
-1.08560678E+00 2020 11 22 22 10 02
-1.04826570E+00 2020 11 22 22 15 02
-8.64379288E-01 2020 11 22 22 20 02
-8.77307570E-01 2020 11 22 22 25 02
-6.69088462E-01 2020 11 22 22 30 02
-4.52704642E-01 2020 11 22 22 35 02
-2.31201073E-01 2020 11 22 22 40 02
-2.20102129E-01 2020 11 22 22 45 02
-1.62755959E-01 2020 11 22 22 50 02
-2.55148243E-01 2020 11 22 22 55 02
-4.01909283E-01 2020 11 22 23 00 02
-3.79798354E-01 2020 11 22 23 05 02
-2.78435713E-01 2020 11 22 23 10 02
-3.35830522E-02 2020 11 22 23 15 02
+3.88220790E-01 2020 11 22 23 20 02
+5.08435642E-01 2020 11 22 23 25 02
+5.23713755E-01 2020 11 22 23 30 02
+4.60215340E-01 2020 11 22 23 35 02
+3.75854812E-01 2020 11 22 23 40 02
+1.79935190E-01 2020 11 22 23 45 02
+1.09475204E-01 2020 11 22 23 50 02
-5.44581979E-02 2020 11 22 23 55 02
