-3.04425432E-01 2020 11 09 00 00 02
-3.41278243E-01 2020 11 09 00 05 02
-3.38642435E-01 2020 11 09 00 10 03
-3.20251993E-01 2020 11 09 00 15 02
-3.59245742E-01 2020 11 09 00 20 02
-3.08366067E-01 2020 11 09 00 25 02
-4.34790772E-01 2020 11 09 00 30 02
-4.04887029E-01 2020 11 09 00 35 02
-4.04996286E-01 2020 11 09 00 40 02
-4.62774666E-01 2020 11 09 00 45 02
-4.63505520E-01 2020 11 09 00 50 02
-4.48962168E-01 2020 11 09 00 55 02
-4.45816144E-01 2020 11 09 01 00 02
-4.43723019E-01 2020 11 09 01 05 02
-4.12730177E-01 2020 11 09 01 10 02
-4.46346003E-01 2020 11 09 01 15 02
-4.26583941E-01 2020 11 09 01 20 02
-4.09481116E-01 2020 11 09 01 25 02
-8.85994778E-02 2020 11 09 01 30 02
-9.27740309E-02 2020 11 09 01 35 03
-2.48580549E-01 2020 11 09 01 40 02
-2.61492408E-01 2020 11 09 01 45 02
-3.41980873E-01 2020 11 09 01 50 02
-3.06817489E-01 2020 11 09 01 55 02
-3.21874236E-01 2020 11 09 02 00 03
-4.55625190E-01 2020 11 09 02 05 02
-4.09745374E-01 2020 11 09 02 10 02
-4.26899887E-01 2020 11 09 02 15 02
-4.46625361E-01 2020 11 09 02 20 02
-3.79782608E-01 2020 11 09 02 25 03
-4.03704951E-01 2020 11 09 02 30 02
-4.57009632E-01 2020 11 09 02 35 02
-4.49166394E-01 2020 11 09 02 40 02
-4.53194391E-01 2020 11 09 02 45 02
-4.36510556E-01 2020 11 09 02 50 03
-3.96355082E-01 2020 11 09 02 55 02
-4.10343277E-01 2020 11 09 03 00 02
-4.51330358E-01 2020 11 09 03 05 02
-5.10653884E-01 2020 11 09 03 10 02
-5.70805946E-01 2020 11 09 03 15 02
-5.67867303E-01 2020 11 09 03 20 02
-5.98075411E-01 2020 11 09 03 25 02
-5.64084234E-01 2020 11 09 03 30 02
-6.09847272E-01 2020 11 09 03 35 02
-5.81273235E-01 2020 11 09 03 40 02
-5.08012941E-01 2020 11 09 03 45 02
-5.23211262E-01 2020 11 09 03 50 02
-5.22970604E-01 2020 11 09 03 55 02
-5.13066885E-01 2020 11 09 04 00 02
-4.79727179E-01 2020 11 09 04 05 02
-4.97415022E-01 2020 11 09 04 10 02
-4.81121531E-01 2020 11 09 04 15 02
-4.74001302E-01 2020 11 09 04 20 02
-4.74394221E-01 2020 11 09 04 25 02
-5.09180118E-01 2020 11 09 04 30 02
-5.25513122E-01 2020 11 09 04 35 02
-5.39218438E-01 2020 11 09 04 40 02
-5.14074347E-01 2020 11 09 04 45 02
-4.93465507E-01 2020 11 09 04 50 02
-4.84348733E-01 2020 11 09 04 55 02
-4.83548810E-01 2020 11 09 05 00 02
-4.84979849E-01 2020 11 09 05 05 03
-4.97301359E-01 2020 11 09 05 10 02
-4.91220752E-01 2020 11 09 05 15 02
-4.77388843E-01 2020 11 09 05 20 02
-4.87924812E-01 2020 11 09 05 25 02
-4.96624399E-01 2020 11 09 05 30 03
-5.21674627E-01 2020 11 09 05 35 02
-5.46836314E-01 2020 11 09 05 40 02
-5.49569344E-01 2020 11 09 05 45 02
-4.88602899E-01 2020 11 09 05 50 02
-5.14926912E-01 2020 11 09 05 55 02
-4.68891106E-01 2020 11 09 06 00 02
-3.41819025E-01 2020 11 09 06 05 02
-5.06154034E-01 2020 11 09 06 10 02
-5.57274936E-01 2020 11 09 06 15 02
-5.03091799E-01 2020 11 09 06 20 02
-4.97463839E-01 2020 11 09 06 25 02
-4.95168781E-01 2020 11 09 06 30 02
-4.81593478E-01 2020 11 09 06 35 02
-4.77401742E-01 2020 11 09 06 40 02
-4.97788348E-01 2020 11 09 06 45 02
-4.77839282E-01 2020 11 09 06 50 02
-4.66092308E-01 2020 11 09 06 55 02
-4.26172012E-01 2020 11 09 07 00 02
-5.83668601E-01 2020 11 09 07 05 02
-5.05195279E-01 2020 11 09 07 10 02
-4.99100887E-01 2020 11 09 07 15 02
-4.82663889E-01 2020 11 09 07 20 03
-4.86389535E-01 2020 11 09 07 25 02
-4.85448290E-01 2020 11 09 07 30 02
-4.80807045E-01 2020 11 09 07 35 02
-4.92414794E-01 2020 11 09 07 40 02
-5.89534045E-01 2020 11 09 07 45 03
-5.54208190E-01 2020 11 09 07 50 02
-6.00410069E-01 2020 11 09 07 55 02
-5.71047371E-01 2020 11 09 08 00 02
-6.78090897E-01 2020 11 09 08 05 02
-4.82128988E-01 2020 11 09 08 10 03
-4.90343199E-01 2020 11 09 08 15 02
-5.40613341E-01 2020 11 09 08 20 02
-6.75891887E-01 2020 11 09 08 25 02
-5.40210892E-01 2020 11 09 08 30 02
-5.51666995E-01 2020 11 09 08 35 02
-5.72182666E-01 2020 11 09 08 40 02
-5.83166420E-01 2020 11 09 08 45 02
-4.99550076E-01 2020 11 09 08 50 02
-5.57315592E-01 2020 11 09 08 55 02
-5.71321537E-01 2020 11 09 09 00 02
-5.58235441E-01 2020 11 09 09 05 02
-4.84796464E-01 2020 11 09 09 10 03
-6.00450486E-01 2020 11 09 09 15 02
-5.17245787E-01 2020 11 09 09 20 02
-5.56408999E-01 2020 11 09 09 25 02
-4.86993393E-01 2020 11 09 09 30 02
-5.71515529E-01 2020 11 09 09 35 03
-4.46332706E-01 2020 11 09 09 40 02
-5.20868763E-01 2020 11 09 09 45 02
-4.35729536E-01 2020 11 09 09 50 02
-4.31998620E-01 2020 11 09 09 55 02
-4.44354550E-01 2020 11 09 10 00 02
-4.46876419E-01 2020 11 09 10 05 02
-3.95597454E-01 2020 11 09 10 10 02
-3.70154560E-01 2020 11 09 10 15 02
-3.12449554E-01 2020 11 09 10 20 02
-3.15772374E-01 2020 11 09 10 25 03
-3.54845748E-01 2020 11 09 10 30 02
-4.14438081E-01 2020 11 09 10 35 02
-3.69277082E-01 2020 11 09 10 40 02
-2.96956310E-01 2020 11 09 10 45 02
-2.64229564E-01 2020 11 09 10 50 03
-1.81493572E-01 2020 11 09 10 55 02
-1.50645930E-01 2020 11 09 11 00 02
-5.20717331E-02 2020 11 09 11 05 02
-7.76308486E-02 2020 11 09 11 10 02
-8.34865282E-02 2020 11 09 11 15 03
-6.45421475E-02 2020 11 09 11 20 02
+7.83333527E-02 2020 11 09 11 25 02
+1.22590088E-01 2020 11 09 11 30 02
+1.65263026E-01 2020 11 09 11 35 02
+1.36774328E-01 2020 11 09 11 40 03
+1.67894551E-01 2020 11 09 11 45 02
+1.23827945E-01 2020 11 09 11 50 02
+2.54796246E-01 2020 11 09 11 55 02
+2.41016500E-01 2020 11 09 12 00 02
+2.63590801E-01 2020 11 09 12 05 03
+2.75443728E-01 2020 11 09 12 10 02
+2.77185875E-01 2020 11 09 12 15 02
+3.57224223E-01 2020 11 09 12 20 02
+3.62824086E-01 2020 11 09 12 25 02
+3.08806570E-01 2020 11 09 12 30 03
+4.22959170E-01 2020 11 09 12 35 02
+4.61548834E-01 2020 11 09 12 40 02
+3.88577447E-01 2020 11 09 12 45 02
+3.57083263E-01 2020 11 09 12 50 02
+4.38326898E-01 2020 11 09 12 55 02
+4.21559553E-01 2020 11 09 13 00 02
+4.61460987E-01 2020 11 09 13 05 02
+4.32406816E-01 2020 11 09 13 10 02
+3.81997816E-01 2020 11 09 13 15 02
+4.66025331E-01 2020 11 09 13 20 02
+4.41127679E-01 2020 11 09 13 25 02
+4.28819685E-01 2020 11 09 13 30 02
+4.14441648E-01 2020 11 09 13 35 02
+3.48431265E-01 2020 11 09 13 40 02
+3.93119340E-01 2020 11 09 13 45 02
+3.91923812E-01 2020 11 09 13 50 02
+3.37865319E-01 2020 11 09 13 55 02
+3.48887950E-01 2020 11 09 14 00 02
+3.34415035E-01 2020 11 09 14 05 02
+2.19333853E-01 2020 11 09 14 10 02
+2.42148897E-01 2020 11 09 14 15 02
+2.38775124E-01 2020 11 09 14 20 02
+2.63087311E-01 2020 11 09 14 25 02
+1.79934906E-01 2020 11 09 14 30 02
+1.23364812E-01 2020 11 09 14 35 02
+1.45924410E-01 2020 11 09 14 40 02
+9.20459023E-02 2020 11 09 14 45 02
+7.70005889E-02 2020 11 09 14 50 02
+8.30574957E-02 2020 11 09 14 55 02
+3.13449254E-02 2020 11 09 15 00 02
+2.41449245E-02 2020 11 09 15 05 02
+2.57139814E-02 2020 11 09 15 10 02
-3.99620557E-02 2020 11 09 15 15 02
-5.87897153E-02 2020 11 09 15 20 02
-5.63519252E-02 2020 11 09 15 25 02
-1.45482222E-01 2020 11 09 15 30 02
-1.36206914E-01 2020 11 09 15 35 03
-1.34099735E-01 2020 11 09 15 40 02
-1.77748389E-01 2020 11 09 15 45 02
-1.64733903E-01 2020 11 09 15 50 02
-2.73275796E-01 2020 11 09 15 55 02
-2.23527594E-01 2020 11 09 16 00 03
-2.38011124E-01 2020 11 09 16 05 02
-2.67041545E-01 2020 11 09 16 10 02
-3.28494594E-01 2020 11 09 16 15 02
-3.14955069E-01 2020 11 09 16 20 02
-3.79283751E-01 2020 11 09 16 25 03
-3.84761733E-01 2020 11 09 16 30 02
-4.02549002E-01 2020 11 09 16 35 02
-3.71066528E-01 2020 11 09 16 40 02
-3.87148484E-01 2020 11 09 16 45 02
-3.46926829E-01 2020 11 09 16 50 03
-4.55970047E-01 2020 11 09 16 55 02
-4.20060671E-01 2020 11 09 17 00 02
-4.49444720E-01 2020 11 09 17 05 02
-4.74234084E-01 2020 11 09 17 10 02
-4.76913206E-01 2020 11 09 17 15 03
-4.92706851E-01 2020 11 09 17 20 02
-4.57435508E-01 2020 11 09 17 25 02
-5.03217285E-01 2020 11 09 17 30 02
-5.07963517E-01 2020 11 09 17 35 02
-4.66515079E-01 2020 11 09 17 40 02
-4.32541689E-01 2020 11 09 17 45 02
-4.88880427E-01 2020 11 09 17 50 02
-4.43269299E-01 2020 11 09 17 55 02
-5.47963002E-01 2020 11 09 18 00 02
-5.96182100E-01 2020 11 09 18 05 02
-5.97536847E-01 2020 11 09 18 10 02
-5.94722259E-01 2020 11 09 18 15 02
-5.35753365E-01 2020 11 09 18 20 02
-5.17606270E-01 2020 11 09 18 25 02
-5.79324823E-01 2020 11 09 18 30 02
-5.43090568E-01 2020 11 09 18 35 02
-5.68525902E-01 2020 11 09 18 40 02
-5.13818628E-01 2020 11 09 18 45 02
-5.79305248E-01 2020 11 09 18 50 02
-5.70541968E-01 2020 11 09 18 55 02
-5.98302273E-01 2020 11 09 19 00 02
-5.94784361E-01 2020 11 09 19 05 02
-6.00598795E-01 2020 11 09 19 10 02
-5.44212979E-01 2020 11 09 19 15 02
-5.86237080E-01 2020 11 09 19 20 02
-5.98188925E-01 2020 11 09 19 25 02
-6.12935678E-01 2020 11 09 19 30 03
-5.53518761E-01 2020 11 09 19 35 02
-6.61523507E-01 2020 11 09 19 40 02
-5.61428218E-01 2020 11 09 19 45 02
-6.15026508E-01 2020 11 09 19 50 02
-5.77391321E-01 2020 11 09 19 55 03
-5.97900047E-01 2020 11 09 20 00 02
-6.48937159E-01 2020 11 09 20 05 02
-6.98656923E-01 2020 11 09 20 10 02
-6.28817905E-01 2020 11 09 20 15 02
-6.53433153E-01 2020 11 09 20 20 03
-5.97434775E-01 2020 11 09 20 25 02
-6.14005209E-01 2020 11 09 20 30 02
-6.39305148E-01 2020 11 09 20 35 02
-7.20189435E-01 2020 11 09 20 40 02
-6.19615978E-01 2020 11 09 20 45 03
-6.26322900E-01 2020 11 09 20 50 02
-5.90701946E-01 2020 11 09 20 55 02
-6.54475242E-01 2020 11 09 21 00 02
-6.21637272E-01 2020 11 09 21 05 02
-6.54844820E-01 2020 11 09 21 10 02
-5.90413964E-01 2020 11 09 21 15 02
-5.94583767E-01 2020 11 09 21 20 02
-5.68090760E-01 2020 11 09 21 25 02
-5.29102783E-01 2020 11 09 21 30 02
-5.60440732E-01 2020 11 09 21 35 02
-5.82232569E-01 2020 11 09 21 40 02
-5.91201748E-01 2020 11 09 21 45 02
-5.57713383E-01 2020 11 09 21 50 02
-5.67220278E-01 2020 11 09 21 55 02
-6.44384624E-01 2020 11 09 22 00 02
-5.12256011E-01 2020 11 09 22 05 02
-5.26477641E-01 2020 11 09 22 10 02
-5.08027820E-01 2020 11 09 22 15 02
-5.52728071E-01 2020 11 09 22 20 02
-5.25597715E-01 2020 11 09 22 25 02
-5.56192553E-01 2020 11 09 22 30 02
-5.05976918E-01 2020 11 09 22 35 02
-5.36367804E-01 2020 11 09 22 40 02
-4.87531945E-01 2020 11 09 22 45 02
-5.05051515E-01 2020 11 09 22 50 02
-4.59220664E-01 2020 11 09 22 55 02
-3.82578066E-01 2020 11 09 23 00 02
-4.63868194E-01 2020 11 09 23 05 02
-4.55975295E-01 2020 11 09 23 10 02
-4.53922266E-01 2020 11 09 23 15 02
-4.81257930E-01 2020 11 09 23 20 02
-4.62965379E-01 2020 11 09 23 25 02
-4.25437351E-01 2020 11 09 23 30 02
-5.05505066E-01 2020 11 09 23 35 02
-4.95379193E-01 2020 11 09 23 40 02
-4.16531088E-01 2020 11 09 23 45 02
-4.10093167E-01 2020 11 09 23 50 02
-4.42887924E-01 2020 11 09 23 55 02
