-6.17593277E-01 2020 11 27 00 00 02
-5.85520113E-01 2020 11 27 00 05 02
-6.13994861E-01 2020 11 27 00 10 02
-6.15839886E-01 2020 11 27 00 15 02
-6.31869006E-01 2020 11 27 00 20 03
-5.72043531E-01 2020 11 27 00 25 02
-5.15329522E-01 2020 11 27 00 30 02
-3.62997483E-01 2020 11 27 00 35 02
-3.34309756E-01 2020 11 27 00 40 02
-5.17408812E-01 2020 11 27 00 45 03
-5.34454559E-01 2020 11 27 00 50 02
-5.06910979E-01 2020 11 27 00 55 02
-4.60450405E-01 2020 11 27 01 00 02
-4.41865302E-01 2020 11 27 01 05 02
-4.57953129E-01 2020 11 27 01 10 03
-3.53386761E-01 2020 11 27 01 15 02
-4.01059406E-01 2020 11 27 01 20 02
-4.49950038E-01 2020 11 27 01 25 02
-3.44876350E-01 2020 11 27 01 30 02
-2.18400629E-01 2020 11 27 01 35 03
-3.21550591E-01 2020 11 27 01 40 02
-3.31281569E-01 2020 11 27 01 45 02
-3.79221023E-01 2020 11 27 01 50 02
-4.62292564E-01 2020 11 27 01 55 02
-3.73380480E-01 2020 11 27 02 00 03
-4.62666091E-01 2020 11 27 02 05 02
-3.25860041E-01 2020 11 27 02 10 02
-2.60493649E-01 2020 11 27 02 15 02
-2.69150370E-01 2020 11 27 02 20 02
-2.37751397E-01 2020 11 27 02 25 02
-1.92979404E-01 2020 11 27 02 30 02
-1.63338962E-01 2020 11 27 02 35 02
-1.88095755E-01 2020 11 27 02 40 02
-1.91774881E-01 2020 11 27 02 45 02
-1.38525221E-01 2020 11 27 02 50 02
-7.09045762E-02 2020 11 27 02 55 02
-3.56890715E-02 2020 11 27 03 00 02
+3.13896584E-03 2020 11 27 03 05 02
-1.16780292E-01 2020 11 27 03 10 02
-1.72205552E-01 2020 11 27 03 15 02
+5.27363002E-02 2020 11 27 03 20 02
+1.26873703E-01 2020 11 27 03 25 02
+1.17243662E-01 2020 11 27 03 30 02
-2.79046040E-02 2020 11 27 03 35 02
-6.30328768E-02 2020 11 27 03 40 02
+5.31747120E-02 2020 11 27 03 45 02
+8.67915795E-02 2020 11 27 03 50 03
+5.55370383E-02 2020 11 27 03 55 02
+2.25815660E-02 2020 11 27 04 00 02
-1.62429200E-02 2020 11 27 04 05 02
-9.04694324E-02 2020 11 27 04 10 02
-1.34664188E-01 2020 11 27 04 15 02
-1.63709769E-01 2020 11 27 04 20 02
-1.55988752E-01 2020 11 27 04 25 02
-4.79230391E-02 2020 11 27 04 30 02
-1.30128588E-01 2020 11 27 04 35 02
-1.96694038E-01 2020 11 27 04 40 02
-1.09880791E-01 2020 11 27 04 45 02
-2.29590583E-02 2020 11 27 04 50 02
+1.44820793E-02 2020 11 27 04 55 02
+6.30518453E-02 2020 11 27 05 00 02
+4.33796628E-02 2020 11 27 05 05 03
+8.66727595E-02 2020 11 27 05 10 02
+1.61106330E-02 2020 11 27 05 15 02
-2.89151906E-02 2020 11 27 05 20 02
-2.25737707E-02 2020 11 27 05 25 02
+3.59636417E-02 2020 11 27 05 30 02
-1.81112129E-02 2020 11 27 05 35 02
-7.92837460E-02 2020 11 27 05 40 02
-4.40400326E-03 2020 11 27 05 45 02
-1.52075513E-01 2020 11 27 05 50 02
-1.46256428E-01 2020 11 27 05 55 02
-7.29041766E-02 2020 11 27 06 00 02
-3.51626534E-02 2020 11 27 06 05 02
-1.03421777E-01 2020 11 27 06 10 02
-3.40242524E-02 2020 11 27 06 15 02
-1.43695846E-01 2020 11 27 06 20 03
-7.75564745E-02 2020 11 27 06 25 02
-1.63711378E-01 2020 11 27 06 30 02
-9.55471104E-02 2020 11 27 06 35 02
-1.39609755E-01 2020 11 27 06 40 02
-1.42639014E-01 2020 11 27 06 45 03
-1.56605017E-01 2020 11 27 06 50 02
-2.05926625E-01 2020 11 27 06 55 02
-1.83441127E-01 2020 11 27 07 00 02
-2.51497380E-01 2020 11 27 07 05 02
-2.87936343E-01 2020 11 27 07 10 03
-3.27742352E-01 2020 11 27 07 15 02
-3.63920088E-01 2020 11 27 07 20 02
-3.69476841E-01 2020 11 27 07 25 02
-4.42470651E-01 2020 11 27 07 30 02
-4.83523590E-01 2020 11 27 07 35 03
-5.68250490E-01 2020 11 27 07 40 02
-4.83531811E-01 2020 11 27 07 45 02
-6.18270255E-01 2020 11 27 07 50 02
-6.66319086E-01 2020 11 27 07 55 02
-7.07300828E-01 2020 11 27 08 00 02
-7.42034757E-01 2020 11 27 08 05 02
-7.24530731E-01 2020 11 27 08 10 02
-7.05133265E-01 2020 11 27 08 15 02
-8.33537999E-01 2020 11 27 08 20 02
-8.71478208E-01 2020 11 27 08 25 02
-8.76321862E-01 2020 11 27 08 30 02
-9.26186124E-01 2020 11 27 08 35 02
-9.59645225E-01 2020 11 27 08 40 02
-9.22973685E-01 2020 11 27 08 45 02
-9.15225146E-01 2020 11 27 08 50 02
-8.96132659E-01 2020 11 27 08 55 02
-1.00013433E+00 2020 11 27 09 00 02
-1.03878102E+00 2020 11 27 09 05 02
-1.08452639E+00 2020 11 27 09 10 02
-9.42281385E-01 2020 11 27 09 15 02
-9.80824072E-01 2020 11 27 09 20 02
-1.05072124E+00 2020 11 27 09 25 02
-1.10959170E+00 2020 11 27 09 30 02
-1.03890549E+00 2020 11 27 09 35 02
-1.00584487E+00 2020 11 27 09 40 02
-1.05357469E+00 2020 11 27 09 45 02
-1.06254951E+00 2020 11 27 09 50 03
-1.08385816E+00 2020 11 27 09 55 02
-1.10119160E+00 2020 11 27 10 00 02
-1.03439428E+00 2020 11 27 10 05 02
-1.09208492E+00 2020 11 27 10 10 02
-9.83436783E-01 2020 11 27 10 15 03
-1.05811619E+00 2020 11 27 10 20 02
-1.13614741E+00 2020 11 27 10 25 02
-1.08076335E+00 2020 11 27 10 30 02
-1.20663951E+00 2020 11 27 10 35 02
-1.11127072E+00 2020 11 27 10 40 03
-1.08800241E+00 2020 11 27 10 45 02
-1.00715471E+00 2020 11 27 10 50 02
-1.03649480E+00 2020 11 27 10 55 02
-9.76065653E-01 2020 11 27 11 00 02
-1.04231849E+00 2020 11 27 11 05 02
-9.94227358E-01 2020 11 27 11 10 02
-1.01046332E+00 2020 11 27 11 15 02
-1.12161764E+00 2020 11 27 11 20 02
-9.33726070E-01 2020 11 27 11 25 02
-8.89427976E-01 2020 11 27 11 30 03
-9.71539896E-01 2020 11 27 11 35 02
-8.14743844E-01 2020 11 27 11 40 02
-8.73344986E-01 2020 11 27 11 45 02
-7.71535975E-01 2020 11 27 11 50 02
-7.64559558E-01 2020 11 27 11 55 03
-6.02273868E-01 2020 11 27 12 00 02
-6.67767189E-01 2020 11 27 12 05 02
-6.27551753E-01 2020 11 27 12 10 02
-6.41497548E-01 2020 11 27 12 15 02
-8.00147711E-01 2020 11 27 12 20 03
-6.93490668E-01 2020 11 27 12 25 02
-7.43560902E-01 2020 11 27 12 30 02
-6.10270655E-01 2020 11 27 12 35 02
-6.06086561E-01 2020 11 27 12 40 02
-6.62727264E-01 2020 11 27 12 45 03
-5.01396532E-01 2020 11 27 12 50 02
-6.36363008E-01 2020 11 27 12 55 02
-5.50946095E-01 2020 11 27 13 00 02
-5.37044040E-01 2020 11 27 13 05 02
-5.38474278E-01 2020 11 27 13 10 03
-5.91530054E-01 2020 11 27 13 15 02
-5.10938603E-01 2020 11 27 13 20 02
-4.69365553E-01 2020 11 27 13 25 02
-5.81801137E-01 2020 11 27 13 30 02
-4.76412082E-01 2020 11 27 13 35 03
-5.38808157E-01 2020 11 27 13 40 02
-5.26598717E-01 2020 11 27 13 45 02
-4.90464356E-01 2020 11 27 13 50 02
-6.08962045E-01 2020 11 27 13 55 02
-4.77342545E-01 2020 11 27 14 00 03
-6.17793624E-01 2020 11 27 14 05 02
-6.79345102E-01 2020 11 27 14 10 02
-6.92808175E-01 2020 11 27 14 15 02
-5.53583665E-01 2020 11 27 14 20 02
-6.16095926E-01 2020 11 27 14 25 03
-5.89152568E-01 2020 11 27 14 30 02
-4.19514305E-01 2020 11 27 14 35 02
-5.54560847E-01 2020 11 27 14 40 02
-4.51948019E-01 2020 11 27 14 45 02
-4.93223881E-01 2020 11 27 14 50 03
-3.27073988E-01 2020 11 27 14 55 02
-3.33109039E-01 2020 11 27 15 00 02
-3.37430696E-01 2020 11 27 15 05 02
-2.51481288E-01 2020 11 27 15 10 02
-3.92203898E-01 2020 11 27 15 15 03
-3.11524436E-01 2020 11 27 15 20 02
-3.31944036E-01 2020 11 27 15 25 02
-2.86260654E-01 2020 11 27 15 30 02
-2.44013123E-01 2020 11 27 15 35 02
-2.85844398E-01 2020 11 27 15 40 03
-3.10736448E-01 2020 11 27 15 45 02
-2.87875787E-01 2020 11 27 15 50 02
-2.65899958E-01 2020 11 27 15 55 02
-3.96119719E-01 2020 11 27 16 00 02
-3.07917219E-01 2020 11 27 16 05 03
-3.11086650E-01 2020 11 27 16 10 02
-3.21128186E-01 2020 11 27 16 15 02
-3.37981372E-01 2020 11 27 16 20 02
-4.52752679E-01 2020 11 27 16 25 02
-3.30975000E-01 2020 11 27 16 30 02
-2.89250794E-01 2020 11 27 16 35 02
-3.35918549E-01 2020 11 27 16 40 02
-4.00431167E-01 2020 11 27 16 45 02
-4.64806794E-01 2020 11 27 16 50 02
-4.23483628E-01 2020 11 27 16 55 02
-5.34643266E-01 2020 11 27 17 00 02
-4.52617656E-01 2020 11 27 17 05 02
-4.93972603E-01 2020 11 27 17 10 02
-4.75333356E-01 2020 11 27 17 15 02
-5.09029951E-01 2020 11 27 17 20 02
-6.52427992E-01 2020 11 27 17 25 02
-5.56444714E-01 2020 11 27 17 30 02
-5.62276904E-01 2020 11 27 17 35 02
-6.62697722E-01 2020 11 27 17 40 02
-6.45406923E-01 2020 11 27 17 45 02
-5.87604167E-01 2020 11 27 17 50 02
-5.91095197E-01 2020 11 27 17 55 02
-6.69999621E-01 2020 11 27 18 00 02
-6.35206882E-01 2020 11 27 18 05 02
-4.24103317E-01 2020 11 27 18 10 02
-5.46111360E-01 2020 11 27 18 15 02
-4.66267344E-01 2020 11 27 18 20 02
-5.38005801E-01 2020 11 27 18 25 02
-5.29218241E-01 2020 11 27 18 30 02
-4.68808858E-01 2020 11 27 18 35 02
-4.21160699E-01 2020 11 27 18 40 02
-5.60027430E-01 2020 11 27 18 45 02
-4.68757157E-01 2020 11 27 18 50 02
-5.22575895E-01 2020 11 27 18 55 02
-5.10615165E-01 2020 11 27 19 00 02
-5.87067537E-01 2020 11 27 19 05 02
-6.37478570E-01 2020 11 27 19 10 02
-6.92688292E-01 2020 11 27 19 15 02
-7.17397779E-01 2020 11 27 19 20 02
-6.33091502E-01 2020 11 27 19 25 02
-5.97545118E-01 2020 11 27 19 30 02
-6.04398695E-01 2020 11 27 19 35 02
-7.83920994E-01 2020 11 27 19 40 02
-6.31857356E-01 2020 11 27 19 45 02
-6.42364603E-01 2020 11 27 19 50 02
-5.85169604E-01 2020 11 27 19 55 02
-5.01345462E-01 2020 11 27 20 00 02
-3.82179650E-01 2020 11 27 20 05 02
-4.93182918E-01 2020 11 27 20 10 02
-6.17215098E-01 2020 11 27 20 15 02
-7.03073078E-01 2020 11 27 20 20 02
-8.59986588E-01 2020 11 27 20 25 03
-8.09634686E-01 2020 11 27 20 30 02
-7.87890117E-01 2020 11 27 20 35 02
-8.37486734E-01 2020 11 27 20 40 02
-8.92839781E-01 2020 11 27 20 45 02
-9.77253282E-01 2020 11 27 20 50 03
-9.80813186E-01 2020 11 27 20 55 02
-9.28352810E-01 2020 11 27 21 00 02
-8.36798886E-01 2020 11 27 21 05 02
-8.59142228E-01 2020 11 27 21 10 02
-8.60602379E-01 2020 11 27 21 15 03
-9.12650378E-01 2020 11 27 21 20 02
-8.57664888E-01 2020 11 27 21 25 02
-8.51340697E-01 2020 11 27 21 30 02
-8.98407502E-01 2020 11 27 21 35 02
-6.16494452E-01 2020 11 27 21 40 02
-4.59119214E-01 2020 11 27 21 45 02
-3.74284107E-01 2020 11 27 21 50 02
-2.95416618E-01 2020 11 27 21 55 02
-5.17401167E-01 2020 11 27 22 00 02
-8.04470433E-01 2020 11 27 22 05 02
-9.86656589E-01 2020 11 27 22 10 02
-1.01658317E+00 2020 11 27 22 15 02
-1.00437432E+00 2020 11 27 22 20 02
-9.86228944E-01 2020 11 27 22 25 02
-9.96782383E-01 2020 11 27 22 30 02
-1.06170506E+00 2020 11 27 22 35 02
-1.09332186E+00 2020 11 27 22 40 02
-1.09471192E+00 2020 11 27 22 45 02
-1.28865288E+00 2020 11 27 22 50 02
-1.29907589E+00 2020 11 27 22 55 02
-1.25692762E+00 2020 11 27 23 00 02
-1.20794910E+00 2020 11 27 23 05 02
-1.32375436E+00 2020 11 27 23 10 02
-1.28870718E+00 2020 11 27 23 15 02
-1.19375784E+00 2020 11 27 23 20 02
-1.18498858E+00 2020 11 27 23 25 02
-1.11372171E+00 2020 11 27 23 30 02
-8.48553910E-01 2020 11 27 23 35 02
-8.21975044E-01 2020 11 27 23 40 02
-7.81050705E-01 2020 11 27 23 45 02
-7.17000308E-01 2020 11 27 23 50 02
-6.83552337E-01 2020 11 27 23 55 02
