-5.75405150E-01 2020 11 25 00 00 02
-4.74160969E-01 2020 11 25 00 05 02
-4.65625070E-01 2020 11 25 00 10 02
-5.51297119E-01 2020 11 25 00 15 02
-4.86151157E-01 2020 11 25 00 20 02
-4.98897092E-01 2020 11 25 00 25 02
-5.04360271E-01 2020 11 25 00 30 02
-4.34240645E-01 2020 11 25 00 35 02
-4.50122368E-01 2020 11 25 00 40 02
-4.33194156E-01 2020 11 25 00 45 02
-4.50383172E-01 2020 11 25 00 50 02
-4.56757515E-01 2020 11 25 00 55 02
-4.33103330E-01 2020 11 25 01 00 02
-4.08078441E-01 2020 11 25 01 05 02
-3.54486173E-01 2020 11 25 01 10 02
-3.20087947E-01 2020 11 25 01 15 02
-3.15525699E-01 2020 11 25 01 20 02
-3.00406331E-01 2020 11 25 01 25 02
-3.24030691E-01 2020 11 25 01 30 03
-3.79505846E-01 2020 11 25 01 35 02
-4.15206723E-01 2020 11 25 01 40 02
-4.17842680E-01 2020 11 25 01 45 02
-3.96687813E-01 2020 11 25 01 50 02
-3.06192434E-01 2020 11 25 01 55 03
-2.82737123E-01 2020 11 25 02 00 02
-1.79216253E-01 2020 11 25 02 05 02
-1.39240259E-01 2020 11 25 02 10 02
-1.80142982E-01 2020 11 25 02 15 02
-2.56292457E-01 2020 11 25 02 20 03
-3.05922655E-01 2020 11 25 02 25 02
-3.52847393E-01 2020 11 25 02 30 02
-3.12480285E-01 2020 11 25 02 35 02
-3.65276599E-01 2020 11 25 02 40 02
-3.75379054E-01 2020 11 25 02 45 03
-3.81256927E-01 2020 11 25 02 50 02
-3.77375686E-01 2020 11 25 02 55 02
-3.64592815E-01 2020 11 25 03 00 02
-3.55883023E-01 2020 11 25 03 05 02
-3.59185227E-01 2020 11 25 03 10 03
-3.26251290E-01 2020 11 25 03 15 02
-3.08827805E-01 2020 11 25 03 20 02
-3.27980549E-01 2020 11 25 03 25 02
-3.38619418E-01 2020 11 25 03 30 02
-3.02205532E-01 2020 11 25 03 35 03
-2.93174095E-01 2020 11 25 03 40 02
-3.01462531E-01 2020 11 25 03 45 02
-2.89332637E-01 2020 11 25 03 50 02
-2.81550822E-01 2020 11 25 03 55 02
-2.93147912E-01 2020 11 25 04 00 03
-3.08447157E-01 2020 11 25 04 05 02
-2.82690812E-01 2020 11 25 04 10 02
-2.74534829E-01 2020 11 25 04 15 02
-3.27744023E-01 2020 11 25 04 20 02
-3.19904645E-01 2020 11 25 04 25 03
-3.41099122E-01 2020 11 25 04 30 02
-3.53989718E-01 2020 11 25 04 35 02
-3.32755788E-01 2020 11 25 04 40 02
-3.11180212E-01 2020 11 25 04 45 02
-3.44266230E-01 2020 11 25 04 50 03
-3.63736516E-01 2020 11 25 04 55 02
-3.65020514E-01 2020 11 25 05 00 02
-3.92772596E-01 2020 11 25 05 05 02
-3.89944486E-01 2020 11 25 05 10 02
-3.78610458E-01 2020 11 25 05 15 03
-3.50967328E-01 2020 11 25 05 20 02
-3.74912047E-01 2020 11 25 05 25 02
-4.03243840E-01 2020 11 25 05 30 02
-4.17415044E-01 2020 11 25 05 35 02
-3.93840654E-01 2020 11 25 05 40 03
-4.68796473E-01 2020 11 25 05 45 02
-4.84584237E-01 2020 11 25 05 50 02
-4.97773159E-01 2020 11 25 05 55 02
-5.04150372E-01 2020 11 25 06 00 02
-5.38348897E-01 2020 11 25 06 05 03
-5.03935042E-01 2020 11 25 06 10 02
-5.05251873E-01 2020 11 25 06 15 02
-4.94186043E-01 2020 11 25 06 20 02
-4.56248329E-01 2020 11 25 06 25 02
-4.61839442E-01 2020 11 25 06 30 03
-4.41193506E-01 2020 11 25 06 35 02
-4.53406873E-01 2020 11 25 06 40 02
-4.39927249E-01 2020 11 25 06 45 02
-5.04552383E-01 2020 11 25 06 50 02
-5.31741631E-01 2020 11 25 06 55 03
-5.39296924E-01 2020 11 25 07 00 02
-5.55233666E-01 2020 11 25 07 05 02
-6.08496646E-01 2020 11 25 07 10 02
-6.43550959E-01 2020 11 25 07 15 02
-6.46516561E-01 2020 11 25 07 20 03
-6.78208017E-01 2020 11 25 07 25 02
-5.98859310E-01 2020 11 25 07 30 02
-6.82845083E-01 2020 11 25 07 35 02
-6.52825479E-01 2020 11 25 07 40 02
-7.14442128E-01 2020 11 25 07 45 03
-7.92829350E-01 2020 11 25 07 50 02
-8.39169495E-01 2020 11 25 07 55 02
-8.42278819E-01 2020 11 25 08 00 02
-8.91215447E-01 2020 11 25 08 05 02
-8.37143788E-01 2020 11 25 08 10 03
-8.59748617E-01 2020 11 25 08 15 02
-9.09396666E-01 2020 11 25 08 20 02
-9.07802166E-01 2020 11 25 08 25 02
-9.58332251E-01 2020 11 25 08 30 02
-9.51789381E-01 2020 11 25 08 35 03
-9.88724023E-01 2020 11 25 08 40 02
-1.07038263E+00 2020 11 25 08 45 02
-8.88603586E-01 2020 11 25 08 50 02
-9.30859499E-01 2020 11 25 08 55 02
-8.86794779E-01 2020 11 25 09 00 02
-8.50032596E-01 2020 11 25 09 05 02
-9.52762722E-01 2020 11 25 09 10 02
-1.06744947E+00 2020 11 25 09 15 02
-9.32083599E-01 2020 11 25 09 20 02
-1.06265636E+00 2020 11 25 09 25 02
-1.08418194E+00 2020 11 25 09 30 02
-1.03363027E+00 2020 11 25 09 35 02
-9.87237659E-01 2020 11 25 09 40 02
-1.08780547E+00 2020 11 25 09 45 02
-1.04556656E+00 2020 11 25 09 50 02
-1.06558556E+00 2020 11 25 09 55 02
-9.97711219E-01 2020 11 25 10 00 02
-9.68805558E-01 2020 11 25 10 05 02
-9.63095617E-01 2020 11 25 10 10 02
-1.00054081E+00 2020 11 25 10 15 02
-1.04373006E+00 2020 11 25 10 20 02
-1.08572937E+00 2020 11 25 10 25 02
-1.08595017E+00 2020 11 25 10 30 02
-1.11052230E+00 2020 11 25 10 35 02
-9.59797439E-01 2020 11 25 10 40 02
-1.06386949E+00 2020 11 25 10 45 02
-8.97313295E-01 2020 11 25 10 50 02
-9.59007225E-01 2020 11 25 10 55 02
-8.76774841E-01 2020 11 25 11 00 02
-8.30145714E-01 2020 11 25 11 05 02
-9.11455899E-01 2020 11 25 11 10 02
-8.49264370E-01 2020 11 25 11 15 02
-9.07285444E-01 2020 11 25 11 20 02
-8.51594312E-01 2020 11 25 11 25 02
-7.66381922E-01 2020 11 25 11 30 02
-8.53082764E-01 2020 11 25 11 35 02
-7.86792390E-01 2020 11 25 11 40 03
-7.43201834E-01 2020 11 25 11 45 02
-8.09868956E-01 2020 11 25 11 50 02
-8.02092318E-01 2020 11 25 11 55 02
-7.28216744E-01 2020 11 25 12 00 02
-7.06845395E-01 2020 11 25 12 05 03
-6.14967734E-01 2020 11 25 12 10 02
-5.19925904E-01 2020 11 25 12 15 02
-6.21675671E-01 2020 11 25 12 20 02
-5.47462494E-01 2020 11 25 12 25 02
-5.53797624E-01 2020 11 25 12 30 03
-4.66694366E-01 2020 11 25 12 35 02
-5.04627830E-01 2020 11 25 12 40 02
-5.49562146E-01 2020 11 25 12 45 02
-3.77423676E-01 2020 11 25 12 50 02
-4.57381170E-01 2020 11 25 12 55 03
-4.07863267E-01 2020 11 25 13 00 02
-3.68307424E-01 2020 11 25 13 05 02
-2.19315817E-01 2020 11 25 13 10 02
-3.01761867E-01 2020 11 25 13 15 02
-3.01392120E-01 2020 11 25 13 20 02
-2.40558772E-01 2020 11 25 13 25 02
-3.25356811E-01 2020 11 25 13 30 02
-2.79296554E-01 2020 11 25 13 35 02
-2.68691058E-01 2020 11 25 13 40 02
-2.74298939E-01 2020 11 25 13 45 02
-3.20499641E-01 2020 11 25 13 50 02
-3.07878584E-01 2020 11 25 13 55 02
-3.07249506E-01 2020 11 25 14 00 02
-4.06653444E-01 2020 11 25 14 05 02
-4.31943717E-01 2020 11 25 14 10 02
-3.95608133E-01 2020 11 25 14 15 02
-2.88042816E-01 2020 11 25 14 20 02
-2.95906550E-01 2020 11 25 14 25 02
-1.92433335E-01 2020 11 25 14 30 02
-1.53358958E-01 2020 11 25 14 35 03
-2.04931162E-01 2020 11 25 14 40 02
-2.26570071E-01 2020 11 25 14 45 02
-2.43662046E-01 2020 11 25 14 50 02
-1.40569342E-01 2020 11 25 14 55 02
-1.97746975E-01 2020 11 25 15 00 03
-1.88079850E-01 2020 11 25 15 05 02
-1.50669086E-01 2020 11 25 15 10 02
-2.43120663E-01 2020 11 25 15 15 02
-2.02037168E-01 2020 11 25 15 20 02
-1.80004895E-01 2020 11 25 15 25 03
-1.01588877E-01 2020 11 25 15 30 02
-1.86987627E-01 2020 11 25 15 35 02
-2.34542980E-01 2020 11 25 15 40 02
-1.84891406E-01 2020 11 25 15 45 02
-1.70678875E-01 2020 11 25 15 50 03
-1.51138135E-01 2020 11 25 15 55 02
-1.77994234E-01 2020 11 25 16 00 02
-1.32282579E-01 2020 11 25 16 05 02
-2.03889050E-01 2020 11 25 16 10 02
-2.70800855E-01 2020 11 25 16 15 03
-3.16504123E-01 2020 11 25 16 20 02
-3.82365459E-01 2020 11 25 16 25 02
-4.01602618E-01 2020 11 25 16 30 02
-4.13890858E-01 2020 11 25 16 35 02
-4.64274204E-01 2020 11 25 16 40 03
-5.28183660E-01 2020 11 25 16 45 02
-4.70830243E-01 2020 11 25 16 50 02
-3.76690245E-01 2020 11 25 16 55 02
-4.32117874E-01 2020 11 25 17 00 02
-4.77456116E-01 2020 11 25 17 05 02
-4.59251656E-01 2020 11 25 17 10 02
-4.39772322E-01 2020 11 25 17 15 02
-4.27337117E-01 2020 11 25 17 20 02
-5.02655508E-01 2020 11 25 17 25 02
-4.48031051E-01 2020 11 25 17 30 03
-4.70231433E-01 2020 11 25 17 35 02
-4.89724045E-01 2020 11 25 17 40 02
-4.79424366E-01 2020 11 25 17 45 02
-4.65298634E-01 2020 11 25 17 50 02
-5.00642056E-01 2020 11 25 17 55 02
-4.93729474E-01 2020 11 25 18 00 02
-5.62924381E-01 2020 11 25 18 05 02
-4.69683119E-01 2020 11 25 18 10 02
-6.25802576E-01 2020 11 25 18 15 02
-6.00787197E-01 2020 11 25 18 20 02
-5.70867625E-01 2020 11 25 18 25 02
-6.14705970E-01 2020 11 25 18 30 02
-5.66839634E-01 2020 11 25 18 35 02
-5.06815749E-01 2020 11 25 18 40 02
-5.98161753E-01 2020 11 25 18 45 02
-5.77445009E-01 2020 11 25 18 50 02
-5.74744975E-01 2020 11 25 18 55 02
-6.21788834E-01 2020 11 25 19 00 02
-5.79687239E-01 2020 11 25 19 05 02
-6.64211772E-01 2020 11 25 19 10 02
-6.46823376E-01 2020 11 25 19 15 02
-7.17921763E-01 2020 11 25 19 20 02
-6.12222403E-01 2020 11 25 19 25 02
-6.12545511E-01 2020 11 25 19 30 02
-6.31927324E-01 2020 11 25 19 35 02
-7.55508309E-01 2020 11 25 19 40 02
-7.64730167E-01 2020 11 25 19 45 02
-7.52426269E-01 2020 11 25 19 50 02
-7.27468211E-01 2020 11 25 19 55 02
-6.91926464E-01 2020 11 25 20 00 02
-6.22773694E-01 2020 11 25 20 05 02
-7.12941090E-01 2020 11 25 20 10 02
-7.54246567E-01 2020 11 25 20 15 02
-7.51962175E-01 2020 11 25 20 20 02
-8.51023129E-01 2020 11 25 20 25 02
-9.20639342E-01 2020 11 25 20 30 02
-9.75630681E-01 2020 11 25 20 35 02
-1.00187100E+00 2020 11 25 20 40 02
-9.43631849E-01 2020 11 25 20 45 02
-9.70598769E-01 2020 11 25 20 50 02
-9.48055900E-01 2020 11 25 20 55 02
-9.50412698E-01 2020 11 25 21 00 02
-8.86135502E-01 2020 11 25 21 05 02
-8.21537592E-01 2020 11 25 21 10 02
-7.92636834E-01 2020 11 25 21 15 03
-8.31894255E-01 2020 11 25 21 20 02
-9.42829986E-01 2020 11 25 21 25 02
-8.57301488E-01 2020 11 25 21 30 02
-8.85014024E-01 2020 11 25 21 35 02
-1.00153035E+00 2020 11 25 21 40 03
-1.01130320E+00 2020 11 25 21 45 02
-1.00209606E+00 2020 11 25 21 50 02
-1.02907032E+00 2020 11 25 21 55 02
-1.10044377E+00 2020 11 25 22 00 02
-1.05478773E+00 2020 11 25 22 05 02
-1.06435362E+00 2020 11 25 22 10 02
-1.03620172E+00 2020 11 25 22 15 02
-9.77302736E-01 2020 11 25 22 20 02
-9.89800707E-01 2020 11 25 22 25 02
-8.42504756E-01 2020 11 25 22 30 02
-8.69587934E-01 2020 11 25 22 35 02
-9.60975240E-01 2020 11 25 22 40 02
-9.90418869E-01 2020 11 25 22 45 02
-1.15948264E+00 2020 11 25 22 50 02
-1.03758018E+00 2020 11 25 22 55 02
-1.00058235E+00 2020 11 25 23 00 02
-9.08391642E-01 2020 11 25 23 05 02
-8.87447111E-01 2020 11 25 23 10 02
-8.00746269E-01 2020 11 25 23 15 02
-7.64225446E-01 2020 11 25 23 20 02
-7.41249863E-01 2020 11 25 23 25 02
-8.44575659E-01 2020 11 25 23 30 02
-7.16930674E-01 2020 11 25 23 35 02
-7.39599168E-01 2020 11 25 23 40 02
-7.00448391E-01 2020 11 25 23 45 02
-7.03282227E-01 2020 11 25 23 50 02
-7.42255391E-01 2020 11 25 23 55 02
