-1.31749968E+00 2020 11 16 00 00 03
-1.38282532E+00 2020 11 16 00 05 02
-1.35410575E+00 2020 11 16 00 10 02
-1.36679042E+00 2020 11 16 00 15 02
-1.35239683E+00 2020 11 16 00 20 02
-1.41544387E+00 2020 11 16 00 25 03
-1.39382586E+00 2020 11 16 00 30 02
-1.34146406E+00 2020 11 16 00 35 02
-1.31286420E+00 2020 11 16 00 40 02
-1.27449124E+00 2020 11 16 00 45 02
-1.26165877E+00 2020 11 16 00 50 03
-1.27654609E+00 2020 11 16 00 55 02
-1.25535604E+00 2020 11 16 01 00 02
-1.26172701E+00 2020 11 16 01 05 02
-1.16086410E+00 2020 11 16 01 10 02
-1.23307754E+00 2020 11 16 01 15 02
-1.20336120E+00 2020 11 16 01 20 02
-1.20992369E+00 2020 11 16 01 25 02
-1.12876594E+00 2020 11 16 01 30 02
-1.13974973E+00 2020 11 16 01 35 02
-1.13798332E+00 2020 11 16 01 40 02
-1.10132693E+00 2020 11 16 01 45 02
-1.06741645E+00 2020 11 16 01 50 02
-1.02288747E+00 2020 11 16 01 55 02
-9.62743477E-01 2020 11 16 02 00 02
-9.52010350E-01 2020 11 16 02 05 02
-9.12129539E-01 2020 11 16 02 10 02
-8.82465059E-01 2020 11 16 02 15 02
-8.11212811E-01 2020 11 16 02 20 02
-7.87374544E-01 2020 11 16 02 25 02
-7.79706663E-01 2020 11 16 02 30 02
-7.58486484E-01 2020 11 16 02 35 02
-7.28874500E-01 2020 11 16 02 40 02
-7.01421881E-01 2020 11 16 02 45 02
-6.52277092E-01 2020 11 16 02 50 02
-6.16235312E-01 2020 11 16 02 55 02
-5.88257273E-01 2020 11 16 03 00 02
-5.62830405E-01 2020 11 16 03 05 02
-5.31534447E-01 2020 11 16 03 10 02
-4.87328825E-01 2020 11 16 03 15 02
-4.37986473E-01 2020 11 16 03 20 02
-4.16005242E-01 2020 11 16 03 25 02
-4.12710411E-01 2020 11 16 03 30 03
-3.55539108E-01 2020 11 16 03 35 02
-3.30376398E-01 2020 11 16 03 40 02
-2.72801174E-01 2020 11 16 03 45 02
-2.60403011E-01 2020 11 16 03 50 02
-2.08094189E-01 2020 11 16 03 55 03
-2.07631485E-01 2020 11 16 04 00 02
-1.90866740E-01 2020 11 16 04 05 02
-1.33606692E-01 2020 11 16 04 10 02
-9.29705963E-02 2020 11 16 04 15 02
-6.56744040E-02 2020 11 16 04 20 02
-5.06385472E-02 2020 11 16 04 25 02
-3.23590897E-02 2020 11 16 04 30 02
+7.74065660E-03 2020 11 16 04 35 02
+3.19268427E-02 2020 11 16 04 40 02
+6.50895417E-02 2020 11 16 04 45 02
+8.21656748E-02 2020 11 16 04 50 02
+9.50820168E-02 2020 11 16 04 55 02
+1.32887955E-01 2020 11 16 05 00 02
+1.72650467E-01 2020 11 16 05 05 02
+1.95566282E-01 2020 11 16 05 10 02
+2.33322714E-01 2020 11 16 05 15 02
+2.88275174E-01 2020 11 16 05 20 02
+2.48127432E-01 2020 11 16 05 25 02
+2.75253755E-01 2020 11 16 05 30 02
+2.79456942E-01 2020 11 16 05 35 02
+3.20647732E-01 2020 11 16 05 40 02
+3.11095670E-01 2020 11 16 05 45 02
+3.41614212E-01 2020 11 16 05 50 02
+2.44930658E-01 2020 11 16 05 55 02
+2.69643900E-01 2020 11 16 06 00 02
+3.70125355E-01 2020 11 16 06 05 02
+4.11558304E-01 2020 11 16 06 10 02
+3.76784124E-01 2020 11 16 06 15 02
+4.16093808E-01 2020 11 16 06 20 02
+4.28823853E-01 2020 11 16 06 25 02
+4.57629496E-01 2020 11 16 06 30 02
+4.83704745E-01 2020 11 16 06 35 02
+4.80978775E-01 2020 11 16 06 40 02
+5.06562272E-01 2020 11 16 06 45 02
+5.15232204E-01 2020 11 16 06 50 02
+5.01753769E-01 2020 11 16 06 55 02
+5.50567100E-01 2020 11 16 07 00 03
+5.21360559E-01 2020 11 16 07 05 02
+5.20112268E-01 2020 11 16 07 10 02
+5.19988631E-01 2020 11 16 07 15 02
+4.42911121E-01 2020 11 16 07 20 02
+4.89788283E-01 2020 11 16 07 25 03
+4.58378357E-01 2020 11 16 07 30 02
+4.45405798E-01 2020 11 16 07 35 02
+3.81332365E-01 2020 11 16 07 40 02
+3.14759637E-01 2020 11 16 07 45 02
+2.69086935E-01 2020 11 16 07 50 02
+2.29983786E-01 2020 11 16 07 55 02
+2.03490467E-01 2020 11 16 08 00 02
+1.26988431E-01 2020 11 16 08 05 02
+1.60971795E-01 2020 11 16 08 10 02
+1.23535907E-01 2020 11 16 08 15 02
+8.62708866E-02 2020 11 16 08 20 02
+9.31867729E-02 2020 11 16 08 25 02
-3.01669205E-02 2020 11 16 08 30 02
-4.07110041E-02 2020 11 16 08 35 02
-8.06791663E-02 2020 11 16 08 40 03
-1.70428814E-01 2020 11 16 08 45 02
-2.07403798E-01 2020 11 16 08 50 02
-2.35272054E-01 2020 11 16 08 55 02
-2.21327184E-01 2020 11 16 09 00 02
-2.17362544E-01 2020 11 16 09 05 03
-3.54534405E-01 2020 11 16 09 10 02
-3.53828177E-01 2020 11 16 09 15 02
-3.85379745E-01 2020 11 16 09 20 02
-4.41955001E-01 2020 11 16 09 25 02
-4.92368939E-01 2020 11 16 09 30 02
-5.49709713E-01 2020 11 16 09 35 02
-5.40466240E-01 2020 11 16 09 40 02
-5.69750609E-01 2020 11 16 09 45 02
-6.10024695E-01 2020 11 16 09 50 02
-6.34987044E-01 2020 11 16 09 55 02
-6.73597186E-01 2020 11 16 10 00 02
-7.20841715E-01 2020 11 16 10 05 02
-7.35010325E-01 2020 11 16 10 10 02
-6.69962942E-01 2020 11 16 10 15 02
-7.67410613E-01 2020 11 16 10 20 02
-8.19272929E-01 2020 11 16 10 25 02
-6.98543058E-01 2020 11 16 10 30 02
-8.79742914E-01 2020 11 16 10 35 02
-8.06708494E-01 2020 11 16 10 40 02
-8.29104777E-01 2020 11 16 10 45 02
-7.92794096E-01 2020 11 16 10 50 02
-8.58124269E-01 2020 11 16 10 55 02
-8.70817410E-01 2020 11 16 11 00 02
-8.99780823E-01 2020 11 16 11 05 02
-9.66193008E-01 2020 11 16 11 10 02
-8.92930970E-01 2020 11 16 11 15 02
-9.42385446E-01 2020 11 16 11 20 02
-9.43609681E-01 2020 11 16 11 25 02
-9.27369304E-01 2020 11 16 11 30 02
-9.63509321E-01 2020 11 16 11 35 02
-9.00875048E-01 2020 11 16 11 40 02
-9.76539717E-01 2020 11 16 11 45 02
-8.70631235E-01 2020 11 16 11 50 02
-9.37403867E-01 2020 11 16 11 55 02
-8.04921587E-01 2020 11 16 12 00 02
-8.31705766E-01 2020 11 16 12 05 02
-8.57037309E-01 2020 11 16 12 10 02
-7.64242773E-01 2020 11 16 12 15 02
-8.43855803E-01 2020 11 16 12 20 02
-8.19762878E-01 2020 11 16 12 25 02
-7.84716199E-01 2020 11 16 12 30 02
-7.65480648E-01 2020 11 16 12 35 02
-7.61993381E-01 2020 11 16 12 40 02
-7.97951460E-01 2020 11 16 12 45 02
-7.65180435E-01 2020 11 16 12 50 02
-8.82083027E-01 2020 11 16 12 55 02
-7.85000101E-01 2020 11 16 13 00 02
-7.94380825E-01 2020 11 16 13 05 02
-7.61558515E-01 2020 11 16 13 10 02
-7.88337499E-01 2020 11 16 13 15 03
-7.87819307E-01 2020 11 16 13 20 02
-7.86677175E-01 2020 11 16 13 25 02
-8.62317121E-01 2020 11 16 13 30 02
-8.17919891E-01 2020 11 16 13 35 02
-9.12171216E-01 2020 11 16 13 40 02
-7.65842741E-01 2020 11 16 13 45 02
-7.85339228E-01 2020 11 16 13 50 02
-8.25382309E-01 2020 11 16 13 55 02
-7.76755241E-01 2020 11 16 14 00 02
-7.78313033E-01 2020 11 16 14 05 02
-7.93216386E-01 2020 11 16 14 10 02
-8.02757968E-01 2020 11 16 14 15 02
-8.24030928E-01 2020 11 16 14 20 02
-7.92324512E-01 2020 11 16 14 25 02
-7.59349432E-01 2020 11 16 14 30 02
-7.29464939E-01 2020 11 16 14 35 02
-7.74566826E-01 2020 11 16 14 40 03
-8.04857255E-01 2020 11 16 14 45 02
-7.79897741E-01 2020 11 16 14 50 02
-7.25330867E-01 2020 11 16 14 55 02
-7.42086726E-01 2020 11 16 15 00 02
-7.28122600E-01 2020 11 16 15 05 03
-6.90689940E-01 2020 11 16 15 10 02
-7.10827697E-01 2020 11 16 15 15 02
-7.87112478E-01 2020 11 16 15 20 02
-7.84435906E-01 2020 11 16 15 25 02
-6.03049414E-01 2020 11 16 15 30 02
-6.43781019E-01 2020 11 16 15 35 02
-6.90979178E-01 2020 11 16 15 40 02
-6.71854172E-01 2020 11 16 15 45 02
-7.72730965E-01 2020 11 16 15 50 02
-6.61828466E-01 2020 11 16 15 55 02
-6.41215571E-01 2020 11 16 16 00 02
-6.20284396E-01 2020 11 16 16 05 02
-6.28863038E-01 2020 11 16 16 10 02
-5.69771126E-01 2020 11 16 16 15 02
-4.63697367E-01 2020 11 16 16 20 02
-6.38354382E-01 2020 11 16 16 25 02
-5.38425794E-01 2020 11 16 16 30 02
-5.41723921E-01 2020 11 16 16 35 02
-4.78286256E-01 2020 11 16 16 40 02
-4.59643510E-01 2020 11 16 16 45 02
-4.87692694E-01 2020 11 16 16 50 02
-3.81043072E-01 2020 11 16 16 55 02
-4.09683634E-01 2020 11 16 17 00 02
-4.02020268E-01 2020 11 16 17 05 02
-4.25654571E-01 2020 11 16 17 10 02
-3.67981398E-01 2020 11 16 17 15 02
-3.55650066E-01 2020 11 16 17 20 03
-3.24775176E-01 2020 11 16 17 25 02
-3.45739223E-01 2020 11 16 17 30 02
-2.51030290E-01 2020 11 16 17 35 02
-2.59738640E-01 2020 11 16 17 40 02
-1.92481196E-01 2020 11 16 17 45 02
-1.89903241E-01 2020 11 16 17 50 02
-1.43077922E-01 2020 11 16 17 55 02
-1.22546205E-01 2020 11 16 18 00 02
-1.25035397E-01 2020 11 16 18 05 02
-1.30783085E-01 2020 11 16 18 10 03
-1.28358432E-01 2020 11 16 18 15 02
-1.33189983E-01 2020 11 16 18 20 02
-1.62968777E-01 2020 11 16 18 25 02
-1.28588827E-01 2020 11 16 18 30 02
-7.73324064E-02 2020 11 16 18 35 03
-1.09351723E-01 2020 11 16 18 40 02
-3.74565243E-02 2020 11 16 18 45 02
-1.15634778E-01 2020 11 16 18 50 02
-5.03673636E-02 2020 11 16 18 55 02
-7.38042947E-02 2020 11 16 19 00 02
-6.58520640E-02 2020 11 16 19 05 02
-1.01806287E-01 2020 11 16 19 10 02
-8.98409048E-02 2020 11 16 19 15 02
-1.50255170E-01 2020 11 16 19 20 02
-6.95287810E-02 2020 11 16 19 25 02
-1.10650570E-01 2020 11 16 19 30 02
-1.23634097E-01 2020 11 16 19 35 02
-2.23486357E-01 2020 11 16 19 40 02
-1.34890962E-01 2020 11 16 19 45 02
-1.26231988E-01 2020 11 16 19 50 02
-1.69162360E-01 2020 11 16 19 55 02
-1.65252605E-01 2020 11 16 20 00 02
-1.53756670E-01 2020 11 16 20 05 02
-2.86222838E-01 2020 11 16 20 10 02
-1.64501763E-01 2020 11 16 20 15 03
-2.45579284E-01 2020 11 16 20 20 02
-4.41542212E-01 2020 11 16 20 25 02
-1.88418483E-01 2020 11 16 20 30 02
-3.10019889E-01 2020 11 16 20 35 02
-2.63296799E-01 2020 11 16 20 40 03
-3.20642731E-01 2020 11 16 20 45 02
-3.41472124E-01 2020 11 16 20 50 02
-3.53711144E-01 2020 11 16 20 55 02
-3.60026094E-01 2020 11 16 21 00 02
-4.73591435E-01 2020 11 16 21 05 03
-4.32564988E-01 2020 11 16 21 10 02
-5.37062703E-01 2020 11 16 21 15 02
-4.76571131E-01 2020 11 16 21 20 02
-6.60545439E-01 2020 11 16 21 25 02
-5.42060627E-01 2020 11 16 21 30 03
-5.34226102E-01 2020 11 16 21 35 02
-5.30087687E-01 2020 11 16 21 40 02
-5.15628178E-01 2020 11 16 21 45 02
-6.35703388E-01 2020 11 16 21 50 02
-5.57876088E-01 2020 11 16 21 55 02
-6.40069946E-01 2020 11 16 22 00 02
-6.00237324E-01 2020 11 16 22 05 02
-6.71085737E-01 2020 11 16 22 10 02
-7.24169051E-01 2020 11 16 22 15 02
-7.42311672E-01 2020 11 16 22 20 02
-8.63428792E-01 2020 11 16 22 25 02
-8.25419495E-01 2020 11 16 22 30 02
-9.04685241E-01 2020 11 16 22 35 02
-8.53419978E-01 2020 11 16 22 40 02
-9.21661366E-01 2020 11 16 22 45 02
-8.70268972E-01 2020 11 16 22 50 02
-8.68100237E-01 2020 11 16 22 55 02
-9.32622352E-01 2020 11 16 23 00 02
-9.21718133E-01 2020 11 16 23 05 02
-9.74709897E-01 2020 11 16 23 10 02
-9.96151223E-01 2020 11 16 23 15 02
-9.97652861E-01 2020 11 16 23 20 03
-1.01690071E+00 2020 11 16 23 25 02
-9.84743367E-01 2020 11 16 23 30 02
-1.13188129E+00 2020 11 16 23 35 02
-1.16093615E+00 2020 11 16 23 40 02
-1.10578883E+00 2020 11 16 23 45 03
-1.09047646E+00 2020 11 16 23 50 02
-1.08674025E+00 2020 11 16 23 55 02
