-7.37050957E-01 2020 12 28 00 00 02
-7.75634414E-01 2020 12 28 00 05 02
-8.08196230E-01 2020 12 28 00 10 02
-8.82009155E-01 2020 12 28 00 15 02
-8.89020467E-01 2020 12 28 00 20 02
-7.48586838E-01 2020 12 28 00 25 02
-7.37552451E-01 2020 12 28 00 30 03
-6.62007262E-01 2020 12 28 00 35 02
-7.11420411E-01 2020 12 28 00 40 02
-6.41614636E-01 2020 12 28 00 45 02
-6.73723854E-01 2020 12 28 00 50 02
-6.89634401E-01 2020 12 28 00 55 03
-6.70857384E-01 2020 12 28 01 00 02
-5.92626266E-01 2020 12 28 01 05 02
-5.72398283E-01 2020 12 28 01 10 02
-5.19989304E-01 2020 12 28 01 15 02
-5.83734215E-01 2020 12 28 01 20 02
-5.93529734E-01 2020 12 28 01 25 02
-5.85881866E-01 2020 12 28 01 30 02
-5.56793188E-01 2020 12 28 01 35 02
-5.30289928E-01 2020 12 28 01 40 02
-5.04041459E-01 2020 12 28 01 45 02
-5.14868018E-01 2020 12 28 01 50 02
-5.26688465E-01 2020 12 28 01 55 02
-5.20632793E-01 2020 12 28 02 00 02
-4.87502754E-01 2020 12 28 02 05 02
-4.74193362E-01 2020 12 28 02 10 02
-4.22232510E-01 2020 12 28 02 15 02
-4.09408969E-01 2020 12 28 02 20 03
-3.84292506E-01 2020 12 28 02 25 02
-4.51499999E-01 2020 12 28 02 30 02
-3.68657586E-01 2020 12 28 02 35 02
-2.89837897E-01 2020 12 28 02 40 02
-3.23088516E-01 2020 12 28 02 45 02
-3.02895252E-01 2020 12 28 02 50 02
-2.44813527E-01 2020 12 28 02 55 02
-1.58753303E-01 2020 12 28 03 00 02
+1.27996911E-02 2020 12 28 03 05 02
-6.89166666E-02 2020 12 28 03 10 02
-4.43993173E-02 2020 12 28 03 15 02
-9.70091510E-02 2020 12 28 03 20 03
+3.01727816E-02 2020 12 28 03 25 02
+2.85048023E-03 2020 12 28 03 30 02
-6.60760797E-02 2020 12 28 03 35 02
-9.71297852E-02 2020 12 28 03 40 02
-1.67459153E-01 2020 12 28 03 45 03
-3.18151219E-02 2020 12 28 03 50 02
-1.91963866E-02 2020 12 28 03 55 02
-5.07078995E-02 2020 12 28 04 00 02
-1.01165839E-01 2020 12 28 04 05 02
-1.41349858E-01 2020 12 28 04 10 02
-1.25348338E-01 2020 12 28 04 15 02
-1.28880533E-01 2020 12 28 04 20 02
-6.71887931E-02 2020 12 28 04 25 02
+8.76750797E-02 2020 12 28 04 30 02
+9.79020014E-02 2020 12 28 04 35 02
+1.58576818E-01 2020 12 28 04 40 02
+1.75697625E-01 2020 12 28 04 45 02
+1.83552467E-01 2020 12 28 04 50 02
+1.39956764E-01 2020 12 28 04 55 02
+4.91046311E-02 2020 12 28 05 00 02
+8.54954723E-02 2020 12 28 05 05 02
+6.65757404E-02 2020 12 28 05 10 03
+6.00586967E-02 2020 12 28 05 15 02
+8.28958108E-02 2020 12 28 05 20 02
+1.09044583E-01 2020 12 28 05 25 02
+1.56465538E-01 2020 12 28 05 30 02
+1.58525411E-01 2020 12 28 05 35 02
+2.34286279E-01 2020 12 28 05 40 02
+9.03888839E-02 2020 12 28 05 45 02
+8.47943430E-02 2020 12 28 05 50 02
+1.48319376E-01 2020 12 28 05 55 02
+8.99658833E-02 2020 12 28 06 00 02
+1.30424813E-01 2020 12 28 06 05 02
+4.95127565E-02 2020 12 28 06 10 02
+2.33900845E-01 2020 12 28 06 15 02
+1.22046488E-01 2020 12 28 06 20 02
+2.04640301E-01 2020 12 28 06 25 02
+1.55191395E-01 2020 12 28 06 30 02
+1.40457941E-01 2020 12 28 06 35 03
+1.28595270E-01 2020 12 28 06 40 02
+1.14393922E-01 2020 12 28 06 45 02
+1.29204407E-01 2020 12 28 06 50 02
+1.03860524E-02 2020 12 28 06 55 02
+4.86005111E-02 2020 12 28 07 00 03
+7.71031745E-02 2020 12 28 07 05 02
+1.31297660E-02 2020 12 28 07 10 02
-9.32976064E-03 2020 12 28 07 15 02
+4.62106553E-02 2020 12 28 07 20 02
-5.32067039E-02 2020 12 28 07 25 02
-1.10343472E-01 2020 12 28 07 30 02
-4.51698833E-02 2020 12 28 07 35 02
-6.10661778E-02 2020 12 28 07 40 02
-1.54018262E-01 2020 12 28 07 45 02
-1.79602865E-01 2020 12 28 07 50 02
-1.61107545E-01 2020 12 28 07 55 02
-1.18169174E-01 2020 12 28 08 00 02
-3.19687392E-01 2020 12 28 08 05 02
-2.11886971E-01 2020 12 28 08 10 02
-2.76157942E-01 2020 12 28 08 15 02
-2.88565729E-01 2020 12 28 08 20 02
-3.95167200E-01 2020 12 28 08 25 03
-4.32285098E-01 2020 12 28 08 30 02
-4.21086698E-01 2020 12 28 08 35 02
-4.34126326E-01 2020 12 28 08 40 02
-5.11549291E-01 2020 12 28 08 45 02
-4.79283340E-01 2020 12 28 08 50 03
-4.94766439E-01 2020 12 28 08 55 02
-6.40009099E-01 2020 12 28 09 00 02
-6.24262106E-01 2020 12 28 09 05 02
-6.82042134E-01 2020 12 28 09 10 02
-7.26164308E-01 2020 12 28 09 15 02
-7.20607433E-01 2020 12 28 09 20 02
-8.21687654E-01 2020 12 28 09 25 02
-8.36337983E-01 2020 12 28 09 30 02
-8.98848836E-01 2020 12 28 09 35 02
-8.62555553E-01 2020 12 28 09 40 02
-8.91188800E-01 2020 12 28 09 45 02
-8.86921830E-01 2020 12 28 09 50 02
-8.84632464E-01 2020 12 28 09 55 02
-9.97102251E-01 2020 12 28 10 00 02
-9.04418683E-01 2020 12 28 10 05 02
-9.71549819E-01 2020 12 28 10 10 02
-8.16254956E-01 2020 12 28 10 15 03
-7.58714112E-01 2020 12 28 10 20 02
-6.74556736E-01 2020 12 28 10 25 02
-7.01130806E-01 2020 12 28 10 30 02
-8.19776906E-01 2020 12 28 10 35 02
-7.25873205E-01 2020 12 28 10 40 02
-6.49459240E-01 2020 12 28 10 45 02
-7.39393253E-01 2020 12 28 10 50 02
-7.10117625E-01 2020 12 28 10 55 02
-7.57552460E-01 2020 12 28 11 00 02
-6.88074892E-01 2020 12 28 11 05 02
-7.31702982E-01 2020 12 28 11 10 02
-7.31477841E-01 2020 12 28 11 15 03
-5.86857754E-01 2020 12 28 11 20 02
-5.40654037E-01 2020 12 28 11 25 02
-5.60802589E-01 2020 12 28 11 30 02
-4.77667151E-01 2020 12 28 11 35 02
-5.07558165E-01 2020 12 28 11 40 02
-6.09089486E-01 2020 12 28 11 45 02
-5.40944446E-01 2020 12 28 11 50 02
-6.93506104E-01 2020 12 28 11 55 02
-5.21758241E-01 2020 12 28 12 00 02
-5.68949658E-01 2020 12 28 12 05 02
-3.69638486E-01 2020 12 28 12 10 02
-3.67754056E-01 2020 12 28 12 15 02
-2.90367603E-01 2020 12 28 12 20 02
-2.34068791E-01 2020 12 28 12 25 02
-3.26521826E-01 2020 12 28 12 30 02
-2.49181540E-01 2020 12 28 12 35 02
-4.40476273E-01 2020 12 28 12 40 03
-5.99184499E-01 2020 12 28 12 45 02
-6.25232754E-01 2020 12 28 12 50 02
-7.33625738E-01 2020 12 28 12 55 02
-9.00533458E-01 2020 12 28 13 00 02
-7.93357351E-01 2020 12 28 13 05 02
-7.87515967E-01 2020 12 28 13 10 02
-7.12136641E-01 2020 12 28 13 15 02
-7.03874506E-01 2020 12 28 13 20 02
-6.80988981E-01 2020 12 28 13 25 02
-7.70254597E-01 2020 12 28 13 30 02
-6.31872918E-01 2020 12 28 13 35 02
-6.12433667E-01 2020 12 28 13 40 02
-5.28991570E-01 2020 12 28 13 45 02
-4.40596123E-01 2020 12 28 13 50 02
-4.81178177E-01 2020 12 28 13 55 02
-4.85651087E-01 2020 12 28 14 00 02
-4.46402321E-01 2020 12 28 14 05 03
-4.27294127E-01 2020 12 28 14 10 02
-5.17924711E-01 2020 12 28 14 15 02
-4.46563031E-01 2020 12 28 14 20 02
-4.74778089E-01 2020 12 28 14 25 02
-4.81574011E-01 2020 12 28 14 30 02
-5.45295656E-01 2020 12 28 14 35 02
-5.61879182E-01 2020 12 28 14 40 02
-5.27568435E-01 2020 12 28 14 45 02
-4.62657969E-01 2020 12 28 14 50 02
-4.59761172E-01 2020 12 28 14 55 02
-3.97757927E-01 2020 12 28 15 00 02
-3.68271832E-01 2020 12 28 15 05 02
-5.35881317E-01 2020 12 28 15 10 02
-6.63785049E-01 2020 12 28 15 15 02
-6.14995929E-01 2020 12 28 15 20 02
-6.39751532E-01 2020 12 28 15 25 02
-4.40703962E-01 2020 12 28 15 30 02
-5.47791460E-01 2020 12 28 15 35 02
-5.43522173E-01 2020 12 28 15 40 02
-5.69403798E-01 2020 12 28 15 45 02
-5.91583889E-01 2020 12 28 15 50 02
-4.86525825E-01 2020 12 28 15 55 03
-4.64408227E-01 2020 12 28 16 00 02
-3.87998310E-01 2020 12 28 16 05 02
-3.73057597E-01 2020 12 28 16 10 02
-4.67993709E-01 2020 12 28 16 15 02
-3.17734961E-01 2020 12 28 16 20 03
-3.87413141E-01 2020 12 28 16 25 02
-4.00967091E-01 2020 12 28 16 30 02
-4.80157770E-01 2020 12 28 16 35 02
-3.84409936E-01 2020 12 28 16 40 02
-3.86884995E-01 2020 12 28 16 45 03
-2.33769016E-01 2020 12 28 16 50 02
-1.32057009E-01 2020 12 28 16 55 02
-3.04365871E-01 2020 12 28 17 00 02
-2.95681773E-01 2020 12 28 17 05 02
-3.46431366E-01 2020 12 28 17 10 02
-4.89078281E-01 2020 12 28 17 15 02
-5.33875216E-01 2020 12 28 17 20 02
-5.22683184E-01 2020 12 28 17 25 02
-5.70854335E-01 2020 12 28 17 30 02
-5.84713954E-01 2020 12 28 17 35 02
-5.72789444E-01 2020 12 28 17 40 02
-5.52437943E-01 2020 12 28 17 45 02
-4.77567271E-01 2020 12 28 17 50 02
-4.15235560E-01 2020 12 28 17 55 02
-4.62483820E-01 2020 12 28 18 00 02
-4.62816237E-01 2020 12 28 18 05 02
-3.95519907E-01 2020 12 28 18 10 03
-4.45463037E-01 2020 12 28 18 15 02
-3.41494765E-01 2020 12 28 18 20 02
-3.06851392E-01 2020 12 28 18 25 02
-3.32856256E-01 2020 12 28 18 30 02
-3.39602657E-01 2020 12 28 18 35 03
-4.01326782E-01 2020 12 28 18 40 02
-4.33494923E-01 2020 12 28 18 45 02
-4.26267023E-01 2020 12 28 18 50 02
-3.55422536E-01 2020 12 28 18 55 02
-3.60951697E-01 2020 12 28 19 00 02
-3.45307471E-01 2020 12 28 19 05 02
-4.62616678E-01 2020 12 28 19 10 02
-3.60650053E-01 2020 12 28 19 15 02
-4.75709900E-01 2020 12 28 19 20 02
-5.14521091E-01 2020 12 28 19 25 02
-5.10860964E-01 2020 12 28 19 30 02
-4.77655673E-01 2020 12 28 19 35 02
-5.69739026E-01 2020 12 28 19 40 02
-6.25401351E-01 2020 12 28 19 45 02
-7.45339754E-01 2020 12 28 19 50 02
-7.05657063E-01 2020 12 28 19 55 02
-6.60148835E-01 2020 12 28 20 00 02
-6.80483443E-01 2020 12 28 20 05 02
-6.56979958E-01 2020 12 28 20 10 02
-6.34095923E-01 2020 12 28 20 15 02
-6.66494381E-01 2020 12 28 20 20 02
-6.37021508E-01 2020 12 28 20 25 03
-6.42624551E-01 2020 12 28 20 30 02
-6.91501057E-01 2020 12 28 20 35 02
-6.52512577E-01 2020 12 28 20 40 02
-6.42454610E-01 2020 12 28 20 45 02
-7.00375957E-01 2020 12 28 20 50 03
-7.64055890E-01 2020 12 28 20 55 02
-7.10022222E-01 2020 12 28 21 00 02
-7.10492175E-01 2020 12 28 21 05 02
-7.72757109E-01 2020 12 28 21 10 02
-7.86290518E-01 2020 12 28 21 15 02
-8.01356114E-01 2020 12 28 21 20 02
-8.27880954E-01 2020 12 28 21 25 02
-8.17889224E-01 2020 12 28 21 30 02
-7.88947343E-01 2020 12 28 21 35 02
-8.88673160E-01 2020 12 28 21 40 02
-8.85157001E-01 2020 12 28 21 45 02
-9.11204649E-01 2020 12 28 21 50 03
-8.89015704E-01 2020 12 28 21 55 02
-8.37172379E-01 2020 12 28 22 00 02
-9.14997218E-01 2020 12 28 22 05 02
-8.98644289E-01 2020 12 28 22 10 02
-8.28473924E-01 2020 12 28 22 15 03
-8.94296502E-01 2020 12 28 22 20 02
-8.94183659E-01 2020 12 28 22 25 02
-9.37615268E-01 2020 12 28 22 30 02
-9.48435571E-01 2020 12 28 22 35 02
-9.47623010E-01 2020 12 28 22 40 02
-9.59820639E-01 2020 12 28 22 45 02
-9.78579161E-01 2020 12 28 22 50 02
-9.58381129E-01 2020 12 28 22 55 02
-9.14060000E-01 2020 12 28 23 00 02
-1.05806758E+00 2020 12 28 23 05 02
-1.11605326E+00 2020 12 28 23 10 02
-1.09070584E+00 2020 12 28 23 15 02
-1.09990585E+00 2020 12 28 23 20 02
-9.73110401E-01 2020 12 28 23 25 02
-7.63648925E-01 2020 12 28 23 30 02
-6.68091733E-01 2020 12 28 23 35 02
-7.40003460E-01 2020 12 28 23 40 03
-6.69138831E-01 2020 12 28 23 45 02
-8.13525805E-01 2020 12 28 23 50 02
-8.85992915E-01 2020 12 28 23 55 02
