-6.34090002E-01 2020 12 06 00 00 02
-4.34950600E-01 2020 12 06 00 05 02
-6.78728963E-01 2020 12 06 00 10 02
-6.56321485E-01 2020 12 06 00 15 02
-6.54459676E-01 2020 12 06 00 20 02
-6.64764178E-01 2020 12 06 00 25 02
-7.63449226E-01 2020 12 06 00 30 02
-7.33796515E-01 2020 12 06 00 35 02
-7.83493060E-01 2020 12 06 00 40 03
-6.12005514E-01 2020 12 06 00 45 02
-6.12284586E-01 2020 12 06 00 50 02
-7.20391509E-01 2020 12 06 00 55 02
-7.72658019E-01 2020 12 06 01 00 02
-8.61953831E-01 2020 12 06 01 05 03
-8.01249401E-01 2020 12 06 01 10 02
-7.88134334E-01 2020 12 06 01 15 02
-8.17883934E-01 2020 12 06 01 20 02
-7.72063287E-01 2020 12 06 01 25 02
-8.94471346E-01 2020 12 06 01 30 02
-8.84582545E-01 2020 12 06 01 35 02
-9.20157948E-01 2020 12 06 01 40 02
-8.91867217E-01 2020 12 06 01 45 02
-8.59560520E-01 2020 12 06 01 50 02
-7.03958166E-01 2020 12 06 01 55 02
-7.48773311E-01 2020 12 06 02 00 02
-8.72163207E-01 2020 12 06 02 05 02
-9.09692776E-01 2020 12 06 02 10 02
-8.35143179E-01 2020 12 06 02 15 02
-8.44130871E-01 2020 12 06 02 20 02
-9.28754910E-01 2020 12 06 02 25 02
-9.09746639E-01 2020 12 06 02 30 03
-8.81975289E-01 2020 12 06 02 35 02
-9.88016858E-01 2020 12 06 02 40 02
-9.09513738E-01 2020 12 06 02 45 02
-9.32261219E-01 2020 12 06 02 50 02
-9.54164243E-01 2020 12 06 02 55 03
-8.40880227E-01 2020 12 06 03 00 02
-8.17847653E-01 2020 12 06 03 05 02
-8.92748117E-01 2020 12 06 03 10 02
-9.24647331E-01 2020 12 06 03 15 02
-9.34945218E-01 2020 12 06 03 20 02
-8.96836113E-01 2020 12 06 03 25 02
-9.00729772E-01 2020 12 06 03 30 02
-8.82993368E-01 2020 12 06 03 35 02
-8.14558448E-01 2020 12 06 03 40 02
-8.58728003E-01 2020 12 06 03 45 02
-7.48787472E-01 2020 12 06 03 50 02
-8.48284307E-01 2020 12 06 03 55 02
-8.51207145E-01 2020 12 06 04 00 02
-8.51132070E-01 2020 12 06 04 05 02
-9.29967634E-01 2020 12 06 04 10 02
-8.88461316E-01 2020 12 06 04 15 02
-8.36662747E-01 2020 12 06 04 20 03
-7.19082177E-01 2020 12 06 04 25 02
-7.79497750E-01 2020 12 06 04 30 02
-7.92178385E-01 2020 12 06 04 35 02
-7.38632610E-01 2020 12 06 04 40 02
-7.66276761E-01 2020 12 06 04 45 03
-7.64040948E-01 2020 12 06 04 50 02
-7.55283610E-01 2020 12 06 04 55 02
-7.33263607E-01 2020 12 06 05 00 02
-6.86155893E-01 2020 12 06 05 05 02
-5.67315062E-01 2020 12 06 05 10 03
-3.94717126E-01 2020 12 06 05 15 02
-4.30611500E-01 2020 12 06 05 20 02
-5.68761949E-01 2020 12 06 05 25 02
-6.37749138E-01 2020 12 06 05 30 02
-6.26984773E-01 2020 12 06 05 35 03
-6.15350846E-01 2020 12 06 05 40 02
-6.28658780E-01 2020 12 06 05 45 02
-6.41431866E-01 2020 12 06 05 50 02
-6.66456498E-01 2020 12 06 05 55 02
-6.03552567E-01 2020 12 06 06 00 02
-5.74616437E-01 2020 12 06 06 05 02
-5.59040297E-01 2020 12 06 06 10 02
-5.67147110E-01 2020 12 06 06 15 02
-4.99107813E-01 2020 12 06 06 20 02
-4.95872445E-01 2020 12 06 06 25 02
-4.59015100E-01 2020 12 06 06 30 02
-4.86595987E-01 2020 12 06 06 35 02
-4.36151787E-01 2020 12 06 06 40 02
-4.34622985E-01 2020 12 06 06 45 02
-3.62191362E-01 2020 12 06 06 50 02
-2.96214340E-01 2020 12 06 06 55 02
-2.95566604E-01 2020 12 06 07 00 03
-2.99198668E-01 2020 12 06 07 05 02
-2.69409471E-01 2020 12 06 07 10 02
-2.55140294E-01 2020 12 06 07 15 02
-1.96080045E-01 2020 12 06 07 20 02
-1.79826110E-01 2020 12 06 07 25 02
-2.07596496E-01 2020 12 06 07 30 02
-1.71930884E-01 2020 12 06 07 35 02
-1.45129099E-01 2020 12 06 07 40 02
-1.36340563E-01 2020 12 06 07 45 02
-1.57704529E-01 2020 12 06 07 50 02
-1.32007036E-01 2020 12 06 07 55 02
-1.65385360E-01 2020 12 06 08 00 02
-1.53167831E-01 2020 12 06 08 05 02
-2.12296919E-01 2020 12 06 08 10 02
-2.08454398E-01 2020 12 06 08 15 02
-1.98433024E-01 2020 12 06 08 20 02
-2.23314678E-01 2020 12 06 08 25 02
-2.24671306E-01 2020 12 06 08 30 02
-3.19532660E-01 2020 12 06 08 35 02
-2.44546417E-01 2020 12 06 08 40 02
-3.07521996E-01 2020 12 06 08 45 02
-3.28503928E-01 2020 12 06 08 50 03
-2.67064149E-01 2020 12 06 08 55 02
-2.82130671E-01 2020 12 06 09 00 02
-2.97353693E-01 2020 12 06 09 05 02
-1.89732113E-01 2020 12 06 09 10 02
-2.66560928E-01 2020 12 06 09 15 03
-2.27557252E-01 2020 12 06 09 20 02
-3.51396733E-01 2020 12 06 09 25 02
-2.42007731E-01 2020 12 06 09 30 02
-2.57292920E-01 2020 12 06 09 35 02
-2.76877479E-01 2020 12 06 09 40 02
-2.71780148E-01 2020 12 06 09 45 02
-3.82343781E-01 2020 12 06 09 50 03
-2.85543985E-01 2020 12 06 09 55 02
-4.04666218E-01 2020 12 06 10 00 02
-2.91069745E-01 2020 12 06 10 05 02
-2.79770928E-01 2020 12 06 10 10 02
-3.09530872E-01 2020 12 06 10 15 03
-2.09567573E-01 2020 12 06 10 20 02
-2.12494558E-01 2020 12 06 10 25 02
-1.42222217E-01 2020 12 06 10 30 02
-2.19782894E-01 2020 12 06 10 35 02
-1.57630629E-01 2020 12 06 10 40 02
-1.72222874E-01 2020 12 06 10 45 02
-1.48622581E-01 2020 12 06 10 50 02
-8.58705160E-02 2020 12 06 10 55 02
-1.37319175E-01 2020 12 06 11 00 02
-1.30105050E-01 2020 12 06 11 05 02
-5.06632845E-02 2020 12 06 11 10 02
-1.58438803E-02 2020 12 06 11 15 02
-4.82301939E-02 2020 12 06 11 20 02
-3.32557467E-02 2020 12 06 11 25 02
+2.58220464E-03 2020 12 06 11 30 02
+7.45296562E-02 2020 12 06 11 35 02
+5.52672299E-02 2020 12 06 11 40 03
-7.81970424E-02 2020 12 06 11 45 02
+4.87396818E-02 2020 12 06 11 50 02
+1.38951048E-01 2020 12 06 11 55 02
+1.24249037E-01 2020 12 06 12 00 02
+1.31569893E-01 2020 12 06 12 05 03
+6.46122348E-03 2020 12 06 12 10 02
+1.39529899E-01 2020 12 06 12 15 02
+1.57011993E-01 2020 12 06 12 20 02
+1.64548913E-01 2020 12 06 12 25 02
+1.18474806E-01 2020 12 06 12 30 02
+8.91886222E-02 2020 12 06 12 35 02
+8.91993476E-02 2020 12 06 12 40 02
-3.29340742E-02 2020 12 06 12 45 02
+2.40994417E-03 2020 12 06 12 50 02
-9.17467654E-03 2020 12 06 12 55 02
+4.06806151E-02 2020 12 06 13 00 02
+1.15132493E-02 2020 12 06 13 05 02
+2.11624518E-02 2020 12 06 13 10 02
-4.58582826E-02 2020 12 06 13 15 02
-1.75276404E-01 2020 12 06 13 20 02
-1.14899068E-01 2020 12 06 13 25 02
-1.02101915E-01 2020 12 06 13 30 03
-1.20222061E-01 2020 12 06 13 35 02
-1.74461393E-01 2020 12 06 13 40 02
-2.18296952E-01 2020 12 06 13 45 02
-1.79800724E-01 2020 12 06 13 50 02
-3.12657774E-01 2020 12 06 13 55 03
-2.11111747E-01 2020 12 06 14 00 02
-1.91518175E-01 2020 12 06 14 05 02
-1.38445032E-01 2020 12 06 14 10 02
-2.09273100E-01 2020 12 06 14 15 02
-3.92070901E-01 2020 12 06 14 20 02
-2.78182761E-01 2020 12 06 14 25 02
-3.98672688E-01 2020 12 06 14 30 02
-4.37264096E-01 2020 12 06 14 35 02
-5.16567953E-01 2020 12 06 14 40 02
-4.35184845E-01 2020 12 06 14 45 02
-4.79812187E-01 2020 12 06 14 50 02
-5.09704335E-01 2020 12 06 14 55 02
-4.81497681E-01 2020 12 06 15 00 02
-6.22062425E-01 2020 12 06 15 05 02
-5.38016939E-01 2020 12 06 15 10 02
-6.18398344E-01 2020 12 06 15 15 02
-5.98005437E-01 2020 12 06 15 20 03
-6.85939584E-01 2020 12 06 15 25 02
-6.40617453E-01 2020 12 06 15 30 02
-6.36047779E-01 2020 12 06 15 35 02
-6.95060976E-01 2020 12 06 15 40 02
-6.51362732E-01 2020 12 06 15 45 03
-7.07501752E-01 2020 12 06 15 50 02
-7.50560455E-01 2020 12 06 15 55 02
-6.82205623E-01 2020 12 06 16 00 02
-7.84922483E-01 2020 12 06 16 05 02
-8.56776654E-01 2020 12 06 16 10 03
-8.44709431E-01 2020 12 06 16 15 02
-8.86111548E-01 2020 12 06 16 20 02
-9.70236029E-01 2020 12 06 16 25 02
-8.06566056E-01 2020 12 06 16 30 02
-8.30703421E-01 2020 12 06 16 35 02
-8.37237137E-01 2020 12 06 16 40 02
-8.28559116E-01 2020 12 06 16 45 02
-8.80348479E-01 2020 12 06 16 50 02
-8.25796334E-01 2020 12 06 16 55 02
-8.69473252E-01 2020 12 06 17 00 02
-8.25535465E-01 2020 12 06 17 05 02
-9.94976652E-01 2020 12 06 17 10 02
-8.83211184E-01 2020 12 06 17 15 02
-8.55436671E-01 2020 12 06 17 20 02
-8.75452297E-01 2020 12 06 17 25 02
-8.52325013E-01 2020 12 06 17 30 02
-7.87098338E-01 2020 12 06 17 35 03
-7.41400045E-01 2020 12 06 17 40 02
-7.20369146E-01 2020 12 06 17 45 02
-7.60044087E-01 2020 12 06 17 50 02
-7.48247547E-01 2020 12 06 17 55 02
-7.68209514E-01 2020 12 06 18 00 03
-7.25413929E-01 2020 12 06 18 05 02
-7.85443079E-01 2020 12 06 18 10 02
-7.08103532E-01 2020 12 06 18 15 02
-6.75559045E-01 2020 12 06 18 20 02
-6.90862140E-01 2020 12 06 18 25 02
-6.93102794E-01 2020 12 06 18 30 02
-8.00568794E-01 2020 12 06 18 35 02
-7.23258547E-01 2020 12 06 18 40 02
-7.13262482E-01 2020 12 06 18 45 02
-7.10778698E-01 2020 12 06 18 50 02
-6.88585634E-01 2020 12 06 18 55 02
-8.14420786E-01 2020 12 06 19 00 02
-5.97600734E-01 2020 12 06 19 05 02
-5.38283792E-01 2020 12 06 19 10 02
-5.31655070E-01 2020 12 06 19 15 02
-6.78812147E-01 2020 12 06 19 20 02
-6.86947932E-01 2020 12 06 19 25 03
-6.69055529E-01 2020 12 06 19 30 02
-6.53251858E-01 2020 12 06 19 35 02
-6.47472675E-01 2020 12 06 19 40 02
-6.33546751E-01 2020 12 06 19 45 02
-5.82682532E-01 2020 12 06 19 50 03
-5.68448754E-01 2020 12 06 19 55 02
-6.00134276E-01 2020 12 06 20 00 02
-5.94695303E-01 2020 12 06 20 05 02
-5.52651972E-01 2020 12 06 20 10 02
-5.37952989E-01 2020 12 06 20 15 03
-5.59272847E-01 2020 12 06 20 20 02
-5.56440821E-01 2020 12 06 20 25 02
-5.32790622E-01 2020 12 06 20 30 02
-4.93608367E-01 2020 12 06 20 35 02
-4.79076863E-01 2020 12 06 20 40 02
-4.90632300E-01 2020 12 06 20 45 02
-5.86953054E-01 2020 12 06 20 50 02
-6.41079682E-01 2020 12 06 20 55 02
-5.88143092E-01 2020 12 06 21 00 02
-5.61181979E-01 2020 12 06 21 05 02
-5.44697995E-01 2020 12 06 21 10 02
-4.11947817E-01 2020 12 06 21 15 02
-4.04308657E-01 2020 12 06 21 20 02
-4.75273806E-01 2020 12 06 21 25 02
-5.71503127E-01 2020 12 06 21 30 02
-5.51957418E-01 2020 12 06 21 35 02
-5.25836531E-01 2020 12 06 21 40 03
-5.99723394E-01 2020 12 06 21 45 02
-4.91450696E-01 2020 12 06 21 50 02
-5.19361758E-01 2020 12 06 21 55 02
-3.85007563E-01 2020 12 06 22 00 02
-4.41548844E-01 2020 12 06 22 05 03
-3.90864199E-01 2020 12 06 22 10 02
-3.91269009E-01 2020 12 06 22 15 02
-4.20348001E-01 2020 12 06 22 20 02
-4.22908610E-01 2020 12 06 22 25 02
-3.67774895E-01 2020 12 06 22 30 02
-4.35809200E-01 2020 12 06 22 35 02
-4.34382607E-01 2020 12 06 22 40 02
-4.52865826E-01 2020 12 06 22 45 02
-4.12622592E-01 2020 12 06 22 50 02
-2.98009190E-01 2020 12 06 22 55 02
-3.11736055E-01 2020 12 06 23 00 02
-4.25009999E-01 2020 12 06 23 05 02
-3.55733948E-01 2020 12 06 23 10 02
-3.49350483E-01 2020 12 06 23 15 02
-3.47103815E-01 2020 12 06 23 20 02
-4.18394078E-01 2020 12 06 23 25 02
-4.76663177E-01 2020 12 06 23 30 03
-4.67822748E-01 2020 12 06 23 35 02
-5.21986998E-01 2020 12 06 23 40 02
-5.14976005E-01 2020 12 06 23 45 02
-4.93267733E-01 2020 12 06 23 50 02
-4.94551364E-01 2020 12 06 23 55 02
