-3.02859707E-01 2020 12 20 00 00 02
-3.66302552E-01 2020 12 20 00 05 02
-3.63455338E-01 2020 12 20 00 10 02
-3.01004580E-01 2020 12 20 00 15 02
-3.65975593E-01 2020 12 20 00 20 02
-4.17779527E-01 2020 12 20 00 25 02
-4.64703818E-01 2020 12 20 00 30 02
-4.51323222E-01 2020 12 20 00 35 02
-4.96913617E-01 2020 12 20 00 40 02
-5.14809973E-01 2020 12 20 00 45 02
-4.73746776E-01 2020 12 20 00 50 02
-5.76644827E-01 2020 12 20 00 55 02
-6.18081018E-01 2020 12 20 01 00 02
-5.82255195E-01 2020 12 20 01 05 02
-6.30624644E-01 2020 12 20 01 10 02
-6.78319225E-01 2020 12 20 01 15 03
-6.90342467E-01 2020 12 20 01 20 02
-6.90768361E-01 2020 12 20 01 25 02
-6.95424256E-01 2020 12 20 01 30 02
-6.34883481E-01 2020 12 20 01 35 02
-7.07497313E-01 2020 12 20 01 40 03
-7.29253590E-01 2020 12 20 01 45 02
-7.74817594E-01 2020 12 20 01 50 02
-7.18612291E-01 2020 12 20 01 55 02
-7.12440437E-01 2020 12 20 02 00 02
-6.81264869E-01 2020 12 20 02 05 02
-7.27954565E-01 2020 12 20 02 10 02
-7.56893276E-01 2020 12 20 02 15 02
-7.69669652E-01 2020 12 20 02 20 02
-7.83423781E-01 2020 12 20 02 25 02
-8.11759087E-01 2020 12 20 02 30 02
-8.04204746E-01 2020 12 20 02 35 02
-8.01680563E-01 2020 12 20 02 40 02
-8.36600273E-01 2020 12 20 02 45 02
-8.23385372E-01 2020 12 20 02 50 02
-8.48711747E-01 2020 12 20 02 55 02
-7.22367336E-01 2020 12 20 03 00 02
-7.28322616E-01 2020 12 20 03 05 03
-7.07502630E-01 2020 12 20 03 10 02
-7.09700459E-01 2020 12 20 03 15 02
-7.76083422E-01 2020 12 20 03 20 02
-8.13849491E-01 2020 12 20 03 25 02
-8.24331078E-01 2020 12 20 03 30 02
-7.89147705E-01 2020 12 20 03 35 02
-8.39547519E-01 2020 12 20 03 40 02
-8.68004480E-01 2020 12 20 03 45 02
-9.01275011E-01 2020 12 20 03 50 02
-8.28563476E-01 2020 12 20 03 55 02
-8.45607365E-01 2020 12 20 04 00 02
-8.54145615E-01 2020 12 20 04 05 02
-8.34262648E-01 2020 12 20 04 10 02
-7.74715232E-01 2020 12 20 04 15 02
-7.69155336E-01 2020 12 20 04 20 02
-7.29956584E-01 2020 12 20 04 25 02
-7.60207809E-01 2020 12 20 04 30 03
-7.27948467E-01 2020 12 20 04 35 02
-6.73688810E-01 2020 12 20 04 40 02
-7.41056106E-01 2020 12 20 04 45 02
-7.10765031E-01 2020 12 20 04 50 02
-7.09048102E-01 2020 12 20 04 55 03
-7.24650236E-01 2020 12 20 05 00 02
-6.28573659E-01 2020 12 20 05 05 02
-6.72291229E-01 2020 12 20 05 10 02
-7.58332730E-01 2020 12 20 05 15 02
-5.40547152E-01 2020 12 20 05 20 03
-6.22304719E-01 2020 12 20 05 25 02
-6.09705561E-01 2020 12 20 05 30 02
-4.61478056E-01 2020 12 20 05 35 02
-5.29930801E-01 2020 12 20 05 40 02
-4.23924352E-01 2020 12 20 05 45 02
-4.37938989E-01 2020 12 20 05 50 02
-3.96806419E-01 2020 12 20 05 55 02
-3.74787078E-01 2020 12 20 06 00 02
-3.52509244E-01 2020 12 20 06 05 02
-3.73491361E-01 2020 12 20 06 10 02
-3.44786295E-01 2020 12 20 06 15 02
-3.68436232E-01 2020 12 20 06 20 02
-3.99336983E-01 2020 12 20 06 25 02
-3.76789528E-01 2020 12 20 06 30 02
-3.48603370E-01 2020 12 20 06 35 02
-3.77563691E-01 2020 12 20 06 40 02
-3.24629830E-01 2020 12 20 06 45 02
-3.58007176E-01 2020 12 20 06 50 02
-3.10179358E-01 2020 12 20 06 55 02
-3.09832201E-01 2020 12 20 07 00 02
-2.89188878E-01 2020 12 20 07 05 02
-2.94124206E-01 2020 12 20 07 10 03
-2.59239141E-01 2020 12 20 07 15 02
-3.27171250E-01 2020 12 20 07 20 02
-2.73684902E-01 2020 12 20 07 25 02
-3.29593272E-01 2020 12 20 07 30 02
-2.49411107E-01 2020 12 20 07 35 03
-2.82913656E-01 2020 12 20 07 40 02
-3.45538206E-01 2020 12 20 07 45 02
-3.22472479E-01 2020 12 20 07 50 02
-2.64523279E-01 2020 12 20 07 55 02
-3.65488407E-01 2020 12 20 08 00 02
-3.91498482E-01 2020 12 20 08 05 02
-4.17408810E-01 2020 12 20 08 10 02
-3.44596320E-01 2020 12 20 08 15 02
-3.52989843E-01 2020 12 20 08 20 02
-3.46414625E-01 2020 12 20 08 25 02
-3.10127188E-01 2020 12 20 08 30 02
-3.15293912E-01 2020 12 20 08 35 02
-2.86306550E-01 2020 12 20 08 40 02
-2.91915720E-01 2020 12 20 08 45 02
-3.30897986E-01 2020 12 20 08 50 02
-2.53842583E-01 2020 12 20 08 55 02
-2.14101715E-01 2020 12 20 09 00 02
-2.55694419E-01 2020 12 20 09 05 02
-2.17564650E-01 2020 12 20 09 10 02
-2.02556467E-01 2020 12 20 09 15 02
-2.24329326E-01 2020 12 20 09 20 02
-1.79261512E-01 2020 12 20 09 25 03
-1.59374301E-01 2020 12 20 09 30 02
-2.33911204E-01 2020 12 20 09 35 02
-1.98304145E-01 2020 12 20 09 40 02
-1.03046676E-01 2020 12 20 09 45 02
-1.76138399E-01 2020 12 20 09 50 03
-1.19832066E-01 2020 12 20 09 55 02
-1.25842488E-01 2020 12 20 10 00 02
-9.08803165E-02 2020 12 20 10 05 02
-3.89032095E-02 2020 12 20 10 10 02
-8.77421714E-02 2020 12 20 10 15 03
-6.85512825E-03 2020 12 20 10 20 02
-1.14114716E-01 2020 12 20 10 25 02
-1.57571208E-02 2020 12 20 10 30 02
+1.27474425E-02 2020 12 20 10 35 02
+9.97974270E-02 2020 12 20 10 40 02
+7.89462960E-02 2020 12 20 10 45 02
+9.80678063E-02 2020 12 20 10 50 02
+1.29655662E-01 2020 12 20 10 55 02
+6.07034778E-02 2020 12 20 11 00 02
+1.22130760E-01 2020 12 20 11 05 02
+1.27831656E-01 2020 12 20 11 10 02
+2.63449445E-01 2020 12 20 11 15 02
+1.81515940E-01 2020 12 20 11 20 02
+1.75243210E-01 2020 12 20 11 25 02
+2.50856700E-01 2020 12 20 11 30 02
+2.54695320E-01 2020 12 20 11 35 02
+3.13649111E-01 2020 12 20 11 40 03
+3.38150740E-01 2020 12 20 11 45 02
+3.69990698E-01 2020 12 20 11 50 02
+3.11734477E-01 2020 12 20 11 55 02
+2.36273127E-01 2020 12 20 12 00 02
+3.58966652E-01 2020 12 20 12 05 03
+2.37428903E-01 2020 12 20 12 10 02
+2.62455416E-01 2020 12 20 12 15 02
+2.93484820E-01 2020 12 20 12 20 02
+2.51746222E-01 2020 12 20 12 25 02
+2.00829701E-01 2020 12 20 12 30 02
+1.71227286E-01 2020 12 20 12 35 02
+1.81572516E-01 2020 12 20 12 40 02
+9.05462084E-02 2020 12 20 12 45 02
+1.45348971E-01 2020 12 20 12 50 02
+1.44206757E-01 2020 12 20 12 55 02
+1.56708626E-01 2020 12 20 13 00 02
+1.02852390E-01 2020 12 20 13 05 02
+1.53253201E-01 2020 12 20 13 10 02
+1.63405486E-01 2020 12 20 13 15 02
+7.62949119E-02 2020 12 20 13 20 02
+9.57961311E-02 2020 12 20 13 25 02
-5.52022954E-03 2020 12 20 13 30 03
+5.58937084E-02 2020 12 20 13 35 02
-1.86717262E-02 2020 12 20 13 40 02
-3.71139475E-02 2020 12 20 13 45 02
-4.96406908E-03 2020 12 20 13 50 02
-7.88915360E-02 2020 12 20 13 55 02
-4.45322776E-02 2020 12 20 14 00 02
-1.62601241E-02 2020 12 20 14 05 02
-6.93288664E-02 2020 12 20 14 10 02
-1.22212329E-01 2020 12 20 14 15 02
-1.36737907E-01 2020 12 20 14 20 02
-1.59616133E-01 2020 12 20 14 25 02
-2.38409481E-01 2020 12 20 14 30 02
-2.45044463E-01 2020 12 20 14 35 02
-2.62395355E-01 2020 12 20 14 40 02
-2.67978624E-01 2020 12 20 14 45 02
-3.04999619E-01 2020 12 20 14 50 02
-3.02131574E-01 2020 12 20 14 55 03
-3.31261026E-01 2020 12 20 15 00 02
-3.51008213E-01 2020 12 20 15 05 02
-3.39302042E-01 2020 12 20 15 10 02
-3.82413353E-01 2020 12 20 15 15 02
-3.49421750E-01 2020 12 20 15 20 03
-4.49302567E-01 2020 12 20 15 25 02
-5.57202881E-01 2020 12 20 15 30 02
-4.96176053E-01 2020 12 20 15 35 02
-5.52387040E-01 2020 12 20 15 40 02
-5.98429812E-01 2020 12 20 15 45 03
-5.79171677E-01 2020 12 20 15 50 02
-5.20158844E-01 2020 12 20 15 55 02
-6.21939543E-01 2020 12 20 16 00 02
-7.38961627E-01 2020 12 20 16 05 02
-6.63343849E-01 2020 12 20 16 10 02
-7.57247357E-01 2020 12 20 16 15 02
-6.22963441E-01 2020 12 20 16 20 02
-6.76070396E-01 2020 12 20 16 25 02
-5.97301449E-01 2020 12 20 16 30 02
-6.35413400E-01 2020 12 20 16 35 02
-6.24711863E-01 2020 12 20 16 40 02
-5.90368721E-01 2020 12 20 16 45 02
-6.84374490E-01 2020 12 20 16 50 02
-7.48701142E-01 2020 12 20 16 55 02
-6.46393831E-01 2020 12 20 17 00 02
-6.59485793E-01 2020 12 20 17 05 02
-6.83441698E-01 2020 12 20 17 10 02
-6.69463962E-01 2020 12 20 17 15 02
-6.59158467E-01 2020 12 20 17 20 02
-6.71213032E-01 2020 12 20 17 25 02
-6.87785470E-01 2020 12 20 17 30 02
-7.07289884E-01 2020 12 20 17 35 03
-6.49296673E-01 2020 12 20 17 40 02
-6.90642947E-01 2020 12 20 17 45 02
-6.62429729E-01 2020 12 20 17 50 02
-6.37454939E-01 2020 12 20 17 55 02
-6.67695014E-01 2020 12 20 18 00 03
-6.28843632E-01 2020 12 20 18 05 02
-5.95701348E-01 2020 12 20 18 10 02
-5.95566095E-01 2020 12 20 18 15 02
-5.46900675E-01 2020 12 20 18 20 02
-5.35938578E-01 2020 12 20 18 25 02
-5.16729439E-01 2020 12 20 18 30 02
-6.31865993E-01 2020 12 20 18 35 02
-5.12742037E-01 2020 12 20 18 40 02
-5.08809171E-01 2020 12 20 18 45 02
-4.94135365E-01 2020 12 20 18 50 02
-4.77153999E-01 2020 12 20 18 55 02
-4.78438022E-01 2020 12 20 19 00 02
-4.79563645E-01 2020 12 20 19 05 02
-4.49425160E-01 2020 12 20 19 10 02
-4.01566950E-01 2020 12 20 19 15 02
-4.17924173E-01 2020 12 20 19 20 02
-3.91212725E-01 2020 12 20 19 25 02
-4.54062679E-01 2020 12 20 19 30 02
-4.26325188E-01 2020 12 20 19 35 02
-4.62542599E-01 2020 12 20 19 40 02
-4.43132924E-01 2020 12 20 19 45 02
-3.96904462E-01 2020 12 20 19 50 03
-3.58049688E-01 2020 12 20 19 55 02
-3.87569819E-01 2020 12 20 20 00 02
-3.42547729E-01 2020 12 20 20 05 02
-3.49345280E-01 2020 12 20 20 10 02
-3.64953460E-01 2020 12 20 20 15 03
-3.94371069E-01 2020 12 20 20 20 02
-2.87631274E-01 2020 12 20 20 25 02
-2.52911290E-01 2020 12 20 20 30 02
-2.00686564E-01 2020 12 20 20 35 02
-2.64699233E-01 2020 12 20 20 40 02
-3.64598723E-01 2020 12 20 20 45 02
-3.15987167E-01 2020 12 20 20 50 02
-2.97721566E-01 2020 12 20 20 55 02
-3.37490209E-01 2020 12 20 21 00 02
-4.45734174E-01 2020 12 20 21 05 02
-3.78360361E-01 2020 12 20 21 10 02
-2.79466338E-01 2020 12 20 21 15 02
-3.13867380E-01 2020 12 20 21 20 02
-2.97467215E-01 2020 12 20 21 25 02
-2.71731535E-01 2020 12 20 21 30 02
-3.14438850E-01 2020 12 20 21 35 02
-3.09233684E-01 2020 12 20 21 40 03
-2.67927525E-01 2020 12 20 21 45 02
-2.73266933E-01 2020 12 20 21 50 02
-3.26523073E-01 2020 12 20 21 55 02
-3.46159492E-01 2020 12 20 22 00 02
-3.91648298E-01 2020 12 20 22 05 03
-3.74605524E-01 2020 12 20 22 10 02
-3.72021203E-01 2020 12 20 22 15 02
-3.63030660E-01 2020 12 20 22 20 02
-3.70790133E-01 2020 12 20 22 25 02
-3.74327623E-01 2020 12 20 22 30 02
-3.13420038E-01 2020 12 20 22 35 02
-2.58809153E-01 2020 12 20 22 40 02
-2.17743625E-01 2020 12 20 22 45 02
-2.26712620E-01 2020 12 20 22 50 02
-2.12389222E-01 2020 12 20 22 55 02
-1.75903692E-01 2020 12 20 23 00 02
-9.82295678E-02 2020 12 20 23 05 02
-1.59199894E-01 2020 12 20 23 10 02
-2.03636289E-01 2020 12 20 23 15 02
-2.06855598E-01 2020 12 20 23 20 02
-2.27865538E-01 2020 12 20 23 25 02
-3.11982444E-01 2020 12 20 23 30 03
-2.95691603E-01 2020 12 20 23 35 02
-2.29423540E-01 2020 12 20 23 40 02
-1.92141850E-01 2020 12 20 23 45 02
-3.32665592E-01 2020 12 20 23 50 02
-2.83546920E-01 2020 12 20 23 55 03
