-4.87639258E-01 2020 12 07 00 00 02
-5.96772860E-01 2020 12 07 00 05 02
-6.91840887E-01 2020 12 07 00 10 02
-5.60942554E-01 2020 12 07 00 15 02
-5.76699660E-01 2020 12 07 00 20 02
-5.65002374E-01 2020 12 07 00 25 02
-5.55704395E-01 2020 12 07 00 30 02
-5.50284139E-01 2020 12 07 00 35 02
-7.33033813E-01 2020 12 07 00 40 02
-6.82530383E-01 2020 12 07 00 45 02
-6.95925128E-01 2020 12 07 00 50 02
-6.51362300E-01 2020 12 07 00 55 02
-6.33862924E-01 2020 12 07 01 00 02
-6.00398534E-01 2020 12 07 01 05 02
-7.23750878E-01 2020 12 07 01 10 02
-5.75375549E-01 2020 12 07 01 15 02
-6.02969518E-01 2020 12 07 01 20 03
-6.85648950E-01 2020 12 07 01 25 02
-7.52167671E-01 2020 12 07 01 30 02
-7.60149474E-01 2020 12 07 01 35 02
-7.39415197E-01 2020 12 07 01 40 02
-6.10034827E-01 2020 12 07 01 45 03
-5.69157075E-01 2020 12 07 01 50 02
-6.48680698E-01 2020 12 07 01 55 02
-7.47894524E-01 2020 12 07 02 00 02
-7.77409911E-01 2020 12 07 02 05 02
-8.10607670E-01 2020 12 07 02 10 03
-8.28054380E-01 2020 12 07 02 15 02
-8.42017043E-01 2020 12 07 02 20 02
-8.31617238E-01 2020 12 07 02 25 02
-7.93012326E-01 2020 12 07 02 30 02
-7.81618585E-01 2020 12 07 02 35 02
-7.73908548E-01 2020 12 07 02 40 02
-7.94530927E-01 2020 12 07 02 45 02
-8.23835137E-01 2020 12 07 02 50 02
-8.49590819E-01 2020 12 07 02 55 02
-8.47872177E-01 2020 12 07 03 00 02
-8.43522105E-01 2020 12 07 03 05 02
-8.14223543E-01 2020 12 07 03 10 02
-7.84822357E-01 2020 12 07 03 15 02
-8.33344737E-01 2020 12 07 03 20 02
-8.54760155E-01 2020 12 07 03 25 02
-8.21637419E-01 2020 12 07 03 30 02
-8.39148273E-01 2020 12 07 03 35 03
-8.68125873E-01 2020 12 07 03 40 02
-8.26905275E-01 2020 12 07 03 45 02
-7.59740081E-01 2020 12 07 03 50 02
-7.29421346E-01 2020 12 07 03 55 02
-8.31147675E-01 2020 12 07 04 00 03
-8.09558038E-01 2020 12 07 04 05 02
-7.88727598E-01 2020 12 07 04 10 02
-8.67908950E-01 2020 12 07 04 15 02
-8.59336511E-01 2020 12 07 04 20 02
-8.63704196E-01 2020 12 07 04 25 02
-8.62422782E-01 2020 12 07 04 30 02
-8.64834249E-01 2020 12 07 04 35 02
-8.77066884E-01 2020 12 07 04 40 02
-8.89563717E-01 2020 12 07 04 45 02
-8.61171594E-01 2020 12 07 04 50 02
-8.32406814E-01 2020 12 07 04 55 02
-8.23054619E-01 2020 12 07 05 00 02
-8.45957884E-01 2020 12 07 05 05 02
-8.07973715E-01 2020 12 07 05 10 02
-7.80442204E-01 2020 12 07 05 15 02
-7.89584276E-01 2020 12 07 05 20 02
-6.95810987E-01 2020 12 07 05 25 02
-6.04629776E-01 2020 12 07 05 30 02
-6.97265191E-01 2020 12 07 05 35 02
-5.32238989E-01 2020 12 07 05 40 02
-5.18785003E-01 2020 12 07 05 45 02
-4.43684441E-01 2020 12 07 05 50 03
-4.91500867E-01 2020 12 07 05 55 02
-5.20888459E-01 2020 12 07 06 00 02
-6.01782609E-01 2020 12 07 06 05 02
-6.87140597E-01 2020 12 07 06 10 02
-6.56005329E-01 2020 12 07 06 15 03
-6.34027068E-01 2020 12 07 06 20 02
-6.37170653E-01 2020 12 07 06 25 02
-6.91654037E-01 2020 12 07 06 30 02
-6.88001440E-01 2020 12 07 06 35 02
-6.45525581E-01 2020 12 07 06 40 02
-5.67983601E-01 2020 12 07 06 45 02
-6.15082949E-01 2020 12 07 06 50 02
-5.15004218E-01 2020 12 07 06 55 02
-4.30014896E-01 2020 12 07 07 00 02
-3.30421576E-01 2020 12 07 07 05 02
-3.63405566E-01 2020 12 07 07 10 02
-4.08262993E-01 2020 12 07 07 15 02
-4.03140274E-01 2020 12 07 07 20 02
-4.27778370E-01 2020 12 07 07 25 02
-4.49577065E-01 2020 12 07 07 30 02
-4.78963291E-01 2020 12 07 07 35 02
-4.59643118E-01 2020 12 07 07 40 03
-4.76393802E-01 2020 12 07 07 45 02
-5.23500751E-01 2020 12 07 07 50 02
-5.05809422E-01 2020 12 07 07 55 02
-4.81795355E-01 2020 12 07 08 00 02
-4.49089111E-01 2020 12 07 08 05 03
-4.39299298E-01 2020 12 07 08 10 02
-4.47984183E-01 2020 12 07 08 15 02
-4.99993434E-01 2020 12 07 08 20 02
-4.92185665E-01 2020 12 07 08 25 02
-3.41086984E-01 2020 12 07 08 30 02
-4.95874326E-01 2020 12 07 08 35 02
-4.74215790E-01 2020 12 07 08 40 02
-4.19366916E-01 2020 12 07 08 45 02
-4.36308579E-01 2020 12 07 08 50 02
-3.92130113E-01 2020 12 07 08 55 02
-3.90049815E-01 2020 12 07 09 00 02
-3.46261074E-01 2020 12 07 09 05 02
-3.19594934E-01 2020 12 07 09 10 02
-3.28913554E-01 2020 12 07 09 15 02
-4.02530136E-01 2020 12 07 09 20 02
-3.62438644E-01 2020 12 07 09 25 02
-5.51079117E-01 2020 12 07 09 30 03
-3.85582858E-01 2020 12 07 09 35 02
-3.91305433E-01 2020 12 07 09 40 02
-3.85374790E-01 2020 12 07 09 45 02
-3.59987323E-01 2020 12 07 09 50 02
-3.35425398E-01 2020 12 07 09 55 03
-4.22845855E-01 2020 12 07 10 00 02
-2.97804018E-01 2020 12 07 10 05 02
-3.06802954E-01 2020 12 07 10 10 02
-2.77191879E-01 2020 12 07 10 15 02
-2.69613764E-01 2020 12 07 10 20 02
-2.88984934E-01 2020 12 07 10 25 02
-2.51255953E-01 2020 12 07 10 30 02
-3.16618618E-01 2020 12 07 10 35 02
-2.69514464E-01 2020 12 07 10 40 02
-2.03693090E-01 2020 12 07 10 45 02
-2.04013416E-01 2020 12 07 10 50 02
-1.41190635E-01 2020 12 07 10 55 03
-1.99344185E-01 2020 12 07 11 00 02
-1.82217489E-01 2020 12 07 11 05 02
-1.57506055E-01 2020 12 07 11 10 02
-3.54821162E-02 2020 12 07 11 15 02
-6.55531153E-02 2020 12 07 11 20 03
-9.26416727E-02 2020 12 07 11 25 02
-3.40020709E-02 2020 12 07 11 30 02
-5.02763919E-02 2020 12 07 11 35 02
-3.74735517E-02 2020 12 07 11 40 02
-9.27629551E-02 2020 12 07 11 45 03
-7.95305787E-02 2020 12 07 11 50 02
-4.15721434E-03 2020 12 07 11 55 02
+4.82752780E-02 2020 12 07 12 00 02
+8.80982038E-02 2020 12 07 12 05 02
+8.91896834E-02 2020 12 07 12 10 02
+1.32766294E-01 2020 12 07 12 15 02
+1.10853675E-01 2020 12 07 12 20 02
+1.31483381E-01 2020 12 07 12 25 02
+8.34072105E-02 2020 12 07 12 30 02
+1.33924488E-01 2020 12 07 12 35 02
+2.25639318E-02 2020 12 07 12 40 02
+1.39511304E-01 2020 12 07 12 45 02
+1.37648627E-01 2020 12 07 12 50 02
+6.33827690E-02 2020 12 07 12 55 02
+9.73285113E-02 2020 12 07 13 00 02
+7.77258427E-02 2020 12 07 13 05 02
+1.56719834E-01 2020 12 07 13 10 03
+4.36829345E-02 2020 12 07 13 15 02
+5.29486326E-02 2020 12 07 13 20 02
+2.30918268E-02 2020 12 07 13 25 02
-4.91075388E-02 2020 12 07 13 30 02
-4.83214153E-02 2020 12 07 13 35 03
-1.07799041E-02 2020 12 07 13 40 02
-1.25655079E-02 2020 12 07 13 45 02
-3.29277177E-02 2020 12 07 13 50 02
-8.71044373E-02 2020 12 07 13 55 02
-8.98872456E-02 2020 12 07 14 00 03
-1.27766832E-01 2020 12 07 14 05 02
-2.01754011E-01 2020 12 07 14 10 02
-1.49855578E-01 2020 12 07 14 15 02
-1.42845423E-01 2020 12 07 14 20 02
-2.15984481E-01 2020 12 07 14 25 02
-2.15080137E-01 2020 12 07 14 30 02
-2.43405697E-01 2020 12 07 14 35 02
-2.78341239E-01 2020 12 07 14 40 02
-3.51668404E-01 2020 12 07 14 45 02
-3.69314072E-01 2020 12 07 14 50 02
-2.89951507E-01 2020 12 07 14 55 02
-3.54540864E-01 2020 12 07 15 00 02
-3.80632025E-01 2020 12 07 15 05 02
-3.41719469E-01 2020 12 07 15 10 02
-4.59415321E-01 2020 12 07 15 15 02
-4.93223525E-01 2020 12 07 15 20 02
-4.83256211E-01 2020 12 07 15 25 02
-4.99761872E-01 2020 12 07 15 30 02
-6.03218498E-01 2020 12 07 15 35 02
-6.11784792E-01 2020 12 07 15 40 02
-6.38474354E-01 2020 12 07 15 45 02
-7.26278491E-01 2020 12 07 15 50 03
-6.48224079E-01 2020 12 07 15 55 02
-6.97265519E-01 2020 12 07 16 00 02
-6.00871005E-01 2020 12 07 16 05 02
-6.84008702E-01 2020 12 07 16 10 02
-6.98918050E-01 2020 12 07 16 15 03
-7.04157375E-01 2020 12 07 16 20 02
-8.32300671E-01 2020 12 07 16 25 02
-7.19476878E-01 2020 12 07 16 30 02
-7.37485393E-01 2020 12 07 16 35 02
-7.77074338E-01 2020 12 07 16 40 03
-7.65434428E-01 2020 12 07 16 45 02
-7.39143718E-01 2020 12 07 16 50 02
-7.49958984E-01 2020 12 07 16 55 02
-7.54584331E-01 2020 12 07 17 00 02
-7.80896681E-01 2020 12 07 17 05 03
-7.70096032E-01 2020 12 07 17 10 02
-7.91877199E-01 2020 12 07 17 15 02
-7.58085958E-01 2020 12 07 17 20 02
-8.04867932E-01 2020 12 07 17 25 02
-6.97479302E-01 2020 12 07 17 30 02
-7.36150836E-01 2020 12 07 17 35 02
-7.46231009E-01 2020 12 07 17 40 02
-7.19429707E-01 2020 12 07 17 45 02
-7.62401998E-01 2020 12 07 17 50 02
-7.55074880E-01 2020 12 07 17 55 02
-7.29483655E-01 2020 12 07 18 00 02
-6.91653232E-01 2020 12 07 18 05 02
-7.15516307E-01 2020 12 07 18 10 02
-7.41243342E-01 2020 12 07 18 15 02
-7.34925943E-01 2020 12 07 18 20 02
-8.14396128E-01 2020 12 07 18 25 02
-7.88585040E-01 2020 12 07 18 30 03
-8.13049700E-01 2020 12 07 18 35 02
-8.14785355E-01 2020 12 07 18 40 02
-7.47551170E-01 2020 12 07 18 45 02
-7.19415336E-01 2020 12 07 18 50 02
-7.03579102E-01 2020 12 07 18 55 03
-7.41083484E-01 2020 12 07 19 00 02
-6.42422209E-01 2020 12 07 19 05 02
-6.83523601E-01 2020 12 07 19 10 02
-6.77783733E-01 2020 12 07 19 15 02
-7.05869066E-01 2020 12 07 19 20 02
-7.14683275E-01 2020 12 07 19 25 02
-6.43959678E-01 2020 12 07 19 30 02
-6.68135114E-01 2020 12 07 19 35 02
-6.49172630E-01 2020 12 07 19 40 02
-7.07440650E-01 2020 12 07 19 45 02
-7.23244989E-01 2020 12 07 19 50 02
-7.15809617E-01 2020 12 07 19 55 03
-6.58673902E-01 2020 12 07 20 00 02
-5.83866291E-01 2020 12 07 20 05 02
-6.53123733E-01 2020 12 07 20 10 02
-6.37429460E-01 2020 12 07 20 15 02
-6.49917184E-01 2020 12 07 20 20 03
-6.20104895E-01 2020 12 07 20 25 02
-5.85760692E-01 2020 12 07 20 30 02
-5.63677978E-01 2020 12 07 20 35 02
-5.92462837E-01 2020 12 07 20 40 02
-7.04926303E-01 2020 12 07 20 45 03
-6.24892719E-01 2020 12 07 20 50 02
-7.12496382E-01 2020 12 07 20 55 02
-5.30311319E-01 2020 12 07 21 00 02
-6.17338369E-01 2020 12 07 21 05 02
-5.73605266E-01 2020 12 07 21 10 02
-5.60792054E-01 2020 12 07 21 15 02
-5.73627461E-01 2020 12 07 21 20 02
-5.74873151E-01 2020 12 07 21 25 02
-5.65678990E-01 2020 12 07 21 30 02
-5.56489318E-01 2020 12 07 21 35 02
-5.26157386E-01 2020 12 07 21 40 02
-5.82460997E-01 2020 12 07 21 45 03
-4.72417087E-01 2020 12 07 21 50 02
-5.05812356E-01 2020 12 07 21 55 02
-5.38844575E-01 2020 12 07 22 00 02
-5.28813626E-01 2020 12 07 22 05 02
-5.21863722E-01 2020 12 07 22 10 03
-4.76864779E-01 2020 12 07 22 15 02
-5.16823654E-01 2020 12 07 22 20 02
-5.07894625E-01 2020 12 07 22 25 02
-4.22230898E-01 2020 12 07 22 30 02
-4.34251363E-01 2020 12 07 22 35 03
-4.39336207E-01 2020 12 07 22 40 02
-4.97460732E-01 2020 12 07 22 45 02
-4.41436502E-01 2020 12 07 22 50 02
-4.04090879E-01 2020 12 07 22 55 02
-4.49286826E-01 2020 12 07 23 00 02
-4.20496814E-01 2020 12 07 23 05 02
-4.04173018E-01 2020 12 07 23 10 02
-3.76019724E-01 2020 12 07 23 15 02
-3.46579025E-01 2020 12 07 23 20 02
-4.51679837E-01 2020 12 07 23 25 02
-4.58689088E-01 2020 12 07 23 30 02
-4.71816518E-01 2020 12 07 23 35 02
-4.36739184E-01 2020 12 07 23 40 02
-3.68520137E-01 2020 12 07 23 45 02
-4.60526268E-01 2020 12 07 23 50 02
-4.00527273E-01 2020 12 07 23 55 02
