-1.10079619E+00 2020 12 15 00 00 03
-1.13520327E+00 2020 12 15 00 05 03
-1.11787381E+00 2020 12 15 00 10 02
-1.09213190E+00 2020 12 15 00 15 02
-1.08582860E+00 2020 12 15 00 20 02
-1.06088720E+00 2020 12 15 00 25 02
-1.01720872E+00 2020 12 15 00 30 02
-1.01457468E+00 2020 12 15 00 35 02
-9.00126753E-01 2020 12 15 00 40 02
-9.53011403E-01 2020 12 15 00 45 02
-9.76207664E-01 2020 12 15 00 50 02
-9.69584004E-01 2020 12 15 00 55 02
-1.01125202E+00 2020 12 15 01 00 02
-1.03647282E+00 2020 12 15 01 05 02
-1.04057844E+00 2020 12 15 01 10 02
-9.14754891E-01 2020 12 15 01 15 02
-9.12023921E-01 2020 12 15 01 20 02
-8.85984149E-01 2020 12 15 01 25 02
-8.98565749E-01 2020 12 15 01 30 03
-7.34131914E-01 2020 12 15 01 35 02
-7.48757025E-01 2020 12 15 01 40 02
-7.14616062E-01 2020 12 15 01 45 02
-7.16124938E-01 2020 12 15 01 50 02
-6.98118646E-01 2020 12 15 01 55 03
-7.11295390E-01 2020 12 15 02 00 02
-7.37883583E-01 2020 12 15 02 05 02
-7.78587752E-01 2020 12 15 02 10 02
-6.89878512E-01 2020 12 15 02 15 02
-6.57481800E-01 2020 12 15 02 20 03
-6.74154804E-01 2020 12 15 02 25 02
-6.19301011E-01 2020 12 15 02 30 02
-5.43996724E-01 2020 12 15 02 35 02
-4.50675068E-01 2020 12 15 02 40 02
-3.99612082E-01 2020 12 15 02 45 02
-3.46136635E-01 2020 12 15 02 50 02
-3.58374349E-01 2020 12 15 02 55 02
-3.89207234E-01 2020 12 15 03 00 02
-3.73524822E-01 2020 12 15 03 05 02
-3.66910730E-01 2020 12 15 03 10 02
-3.56291934E-01 2020 12 15 03 15 02
-2.80855618E-01 2020 12 15 03 20 02
-2.23176691E-01 2020 12 15 03 25 02
-1.10512835E-01 2020 12 15 03 30 02
-1.19609866E-01 2020 12 15 03 35 02
-9.73472020E-02 2020 12 15 03 40 02
-7.62841417E-02 2020 12 15 03 45 02
-1.44210527E-01 2020 12 15 03 50 02
-8.16050308E-02 2020 12 15 03 55 02
-6.39220961E-02 2020 12 15 04 00 02
-5.63609221E-03 2020 12 15 04 05 02
+4.80674363E-02 2020 12 15 04 10 03
-1.39523573E-02 2020 12 15 04 15 02
+1.99872393E-02 2020 12 15 04 20 02
+7.59474624E-02 2020 12 15 04 25 02
+7.82337312E-02 2020 12 15 04 30 02
+6.76442508E-02 2020 12 15 04 35 03
+1.63844119E-01 2020 12 15 04 40 02
+2.13052182E-01 2020 12 15 04 45 02
+1.81194847E-01 2020 12 15 04 50 02
+2.34025212E-01 2020 12 15 04 55 02
+2.18607052E-01 2020 12 15 05 00 02
+2.73373588E-01 2020 12 15 05 05 02
+3.51425574E-01 2020 12 15 05 10 02
+3.60522270E-01 2020 12 15 05 15 02
+2.07682554E-01 2020 12 15 05 20 02
+2.54490138E-01 2020 12 15 05 25 02
+4.09194968E-01 2020 12 15 05 30 02
+4.04484138E-01 2020 12 15 05 35 02
+4.49390203E-01 2020 12 15 05 40 02
+4.20001176E-01 2020 12 15 05 45 02
+3.72556567E-01 2020 12 15 05 50 02
+3.24358610E-01 2020 12 15 05 55 02
+2.68109763E-01 2020 12 15 06 00 02
+3.94760951E-01 2020 12 15 06 05 02
+4.03707838E-01 2020 12 15 06 10 02
+3.92839070E-01 2020 12 15 06 15 02
+4.04835557E-01 2020 12 15 06 20 02
+3.87049600E-01 2020 12 15 06 25 02
+3.93592180E-01 2020 12 15 06 30 02
+4.22343409E-01 2020 12 15 06 35 02
+3.75323524E-01 2020 12 15 06 40 02
+4.77532341E-01 2020 12 15 06 45 02
+3.87209117E-01 2020 12 15 06 50 03
+3.73110002E-01 2020 12 15 06 55 02
+4.03602128E-01 2020 12 15 07 00 02
+3.72357751E-01 2020 12 15 07 05 02
+3.64906004E-01 2020 12 15 07 10 02
+3.69666024E-01 2020 12 15 07 15 03
+3.30848289E-01 2020 12 15 07 20 02
+3.84392240E-01 2020 12 15 07 25 02
+2.98926686E-01 2020 12 15 07 30 02
+2.82044323E-01 2020 12 15 07 35 02
+1.45369072E-01 2020 12 15 07 40 02
+1.98473941E-01 2020 12 15 07 45 02
+1.40832590E-01 2020 12 15 07 50 02
+1.11859134E-01 2020 12 15 07 55 02
+8.75634086E-02 2020 12 15 08 00 02
+4.44931446E-02 2020 12 15 08 05 02
+3.10303260E-02 2020 12 15 08 10 02
-9.85762851E-03 2020 12 15 08 15 02
-7.60799585E-02 2020 12 15 08 20 02
-1.38254279E-01 2020 12 15 08 25 02
-1.43893678E-01 2020 12 15 08 30 02
-1.82234540E-01 2020 12 15 08 35 02
-1.35202815E-01 2020 12 15 08 40 03
-1.70320588E-01 2020 12 15 08 45 02
-1.84359940E-01 2020 12 15 08 50 02
-1.78953318E-01 2020 12 15 08 55 02
-2.29658884E-01 2020 12 15 09 00 02
-2.90676771E-01 2020 12 15 09 05 03
-3.02098400E-01 2020 12 15 09 10 02
-3.49231792E-01 2020 12 15 09 15 02
-4.05730012E-01 2020 12 15 09 20 02
-4.76048294E-01 2020 12 15 09 25 02
-5.16594424E-01 2020 12 15 09 30 02
-5.14514008E-01 2020 12 15 09 35 02
-5.33171191E-01 2020 12 15 09 40 02
-5.63965051E-01 2020 12 15 09 45 02
-6.11831108E-01 2020 12 15 09 50 02
-6.45184806E-01 2020 12 15 09 55 02
-7.34900727E-01 2020 12 15 10 00 02
-7.25662013E-01 2020 12 15 10 05 02
-7.00835263E-01 2020 12 15 10 10 02
-7.85050974E-01 2020 12 15 10 15 02
-7.09562599E-01 2020 12 15 10 20 02
-7.45209326E-01 2020 12 15 10 25 02
-6.88894497E-01 2020 12 15 10 30 03
-7.64914502E-01 2020 12 15 10 35 02
-7.33189137E-01 2020 12 15 10 40 02
-7.37228026E-01 2020 12 15 10 45 02
-7.40452917E-01 2020 12 15 10 50 02
-7.32845221E-01 2020 12 15 10 55 03
-7.55640160E-01 2020 12 15 11 00 02
-7.42478760E-01 2020 12 15 11 05 02
-8.64118292E-01 2020 12 15 11 10 02
-7.50067718E-01 2020 12 15 11 15 02
-7.69625727E-01 2020 12 15 11 20 02
-7.00642290E-01 2020 12 15 11 25 02
-7.11961748E-01 2020 12 15 11 30 02
-7.76192718E-01 2020 12 15 11 35 02
-6.91004609E-01 2020 12 15 11 40 02
-7.76035355E-01 2020 12 15 11 45 02
-6.97246228E-01 2020 12 15 11 50 02
-6.96057605E-01 2020 12 15 11 55 02
-7.26578549E-01 2020 12 15 12 00 02
-7.03075359E-01 2020 12 15 12 05 02
-7.38909679E-01 2020 12 15 12 10 02
-7.56193147E-01 2020 12 15 12 15 02
-8.13593315E-01 2020 12 15 12 20 03
-7.79671264E-01 2020 12 15 12 25 02
-8.34610612E-01 2020 12 15 12 30 02
-7.20571201E-01 2020 12 15 12 35 02
-7.17734526E-01 2020 12 15 12 40 02
-6.75861721E-01 2020 12 15 12 45 03
-6.57882169E-01 2020 12 15 12 50 02
-8.06759609E-01 2020 12 15 12 55 02
-7.24628235E-01 2020 12 15 13 00 02
-7.75547041E-01 2020 12 15 13 05 02
-7.38075766E-01 2020 12 15 13 10 03
-8.08023422E-01 2020 12 15 13 15 02
-7.84582976E-01 2020 12 15 13 20 02
-8.28134744E-01 2020 12 15 13 25 02
-9.19283425E-01 2020 12 15 13 30 02
-8.29030583E-01 2020 12 15 13 35 02
-8.12020943E-01 2020 12 15 13 40 02
-8.04993819E-01 2020 12 15 13 45 02
-7.90072568E-01 2020 12 15 13 50 02
-7.50253992E-01 2020 12 15 13 55 02
-7.35269685E-01 2020 12 15 14 00 02
-7.69338046E-01 2020 12 15 14 05 02
-7.36727715E-01 2020 12 15 14 10 02
-7.65137641E-01 2020 12 15 14 15 02
-7.05207609E-01 2020 12 15 14 20 02
-7.32210102E-01 2020 12 15 14 25 02
-7.07193296E-01 2020 12 15 14 30 02
-7.26487092E-01 2020 12 15 14 35 02
-7.12599541E-01 2020 12 15 14 40 02
-7.65045950E-01 2020 12 15 14 45 02
-7.12355482E-01 2020 12 15 14 50 02
-6.34615728E-01 2020 12 15 14 55 02
-6.91572884E-01 2020 12 15 15 00 03
-6.62199065E-01 2020 12 15 15 05 02
-6.61625486E-01 2020 12 15 15 10 02
-7.40985745E-01 2020 12 15 15 15 02
-6.65358186E-01 2020 12 15 15 20 02
-6.37697603E-01 2020 12 15 15 25 03
-6.24813142E-01 2020 12 15 15 30 02
-6.32651007E-01 2020 12 15 15 35 02
-6.83531590E-01 2020 12 15 15 40 02
-5.95957113E-01 2020 12 15 15 45 02
-5.67341131E-01 2020 12 15 15 50 03
-6.11943221E-01 2020 12 15 15 55 02
-6.07891566E-01 2020 12 15 16 00 02
-6.29621521E-01 2020 12 15 16 05 02
-6.44232044E-01 2020 12 15 16 10 02
-5.73541302E-01 2020 12 15 16 15 02
-5.14500985E-01 2020 12 15 16 20 02
-5.15707262E-01 2020 12 15 16 25 02
-4.65884762E-01 2020 12 15 16 30 02
-5.72279391E-01 2020 12 15 16 35 02
-4.68537007E-01 2020 12 15 16 40 02
-4.87460391E-01 2020 12 15 16 45 02
-5.09960857E-01 2020 12 15 16 50 02
-4.34322336E-01 2020 12 15 16 55 02
-5.25931633E-01 2020 12 15 17 00 02
-4.92123532E-01 2020 12 15 17 05 02
-3.80107604E-01 2020 12 15 17 10 02
-3.50322911E-01 2020 12 15 17 15 02
-3.31947447E-01 2020 12 15 17 20 02
-3.12467898E-01 2020 12 15 17 25 02
-3.00996801E-01 2020 12 15 17 30 02
-2.39588702E-01 2020 12 15 17 35 02
-2.66716815E-01 2020 12 15 17 40 03
-2.08079488E-01 2020 12 15 17 45 02
-1.89412155E-01 2020 12 15 17 50 02
-2.21769300E-01 2020 12 15 17 55 02
-2.43692390E-01 2020 12 15 18 00 02
-2.26004032E-01 2020 12 15 18 05 03
-2.30892114E-01 2020 12 15 18 10 02
-1.81050126E-01 2020 12 15 18 15 02
-1.91150842E-01 2020 12 15 18 20 02
-2.29741596E-01 2020 12 15 18 25 02
-2.47742243E-01 2020 12 15 18 30 02
-1.87542322E-01 2020 12 15 18 35 02
-2.70318320E-01 2020 12 15 18 40 02
-1.97684474E-01 2020 12 15 18 45 02
-1.99576574E-01 2020 12 15 18 50 02
-2.01251780E-01 2020 12 15 18 55 02
-1.94849170E-01 2020 12 15 19 00 02
-2.38383420E-01 2020 12 15 19 05 02
-2.03474999E-01 2020 12 15 19 10 02
-1.88604856E-01 2020 12 15 19 15 02
-2.14136999E-01 2020 12 15 19 20 02
-1.75169652E-01 2020 12 15 19 25 02
-2.02525988E-01 2020 12 15 19 30 03
-2.23482168E-01 2020 12 15 19 35 02
-2.42509203E-01 2020 12 15 19 40 02
-2.81383747E-01 2020 12 15 19 45 02
-2.82112965E-01 2020 12 15 19 50 02
-3.18731853E-01 2020 12 15 19 55 03
-3.02268889E-01 2020 12 15 20 00 02
-2.81430752E-01 2020 12 15 20 05 02
-3.30354984E-01 2020 12 15 20 10 02
-3.90263145E-01 2020 12 15 20 15 02
-4.11732096E-01 2020 12 15 20 20 02
-4.26869494E-01 2020 12 15 20 25 02
-4.21314491E-01 2020 12 15 20 30 02
-4.08584259E-01 2020 12 15 20 35 02
-3.34776853E-01 2020 12 15 20 40 02
-4.12465809E-01 2020 12 15 20 45 02
-4.95326328E-01 2020 12 15 20 50 02
-5.42693727E-01 2020 12 15 20 55 02
-5.31779187E-01 2020 12 15 21 00 02
-5.27254945E-01 2020 12 15 21 05 02
-5.57257357E-01 2020 12 15 21 10 02
-6.03109685E-01 2020 12 15 21 15 02
-6.23530045E-01 2020 12 15 21 20 03
-6.91194910E-01 2020 12 15 21 25 02
-6.91623716E-01 2020 12 15 21 30 02
-6.61528452E-01 2020 12 15 21 35 02
-6.65757133E-01 2020 12 15 21 40 02
-7.76786307E-01 2020 12 15 21 45 03
-8.31443660E-01 2020 12 15 21 50 02
-8.15950090E-01 2020 12 15 21 55 02
-7.65047982E-01 2020 12 15 22 00 02
-7.83661349E-01 2020 12 15 22 05 02
-8.26717123E-01 2020 12 15 22 10 03
-8.54009009E-01 2020 12 15 22 15 02
-8.78528993E-01 2020 12 15 22 20 02
-9.65423869E-01 2020 12 15 22 25 02
-9.13956103E-01 2020 12 15 22 30 02
-1.01469781E+00 2020 12 15 22 35 02
-9.93174159E-01 2020 12 15 22 40 02
-9.71790100E-01 2020 12 15 22 45 02
-1.01074919E+00 2020 12 15 22 50 02
-1.01463649E+00 2020 12 15 22 55 02
-1.03502896E+00 2020 12 15 23 00 02
-1.05657703E+00 2020 12 15 23 05 02
-1.06105765E+00 2020 12 15 23 10 02
-1.09411864E+00 2020 12 15 23 15 02
-1.04255952E+00 2020 12 15 23 20 02
-1.12763591E+00 2020 12 15 23 25 02
-1.12613433E+00 2020 12 15 23 30 02
-1.13291022E+00 2020 12 15 23 35 02
-1.13960327E+00 2020 12 15 23 40 02
-1.07178879E+00 2020 12 15 23 45 02
-1.14541826E+00 2020 12 15 23 50 02
-1.17235913E+00 2020 12 15 23 55 02
