-1.25093832E+00 2020 12 16 00 00 03
-1.16464782E+00 2020 12 16 00 05 02
-1.18559369E+00 2020 12 16 00 10 03
-1.19905176E+00 2020 12 16 00 15 02
-1.17740375E+00 2020 12 16 00 20 02
-1.16459831E+00 2020 12 16 00 25 02
-1.19544361E+00 2020 12 16 00 30 02
-1.19772306E+00 2020 12 16 00 35 02
-1.18341422E+00 2020 12 16 00 40 02
-1.19058097E+00 2020 12 16 00 45 02
-1.18980015E+00 2020 12 16 00 50 02
-1.18310543E+00 2020 12 16 00 55 02
-1.17240084E+00 2020 12 16 01 00 02
-1.14691098E+00 2020 12 16 01 05 02
-1.15421748E+00 2020 12 16 01 10 02
-1.14813444E+00 2020 12 16 01 15 02
-1.13606900E+00 2020 12 16 01 20 02
-1.12323769E+00 2020 12 16 01 25 02
-1.11849899E+00 2020 12 16 01 30 02
-1.11605687E+00 2020 12 16 01 35 02
-1.11165735E+00 2020 12 16 01 40 02
-1.10015361E+00 2020 12 16 01 45 02
-1.07299603E+00 2020 12 16 01 50 02
-1.02992901E+00 2020 12 16 01 55 02
-1.01380574E+00 2020 12 16 02 00 02
-9.85589228E-01 2020 12 16 02 05 02
-9.61618113E-01 2020 12 16 02 10 02
-9.37331256E-01 2020 12 16 02 15 02
-9.19022669E-01 2020 12 16 02 20 02
-9.02328284E-01 2020 12 16 02 25 02
-8.85369290E-01 2020 12 16 02 30 02
-8.58241336E-01 2020 12 16 02 35 02
-8.42514904E-01 2020 12 16 02 40 02
-8.10010106E-01 2020 12 16 02 45 02
-7.74500841E-01 2020 12 16 02 50 03
-7.50354686E-01 2020 12 16 02 55 02
-7.04046460E-01 2020 12 16 03 00 02
-6.84157379E-01 2020 12 16 03 05 02
-6.60303809E-01 2020 12 16 03 10 02
-6.17034490E-01 2020 12 16 03 15 03
-6.04268421E-01 2020 12 16 03 20 02
-5.66989345E-01 2020 12 16 03 25 02
-5.25969658E-01 2020 12 16 03 30 02
-4.79715290E-01 2020 12 16 03 35 02
-4.49534634E-01 2020 12 16 03 40 02
-4.13798597E-01 2020 12 16 03 45 02
-3.69853370E-01 2020 12 16 03 50 02
-3.67744662E-01 2020 12 16 03 55 02
-3.18314477E-01 2020 12 16 04 00 02
-3.15190444E-01 2020 12 16 04 05 02
-2.75334052E-01 2020 12 16 04 10 02
-2.44312876E-01 2020 12 16 04 15 02
-2.10130775E-01 2020 12 16 04 20 02
-2.05580296E-01 2020 12 16 04 25 02
-1.79539533E-01 2020 12 16 04 30 02
-1.32636545E-01 2020 12 16 04 35 02
-1.28609226E-01 2020 12 16 04 40 03
-4.49245949E-02 2020 12 16 04 45 02
-3.06696838E-02 2020 12 16 04 50 02
-3.47849093E-02 2020 12 16 04 55 02
-9.19729837E-03 2020 12 16 05 00 02
+6.79710397E-03 2020 12 16 05 05 03
+3.57320557E-02 2020 12 16 05 10 02
+6.64293236E-02 2020 12 16 05 15 02
+7.79665656E-02 2020 12 16 05 20 02
+9.81289413E-02 2020 12 16 05 25 02
+1.64997882E-01 2020 12 16 05 30 02
+1.33514425E-01 2020 12 16 05 35 02
+2.05516622E-01 2020 12 16 05 40 02
+1.93875094E-01 2020 12 16 05 45 02
+2.09284287E-01 2020 12 16 05 50 02
+2.23624429E-01 2020 12 16 05 55 02
+2.73673110E-01 2020 12 16 06 00 02
+2.96678778E-01 2020 12 16 06 05 03
+2.87159516E-01 2020 12 16 06 10 02
+3.28691762E-01 2020 12 16 06 15 02
+3.11067745E-01 2020 12 16 06 20 02
+3.47333781E-01 2020 12 16 06 25 02
+3.38195310E-01 2020 12 16 06 30 03
+4.09255560E-01 2020 12 16 06 35 02
+3.68985561E-01 2020 12 16 06 40 02
+3.70835452E-01 2020 12 16 06 45 02
+3.84321349E-01 2020 12 16 06 50 02
+3.67889873E-01 2020 12 16 06 55 02
+3.56565501E-01 2020 12 16 07 00 02
+3.87289019E-01 2020 12 16 07 05 02
+3.77940868E-01 2020 12 16 07 10 02
+4.48260342E-01 2020 12 16 07 15 02
+3.84214202E-01 2020 12 16 07 20 02
+3.70841073E-01 2020 12 16 07 25 02
+3.67972024E-01 2020 12 16 07 30 02
+3.89784451E-01 2020 12 16 07 35 02
+2.47976967E-01 2020 12 16 07 40 02
+2.70367546E-01 2020 12 16 07 45 02
+2.69328419E-01 2020 12 16 07 50 02
+3.06275290E-01 2020 12 16 07 55 03
+2.80836492E-01 2020 12 16 08 00 02
+2.24552758E-01 2020 12 16 08 05 02
+2.26185035E-01 2020 12 16 08 10 02
+1.95972462E-01 2020 12 16 08 15 02
+5.67872560E-02 2020 12 16 08 20 03
+1.47783411E-01 2020 12 16 08 25 02
+1.18098025E-01 2020 12 16 08 30 02
+4.74321421E-02 2020 12 16 08 35 02
+1.13624154E-01 2020 12 16 08 40 02
+4.77326009E-02 2020 12 16 08 45 03
-1.99789450E-03 2020 12 16 08 50 02
-2.48851979E-03 2020 12 16 08 55 02
-5.41551765E-02 2020 12 16 09 00 02
-6.46411273E-02 2020 12 16 09 05 02
-1.07934591E-04 2020 12 16 09 10 02
-1.09197367E-01 2020 12 16 09 15 02
+2.15560895E-02 2020 12 16 09 20 02
-4.95539763E-02 2020 12 16 09 25 02
-1.95241565E-01 2020 12 16 09 30 02
-1.79469448E-01 2020 12 16 09 35 02
-1.02204919E-01 2020 12 16 09 40 02
-1.35198009E-01 2020 12 16 09 45 02
-1.57839292E-01 2020 12 16 09 50 02
-1.85568951E-01 2020 12 16 09 55 02
-2.66211924E-01 2020 12 16 10 00 02
-1.41968132E-01 2020 12 16 10 05 02
-2.45216204E-01 2020 12 16 10 10 02
-2.05114468E-01 2020 12 16 10 15 02
-2.32421876E-01 2020 12 16 10 20 02
-2.97514035E-01 2020 12 16 10 25 02
-3.17472900E-01 2020 12 16 10 30 02
-3.01154031E-01 2020 12 16 10 35 03
-3.79104009E-01 2020 12 16 10 40 02
-3.53101682E-01 2020 12 16 10 45 02
-3.55518581E-01 2020 12 16 10 50 02
-3.74745121E-01 2020 12 16 10 55 02
-4.21983828E-01 2020 12 16 11 00 03
-4.08128859E-01 2020 12 16 11 05 02
-5.20285090E-01 2020 12 16 11 10 02
-5.62038807E-01 2020 12 16 11 15 02
-5.32694909E-01 2020 12 16 11 20 02
-5.16335218E-01 2020 12 16 11 25 03
-5.47132849E-01 2020 12 16 11 30 02
-5.90304168E-01 2020 12 16 11 35 02
-5.39345963E-01 2020 12 16 11 40 02
-6.92142670E-01 2020 12 16 11 45 02
-7.52436448E-01 2020 12 16 11 50 02
-6.56625121E-01 2020 12 16 11 55 02
-8.26837159E-01 2020 12 16 12 00 02
-7.70642680E-01 2020 12 16 12 05 02
-7.18904702E-01 2020 12 16 12 10 02
-7.27598909E-01 2020 12 16 12 15 02
-7.64149731E-01 2020 12 16 12 20 02
-8.09520603E-01 2020 12 16 12 25 02
-7.32477773E-01 2020 12 16 12 30 02
-6.15031703E-01 2020 12 16 12 35 02
-6.86701276E-01 2020 12 16 12 40 02
-6.26360426E-01 2020 12 16 12 45 02
-6.03256180E-01 2020 12 16 12 50 02
-7.38402359E-01 2020 12 16 12 55 02
-6.73429083E-01 2020 12 16 13 00 02
-7.00632630E-01 2020 12 16 13 05 02
-7.31265599E-01 2020 12 16 13 10 02
-7.42077958E-01 2020 12 16 13 15 03
-7.86590877E-01 2020 12 16 13 20 02
-7.61159013E-01 2020 12 16 13 25 02
-9.20728444E-01 2020 12 16 13 30 02
-8.90986897E-01 2020 12 16 13 35 02
-8.89033355E-01 2020 12 16 13 40 03
-8.70524015E-01 2020 12 16 13 45 02
-9.15467442E-01 2020 12 16 13 50 02
-8.72345453E-01 2020 12 16 13 55 02
-8.51936225E-01 2020 12 16 14 00 02
-8.75637887E-01 2020 12 16 14 05 02
-8.45649396E-01 2020 12 16 14 10 02
-8.35956160E-01 2020 12 16 14 15 02
-8.21100848E-01 2020 12 16 14 20 02
-8.21110643E-01 2020 12 16 14 25 02
-8.83607769E-01 2020 12 16 14 30 02
-8.00786839E-01 2020 12 16 14 35 02
-8.48499059E-01 2020 12 16 14 40 02
-8.02826399E-01 2020 12 16 14 45 02
-8.55482716E-01 2020 12 16 14 50 02
-7.27517411E-01 2020 12 16 14 55 02
-7.51203717E-01 2020 12 16 15 00 02
-7.56846468E-01 2020 12 16 15 05 03
-6.78228955E-01 2020 12 16 15 10 02
-9.01071296E-01 2020 12 16 15 15 02
-8.40344271E-01 2020 12 16 15 20 02
-7.64296872E-01 2020 12 16 15 25 02
-6.44753990E-01 2020 12 16 15 30 02
-7.22355616E-01 2020 12 16 15 35 02
-7.25002872E-01 2020 12 16 15 40 02
-7.35604847E-01 2020 12 16 15 45 02
-7.65947383E-01 2020 12 16 15 50 02
-7.40409094E-01 2020 12 16 15 55 02
-7.90610293E-01 2020 12 16 16 00 02
-6.59323948E-01 2020 12 16 16 05 02
-7.18861405E-01 2020 12 16 16 10 02
-6.73381530E-01 2020 12 16 16 15 02
-6.47833865E-01 2020 12 16 16 20 02
-6.98274525E-01 2020 12 16 16 25 02
-7.44637213E-01 2020 12 16 16 30 03
-6.34325905E-01 2020 12 16 16 35 02
-6.15004911E-01 2020 12 16 16 40 02
-5.86557825E-01 2020 12 16 16 45 02
-5.91463995E-01 2020 12 16 16 50 02
-5.52739963E-01 2020 12 16 16 55 03
-5.56299820E-01 2020 12 16 17 00 02
-5.45072811E-01 2020 12 16 17 05 02
-5.64575474E-01 2020 12 16 17 10 02
-4.70004378E-01 2020 12 16 17 15 02
-4.83460823E-01 2020 12 16 17 20 03
-4.90207157E-01 2020 12 16 17 25 02
-4.09531796E-01 2020 12 16 17 30 02
-3.82094523E-01 2020 12 16 17 35 02
-4.24966178E-01 2020 12 16 17 40 02
-3.66425650E-01 2020 12 16 17 45 02
-3.34536013E-01 2020 12 16 17 50 02
-4.64540888E-01 2020 12 16 17 55 02
-3.60071633E-01 2020 12 16 18 00 02
-3.79155036E-01 2020 12 16 18 05 02
-3.11806883E-01 2020 12 16 18 10 02
-2.09591260E-01 2020 12 16 18 15 02
-3.07502073E-01 2020 12 16 18 20 02
-1.80444132E-01 2020 12 16 18 25 02
-3.06893751E-01 2020 12 16 18 30 02
-2.31476007E-01 2020 12 16 18 35 02
-2.54276909E-01 2020 12 16 18 40 02
-2.41726301E-01 2020 12 16 18 45 02
-2.00052973E-01 2020 12 16 18 50 02
-2.81253899E-01 2020 12 16 18 55 02
-2.04027767E-01 2020 12 16 19 00 02
-2.12381082E-01 2020 12 16 19 05 02
-2.15226809E-01 2020 12 16 19 10 03
-2.47499174E-01 2020 12 16 19 15 02
-2.26574840E-01 2020 12 16 19 20 02
-1.83741841E-01 2020 12 16 19 25 02
-1.61418038E-01 2020 12 16 19 30 02
-1.62973239E-01 2020 12 16 19 35 03
-1.69123890E-01 2020 12 16 19 40 02
-2.27967087E-01 2020 12 16 19 45 02
-2.81527875E-01 2020 12 16 19 50 02
-2.27519691E-01 2020 12 16 19 55 02
-1.94789061E-01 2020 12 16 20 00 03
-1.44793370E-01 2020 12 16 20 05 02
-1.85289559E-01 2020 12 16 20 10 02
-1.56271628E-01 2020 12 16 20 15 02
-2.42158970E-01 2020 12 16 20 20 02
-2.27654100E-01 2020 12 16 20 25 02
-1.98482045E-01 2020 12 16 20 30 02
-3.09239199E-01 2020 12 16 20 35 02
-2.55502264E-01 2020 12 16 20 40 02
-2.71403809E-01 2020 12 16 20 45 02
-2.55816631E-01 2020 12 16 20 50 02
-3.00889607E-01 2020 12 16 20 55 02
-2.94395290E-01 2020 12 16 21 00 02
-3.12146581E-01 2020 12 16 21 05 02
-4.13475005E-01 2020 12 16 21 10 02
-3.76151820E-01 2020 12 16 21 15 02
-3.80787731E-01 2020 12 16 21 20 02
-4.06495427E-01 2020 12 16 21 25 02
-4.47468353E-01 2020 12 16 21 30 02
-4.69145639E-01 2020 12 16 21 35 02
-4.64798565E-01 2020 12 16 21 40 02
-4.71674426E-01 2020 12 16 21 45 02
-4.93420965E-01 2020 12 16 21 50 03
-5.00971155E-01 2020 12 16 21 55 02
-5.42269638E-01 2020 12 16 22 00 02
-5.48578692E-01 2020 12 16 22 05 02
-5.79917967E-01 2020 12 16 22 10 02
-5.60640622E-01 2020 12 16 22 15 03
-6.27488267E-01 2020 12 16 22 20 02
-6.55792055E-01 2020 12 16 22 25 02
-6.82668255E-01 2020 12 16 22 30 02
-7.04642233E-01 2020 12 16 22 35 02
-6.97024043E-01 2020 12 16 22 40 03
-7.31506553E-01 2020 12 16 22 45 02
-7.67254558E-01 2020 12 16 22 50 02
-7.74199713E-01 2020 12 16 22 55 02
-8.02865572E-01 2020 12 16 23 00 02
-7.97190503E-01 2020 12 16 23 05 02
-7.78281474E-01 2020 12 16 23 10 02
-9.14908648E-01 2020 12 16 23 15 02
-8.69081538E-01 2020 12 16 23 20 02
-8.88664160E-01 2020 12 16 23 25 02
-9.82451509E-01 2020 12 16 23 30 02
-9.47873381E-01 2020 12 16 23 35 02
-9.75456402E-01 2020 12 16 23 40 02
-9.42961824E-01 2020 12 16 23 45 02
-9.53215470E-01 2020 12 16 23 50 02
-9.28407833E-01 2020 12 16 23 55 02
