-6.33041669E-01 2020 12 19 00 00 02
-6.30317055E-01 2020 12 19 00 05 02
-6.27129821E-01 2020 12 19 00 10 02
-7.47169676E-01 2020 12 19 00 15 02
-6.91157113E-01 2020 12 19 00 20 02
-7.80091444E-01 2020 12 19 00 25 02
-7.79167770E-01 2020 12 19 00 30 02
-7.03339287E-01 2020 12 19 00 35 02
-8.38415045E-01 2020 12 19 00 40 02
-8.46932434E-01 2020 12 19 00 45 02
-9.49042412E-01 2020 12 19 00 50 02
-8.67970674E-01 2020 12 19 00 55 02
-8.78944053E-01 2020 12 19 01 00 03
-8.67681039E-01 2020 12 19 01 05 02
-8.77571930E-01 2020 12 19 01 10 02
-8.93858937E-01 2020 12 19 01 15 02
-8.36208987E-01 2020 12 19 01 20 02
-8.81292932E-01 2020 12 19 01 25 02
-9.00022218E-01 2020 12 19 01 30 02
-8.93641683E-01 2020 12 19 01 35 02
-9.02509266E-01 2020 12 19 01 40 02
-7.75825360E-01 2020 12 19 01 45 02
-8.53650827E-01 2020 12 19 01 50 02
-8.50047811E-01 2020 12 19 01 55 02
-8.45970724E-01 2020 12 19 02 00 02
-8.81538597E-01 2020 12 19 02 05 02
-9.05485226E-01 2020 12 19 02 10 02
-9.02619058E-01 2020 12 19 02 15 02
-9.16926516E-01 2020 12 19 02 20 02
-9.13712111E-01 2020 12 19 02 25 02
-9.21232851E-01 2020 12 19 02 30 02
-9.33171895E-01 2020 12 19 02 35 02
-9.11195385E-01 2020 12 19 02 40 02
-8.96987914E-01 2020 12 19 02 45 02
-8.94229420E-01 2020 12 19 02 50 03
-8.75410492E-01 2020 12 19 02 55 02
-8.51480917E-01 2020 12 19 03 00 02
-8.59843990E-01 2020 12 19 03 05 02
-7.95230740E-01 2020 12 19 03 10 02
-7.69744057E-01 2020 12 19 03 15 03
-8.08162010E-01 2020 12 19 03 20 02
-8.43917497E-01 2020 12 19 03 25 02
-8.83581064E-01 2020 12 19 03 30 02
-8.74476475E-01 2020 12 19 03 35 02
-8.64962893E-01 2020 12 19 03 40 02
-8.06036109E-01 2020 12 19 03 45 02
-8.08191920E-01 2020 12 19 03 50 02
-8.14953152E-01 2020 12 19 03 55 02
-8.01702379E-01 2020 12 19 04 00 02
-7.90262833E-01 2020 12 19 04 05 02
-7.85130310E-01 2020 12 19 04 10 02
-7.59587146E-01 2020 12 19 04 15 02
-7.41435489E-01 2020 12 19 04 20 02
-7.03159760E-01 2020 12 19 04 25 02
-6.86821872E-01 2020 12 19 04 30 02
-6.51335223E-01 2020 12 19 04 35 02
-6.35680883E-01 2020 12 19 04 40 03
-6.35156869E-01 2020 12 19 04 45 02
-5.84302094E-01 2020 12 19 04 50 02
-5.82542712E-01 2020 12 19 04 55 02
-5.68175236E-01 2020 12 19 05 00 02
-5.66438901E-01 2020 12 19 05 05 03
-5.23684581E-01 2020 12 19 05 10 02
-5.23643434E-01 2020 12 19 05 15 02
-5.05022554E-01 2020 12 19 05 20 02
-4.86885303E-01 2020 12 19 05 25 02
-4.91106190E-01 2020 12 19 05 30 02
-4.44319702E-01 2020 12 19 05 35 02
-3.70836268E-01 2020 12 19 05 40 02
-3.37744798E-01 2020 12 19 05 45 02
-3.38540814E-01 2020 12 19 05 50 02
-3.90731252E-01 2020 12 19 05 55 02
-2.87489643E-01 2020 12 19 06 00 02
-2.91249258E-01 2020 12 19 06 05 03
-2.70989690E-01 2020 12 19 06 10 02
-3.43859041E-01 2020 12 19 06 15 02
-2.70842809E-01 2020 12 19 06 20 02
-1.08465846E-01 2020 12 19 06 25 02
-1.76984230E-01 2020 12 19 06 30 03
-9.54785811E-02 2020 12 19 06 35 02
-1.18147298E-01 2020 12 19 06 40 02
-1.76489684E-01 2020 12 19 06 45 02
-1.63025085E-01 2020 12 19 06 50 02
-1.37244240E-01 2020 12 19 06 55 02
-1.71095774E-01 2020 12 19 07 00 02
-1.25721582E-01 2020 12 19 07 05 02
-9.85977583E-02 2020 12 19 07 10 02
-9.49083849E-02 2020 12 19 07 15 02
-1.36364274E-01 2020 12 19 07 20 02
-1.60285650E-01 2020 12 19 07 25 02
-1.10419189E-01 2020 12 19 07 30 03
-1.20913314E-01 2020 12 19 07 35 02
-5.88284308E-02 2020 12 19 07 40 02
-1.05045679E-01 2020 12 19 07 45 02
-9.66019568E-02 2020 12 19 07 50 02
-5.17620418E-02 2020 12 19 07 55 03
-1.02015267E-01 2020 12 19 08 00 02
-1.03283770E-01 2020 12 19 08 05 02
-7.35309337E-02 2020 12 19 08 10 02
-1.22683287E-01 2020 12 19 08 15 02
-6.28632727E-02 2020 12 19 08 20 03
-3.61216034E-02 2020 12 19 08 25 02
-1.60436538E-02 2020 12 19 08 30 02
+2.69590014E-02 2020 12 19 08 35 02
-5.26188901E-02 2020 12 19 08 40 02
-2.49220634E-02 2020 12 19 08 45 02
+4.14592792E-02 2020 12 19 08 50 02
+8.35255596E-02 2020 12 19 08 55 02
+1.48451701E-01 2020 12 19 09 00 02
+6.69336927E-02 2020 12 19 09 05 02
+1.28533974E-01 2020 12 19 09 10 02
+6.43058761E-02 2020 12 19 09 15 02
+9.85260231E-02 2020 12 19 09 20 02
+1.53888422E-01 2020 12 19 09 25 02
+1.64378840E-01 2020 12 19 09 30 02
+1.56656972E-01 2020 12 19 09 35 02
+7.66499401E-02 2020 12 19 09 40 02
+2.08019679E-01 2020 12 19 09 45 02
+4.89983818E-02 2020 12 19 09 50 02
+1.00009180E-01 2020 12 19 09 55 02
+1.84574319E-01 2020 12 19 10 00 02
+2.50954328E-01 2020 12 19 10 05 02
+2.45622373E-01 2020 12 19 10 10 02
+1.96447908E-01 2020 12 19 10 15 02
+2.38562178E-01 2020 12 19 10 20 02
+2.59119382E-01 2020 12 19 10 25 02
+1.95308916E-01 2020 12 19 10 30 02
+2.05986199E-01 2020 12 19 10 35 02
+2.69856923E-01 2020 12 19 10 40 02
+2.14587564E-01 2020 12 19 10 45 02
+9.28483049E-02 2020 12 19 10 50 02
+2.80074168E-01 2020 12 19 10 55 02
+1.80353883E-01 2020 12 19 11 00 03
+2.22441661E-01 2020 12 19 11 05 02
+2.38437546E-01 2020 12 19 11 10 02
+2.68846234E-01 2020 12 19 11 15 02
+3.12251717E-01 2020 12 19 11 20 02
+3.68566664E-01 2020 12 19 11 25 03
+3.45108399E-01 2020 12 19 11 30 02
+2.91903092E-01 2020 12 19 11 35 02
+2.65101774E-01 2020 12 19 11 40 02
+3.27406225E-01 2020 12 19 11 45 02
+2.26499834E-01 2020 12 19 11 50 03
+2.93640227E-01 2020 12 19 11 55 02
+1.40599100E-01 2020 12 19 12 00 02
+2.50944495E-01 2020 12 19 12 05 02
+2.31219112E-01 2020 12 19 12 10 02
+2.32659504E-01 2020 12 19 12 15 02
+3.20129599E-01 2020 12 19 12 20 02
+3.08937138E-01 2020 12 19 12 25 02
+3.09144984E-01 2020 12 19 12 30 02
+1.77168483E-01 2020 12 19 12 35 02
+1.38575332E-01 2020 12 19 12 40 02
+8.23321055E-02 2020 12 19 12 45 02
+1.17392899E-01 2020 12 19 12 50 02
+1.05563134E-01 2020 12 19 12 55 02
+9.47962525E-02 2020 12 19 13 00 02
-4.88809378E-02 2020 12 19 13 05 02
-4.78772849E-03 2020 12 19 13 10 02
+1.59069530E-02 2020 12 19 13 15 03
-1.07492434E-03 2020 12 19 13 20 02
-3.28863314E-02 2020 12 19 13 25 02
-9.54434082E-02 2020 12 19 13 30 02
-7.97274458E-02 2020 12 19 13 35 02
-2.62887035E-01 2020 12 19 13 40 03
-7.16513809E-02 2020 12 19 13 45 02
-2.06623706E-01 2020 12 19 13 50 02
-2.42714330E-01 2020 12 19 13 55 02
-2.30486943E-01 2020 12 19 14 00 02
-1.60448186E-01 2020 12 19 14 05 02
-3.52033764E-01 2020 12 19 14 10 02
-2.62462632E-01 2020 12 19 14 15 02
-2.52705695E-01 2020 12 19 14 20 02
-3.25413920E-01 2020 12 19 14 25 02
-2.78233753E-01 2020 12 19 14 30 02
-3.34570608E-01 2020 12 19 14 35 02
-3.62339256E-01 2020 12 19 14 40 02
-3.86218550E-01 2020 12 19 14 45 02
-4.41039843E-01 2020 12 19 14 50 02
-5.40920957E-01 2020 12 19 14 55 02
-4.56162834E-01 2020 12 19 15 00 02
-4.69986307E-01 2020 12 19 15 05 03
-5.01840067E-01 2020 12 19 15 10 02
-4.92874144E-01 2020 12 19 15 15 02
-5.20675006E-01 2020 12 19 15 20 02
-5.43879919E-01 2020 12 19 15 25 02
-5.15663030E-01 2020 12 19 15 30 03
-5.62755470E-01 2020 12 19 15 35 02
-6.17261291E-01 2020 12 19 15 40 02
-5.95801457E-01 2020 12 19 15 45 02
-5.61850412E-01 2020 12 19 15 50 02
-6.09509410E-01 2020 12 19 15 55 02
-6.57404987E-01 2020 12 19 16 00 02
-6.69109130E-01 2020 12 19 16 05 02
-6.88826274E-01 2020 12 19 16 10 02
-7.23546222E-01 2020 12 19 16 15 02
-6.69710645E-01 2020 12 19 16 20 02
-7.80732986E-01 2020 12 19 16 25 02
-8.05566821E-01 2020 12 19 16 30 02
-6.88513984E-01 2020 12 19 16 35 02
-6.98516514E-01 2020 12 19 16 40 02
-6.54866448E-01 2020 12 19 16 45 02
-7.09868381E-01 2020 12 19 16 50 02
-7.53018417E-01 2020 12 19 16 55 03
-7.34529706E-01 2020 12 19 17 00 02
-7.38249728E-01 2020 12 19 17 05 02
-7.55358883E-01 2020 12 19 17 10 02
-7.26580653E-01 2020 12 19 17 15 02
-7.02266940E-01 2020 12 19 17 20 03
-6.77952632E-01 2020 12 19 17 25 02
-6.84004086E-01 2020 12 19 17 30 02
-5.92736640E-01 2020 12 19 17 35 02
-7.29887390E-01 2020 12 19 17 40 02
-6.63198935E-01 2020 12 19 17 45 02
-5.43617488E-01 2020 12 19 17 50 02
-4.33283153E-01 2020 12 19 17 55 02
-4.63979097E-01 2020 12 19 18 00 02
-3.88439898E-01 2020 12 19 18 05 02
-4.50953622E-01 2020 12 19 18 10 02
-4.26732800E-01 2020 12 19 18 15 02
-5.63971550E-01 2020 12 19 18 20 02
-5.72265521E-01 2020 12 19 18 25 02
-5.27130072E-01 2020 12 19 18 30 02
-4.11473005E-01 2020 12 19 18 35 02
-4.35043595E-01 2020 12 19 18 40 02
-4.31637261E-01 2020 12 19 18 45 02
-2.92727622E-01 2020 12 19 18 50 02
-3.27865043E-01 2020 12 19 18 55 02
-2.93239167E-01 2020 12 19 19 00 02
-3.63658789E-01 2020 12 19 19 05 02
-3.16830514E-01 2020 12 19 19 10 03
-3.80674588E-01 2020 12 19 19 15 02
-4.08661003E-01 2020 12 19 19 20 02
-2.08749131E-01 2020 12 19 19 25 02
-2.45522266E-01 2020 12 19 19 30 02
-2.61604236E-01 2020 12 19 19 35 03
-3.35523608E-01 2020 12 19 19 40 02
-3.92352737E-01 2020 12 19 19 45 02
-4.56086944E-01 2020 12 19 19 50 02
-2.37170217E-01 2020 12 19 19 55 02
-2.95695541E-01 2020 12 19 20 00 03
-3.53558846E-01 2020 12 19 20 05 02
-2.88424924E-01 2020 12 19 20 10 02
-1.62597893E-01 2020 12 19 20 15 02
-1.18241234E-01 2020 12 19 20 20 02
-1.81110132E-01 2020 12 19 20 25 02
-1.65102220E-01 2020 12 19 20 30 02
-1.94351481E-01 2020 12 19 20 35 02
-3.20925652E-01 2020 12 19 20 40 02
-2.74705708E-01 2020 12 19 20 45 02
-2.27063280E-01 2020 12 19 20 50 02
-2.43693727E-01 2020 12 19 20 55 02
-2.72798092E-01 2020 12 19 21 00 02
-2.74241167E-01 2020 12 19 21 05 02
-2.26622019E-01 2020 12 19 21 10 02
-1.23534498E-01 2020 12 19 21 15 02
-2.10448356E-01 2020 12 19 21 20 02
-1.60082091E-01 2020 12 19 21 25 02
-5.76735515E-02 2020 12 19 21 30 02
-2.16160285E-01 2020 12 19 21 35 02
-2.73269138E-01 2020 12 19 21 40 02
-4.22046948E-01 2020 12 19 21 45 02
-3.36988670E-01 2020 12 19 21 50 03
-4.00920692E-01 2020 12 19 21 55 02
-3.82359062E-01 2020 12 19 22 00 02
-4.79944964E-01 2020 12 19 22 05 02
-4.49684542E-01 2020 12 19 22 10 02
-5.03313097E-01 2020 12 19 22 15 03
-4.25193628E-01 2020 12 19 22 20 02
-5.27465973E-01 2020 12 19 22 25 02
-3.83743756E-01 2020 12 19 22 30 02
-2.96662351E-01 2020 12 19 22 35 02
-2.43849458E-01 2020 12 19 22 40 02
-2.46975782E-01 2020 12 19 22 45 02
-3.49507349E-01 2020 12 19 22 50 02
-2.95387706E-01 2020 12 19 22 55 02
-2.44361849E-01 2020 12 19 23 00 02
-1.39878758E-01 2020 12 19 23 05 02
-2.08465456E-01 2020 12 19 23 10 02
-2.34628831E-01 2020 12 19 23 15 02
-2.20026474E-01 2020 12 19 23 20 02
-2.24139155E-01 2020 12 19 23 25 02
-2.65296538E-01 2020 12 19 23 30 02
-3.04862571E-01 2020 12 19 23 35 02
-2.38865914E-01 2020 12 19 23 40 03
-2.83682096E-01 2020 12 19 23 45 02
-2.98694924E-01 2020 12 19 23 50 02
-3.30302769E-01 2020 12 19 23 55 02
