-4.51035387E-01 2020 12 11 00 00 02
-4.39800847E-01 2020 12 11 00 05 02
-4.21326939E-01 2020 12 11 00 10 02
-4.31434616E-01 2020 12 11 00 15 02
-3.79868501E-01 2020 12 11 00 20 02
-3.41666648E-01 2020 12 11 00 25 02
-3.79360090E-01 2020 12 11 00 30 02
-3.78939837E-01 2020 12 11 00 35 02
-4.22866175E-01 2020 12 11 00 40 02
-3.74260075E-01 2020 12 11 00 45 02
-3.35098415E-01 2020 12 11 00 50 02
-3.92324915E-01 2020 12 11 00 55 02
-3.28207893E-01 2020 12 11 01 00 02
-3.78021485E-01 2020 12 11 01 05 02
-3.03074093E-01 2020 12 11 01 10 03
-2.93878745E-01 2020 12 11 01 15 02
-2.85009101E-01 2020 12 11 01 20 02
-2.43337484E-01 2020 12 11 01 25 02
-2.29141208E-01 2020 12 11 01 30 02
-2.21721311E-01 2020 12 11 01 35 03
-2.36277014E-01 2020 12 11 01 40 02
-1.43433238E-01 2020 12 11 01 45 02
-1.74253972E-01 2020 12 11 01 50 02
-2.22286227E-01 2020 12 11 01 55 02
-1.70728735E-01 2020 12 11 02 00 03
-1.42699519E-01 2020 12 11 02 05 02
-1.50360240E-01 2020 12 11 02 10 02
-1.40613697E-01 2020 12 11 02 15 02
-2.20087161E-01 2020 12 11 02 20 02
-2.20873111E-01 2020 12 11 02 25 02
-1.38115400E-01 2020 12 11 02 30 02
-1.58891647E-01 2020 12 11 02 35 02
-1.28653659E-01 2020 12 11 02 40 02
-7.48019379E-02 2020 12 11 02 45 02
-7.46001928E-02 2020 12 11 02 50 02
-5.15707678E-02 2020 12 11 02 55 02
+4.92129080E-02 2020 12 11 03 00 02
-3.43830124E-02 2020 12 11 03 05 02
-7.44075039E-02 2020 12 11 03 10 02
-2.15985662E-02 2020 12 11 03 15 02
-5.85481383E-02 2020 12 11 03 20 02
-1.78100536E-04 2020 12 11 03 25 03
-2.53044572E-02 2020 12 11 03 30 02
-5.30990120E-02 2020 12 11 03 35 02
-3.20381707E-03 2020 12 11 03 40 02
+3.14222155E-02 2020 12 11 03 45 02
-1.33469470E-01 2020 12 11 03 50 02
-9.17911602E-02 2020 12 11 03 55 02
-9.38895015E-02 2020 12 11 04 00 02
-9.19976077E-02 2020 12 11 04 05 02
-1.61392097E-01 2020 12 11 04 10 02
-1.57848146E-01 2020 12 11 04 15 02
-1.22554536E-01 2020 12 11 04 20 02
-1.32984462E-01 2020 12 11 04 25 02
-1.24147097E-01 2020 12 11 04 30 02
-1.24844277E-01 2020 12 11 04 35 02
-1.79700727E-01 2020 12 11 04 40 02
-1.14141915E-01 2020 12 11 04 45 02
-1.53740978E-01 2020 12 11 04 50 03
-1.89612894E-01 2020 12 11 04 55 02
-2.27884977E-01 2020 12 11 05 00 02
-2.50941180E-01 2020 12 11 05 05 02
-2.46415312E-01 2020 12 11 05 10 02
-2.48471351E-01 2020 12 11 05 15 03
-1.96841402E-01 2020 12 11 05 20 02
-2.28554800E-01 2020 12 11 05 25 02
-2.77452936E-01 2020 12 11 05 30 02
-2.88615900E-01 2020 12 11 05 35 02
-2.29392075E-01 2020 12 11 05 40 02
-3.34978941E-01 2020 12 11 05 45 02
-2.68919571E-01 2020 12 11 05 50 02
-2.58319202E-01 2020 12 11 05 55 02
-3.12466165E-01 2020 12 11 06 00 02
-3.12891520E-01 2020 12 11 06 05 02
-3.44351018E-01 2020 12 11 06 10 02
-3.67846412E-01 2020 12 11 06 15 02
-4.17551024E-01 2020 12 11 06 20 02
-4.53876045E-01 2020 12 11 06 25 02
-4.50636917E-01 2020 12 11 06 30 02
-4.05086497E-01 2020 12 11 06 35 02
-3.49863145E-01 2020 12 11 06 40 03
-3.41277265E-01 2020 12 11 06 45 02
-2.64125423E-01 2020 12 11 06 50 02
-3.79321634E-01 2020 12 11 06 55 02
-3.09638009E-01 2020 12 11 07 00 02
-3.33553988E-01 2020 12 11 07 05 03
-3.88013479E-01 2020 12 11 07 10 02
-4.79960400E-01 2020 12 11 07 15 02
-5.84620339E-01 2020 12 11 07 20 02
-6.07681136E-01 2020 12 11 07 25 02
-6.97496727E-01 2020 12 11 07 30 02
-7.48751413E-01 2020 12 11 07 35 02
-7.09976838E-01 2020 12 11 07 40 02
-8.29320093E-01 2020 12 11 07 45 02
-8.07341627E-01 2020 12 11 07 50 02
-7.87121497E-01 2020 12 11 07 55 02
-8.31012366E-01 2020 12 11 08 00 02
-8.67570161E-01 2020 12 11 08 05 02
-8.29416438E-01 2020 12 11 08 10 02
-8.71720957E-01 2020 12 11 08 15 02
-9.37152277E-01 2020 12 11 08 20 02
-8.40716917E-01 2020 12 11 08 25 02
-1.04384975E+00 2020 12 11 08 30 03
-9.56217542E-01 2020 12 11 08 35 02
-9.77187253E-01 2020 12 11 08 40 02
-1.11676920E+00 2020 12 11 08 45 02
-9.13916434E-01 2020 12 11 08 50 02
-9.89941643E-01 2020 12 11 08 55 03
-1.10727251E+00 2020 12 11 09 00 02
-1.07233152E+00 2020 12 11 09 05 02
-1.03832099E+00 2020 12 11 09 10 02
-1.14884033E+00 2020 12 11 09 15 02
-1.11216151E+00 2020 12 11 09 20 02
-1.09176716E+00 2020 12 11 09 25 02
-1.10474446E+00 2020 12 11 09 30 02
-1.15402273E+00 2020 12 11 09 35 02
-1.03999856E+00 2020 12 11 09 40 02
-1.13205334E+00 2020 12 11 09 45 02
-1.05916592E+00 2020 12 11 09 50 02
-1.06420056E+00 2020 12 11 09 55 02
-1.15053384E+00 2020 12 11 10 00 02
-9.92731591E-01 2020 12 11 10 05 02
-1.20375303E+00 2020 12 11 10 10 02
-1.00458816E+00 2020 12 11 10 15 02
-1.09794428E+00 2020 12 11 10 20 03
-1.15749994E+00 2020 12 11 10 25 02
-1.05011854E+00 2020 12 11 10 30 02
-1.21444178E+00 2020 12 11 10 35 02
-1.27750075E+00 2020 12 11 10 40 02
-1.17452548E+00 2020 12 11 10 45 03
-9.99510616E-01 2020 12 11 10 50 02
-9.64383970E-01 2020 12 11 10 55 02
-8.97765793E-01 2020 12 11 11 00 02
-8.37461430E-01 2020 12 11 11 05 02
-1.02560931E+00 2020 12 11 11 10 03
-1.00984925E+00 2020 12 11 11 15 02
-1.16862988E+00 2020 12 11 11 20 02
-9.11401387E-01 2020 12 11 11 25 02
-8.64390721E-01 2020 12 11 11 30 02
-8.68621965E-01 2020 12 11 11 35 02
-6.80893677E-01 2020 12 11 11 40 02
-6.79031742E-01 2020 12 11 11 45 02
-5.98967491E-01 2020 12 11 11 50 02
-4.61910816E-01 2020 12 11 11 55 02
-3.35618014E-01 2020 12 11 12 00 02
-4.28340650E-01 2020 12 11 12 05 02
-3.22383841E-01 2020 12 11 12 10 02
+1.60851982E-02 2020 12 11 12 15 02
-9.64488574E-03 2020 12 11 12 20 02
-1.36855569E-01 2020 12 11 12 25 02
-2.67517825E-01 2020 12 11 12 30 02
-1.25463949E-01 2020 12 11 12 35 03
-2.06509364E-01 2020 12 11 12 40 02
-5.03354539E-01 2020 12 11 12 45 02
-3.36278308E-01 2020 12 11 12 50 02
-2.39738568E-02 2020 12 11 12 55 02
-1.29905564E-01 2020 12 11 13 00 03
-2.99110109E-01 2020 12 11 13 05 02
-2.97122528E-01 2020 12 11 13 10 02
-6.85056092E-02 2020 12 11 13 15 02
-1.73210114E-01 2020 12 11 13 20 02
-1.63674707E-01 2020 12 11 13 25 02
-3.27963132E-01 2020 12 11 13 30 02
-2.10809344E-01 2020 12 11 13 35 02
-1.39595019E-01 2020 12 11 13 40 02
-1.86604532E-01 2020 12 11 13 45 02
-1.86433181E-01 2020 12 11 13 50 02
-1.93111817E-01 2020 12 11 13 55 02
-2.18798227E-01 2020 12 11 14 00 02
-2.86417251E-01 2020 12 11 14 05 02
-2.35215503E-01 2020 12 11 14 10 02
-1.22155816E-01 2020 12 11 14 15 02
-1.37701130E-01 2020 12 11 14 20 02
-2.28945081E-02 2020 12 11 14 25 02
-1.65745435E-01 2020 12 11 14 30 02
-4.17495565E-02 2020 12 11 14 35 02
+3.12471029E-02 2020 12 11 14 40 02
-1.00993809E-01 2020 12 11 14 45 02
-2.10229332E-01 2020 12 11 14 50 02
-1.12993439E-01 2020 12 11 14 55 02
-2.50206138E-01 2020 12 11 15 00 02
-2.23792596E-01 2020 12 11 15 05 02
-1.39878009E-01 2020 12 11 15 10 02
-2.16945720E-01 2020 12 11 15 15 02
-2.39735768E-01 2020 12 11 15 20 02
-2.08166322E-01 2020 12 11 15 25 02
-1.26019951E-01 2020 12 11 15 30 02
-2.01567953E-01 2020 12 11 15 35 02
-1.14440217E-01 2020 12 11 15 40 03
-1.94370723E-01 2020 12 11 15 45 02
-1.39423028E-01 2020 12 11 15 50 02
-2.04079690E-01 2020 12 11 15 55 02
-1.96256173E-01 2020 12 11 16 00 02
-2.26499052E-01 2020 12 11 16 05 03
-2.66754625E-01 2020 12 11 16 10 02
-1.86165978E-01 2020 12 11 16 15 02
-2.10841240E-01 2020 12 11 16 20 02
-3.20522888E-01 2020 12 11 16 25 02
-2.24773807E-01 2020 12 11 16 30 02
-2.29592038E-01 2020 12 11 16 35 02
-2.84344262E-01 2020 12 11 16 40 02
-2.70781615E-01 2020 12 11 16 45 02
-2.27166990E-01 2020 12 11 16 50 02
-2.09759835E-01 2020 12 11 16 55 02
-2.44663214E-01 2020 12 11 17 00 02
-2.76519200E-01 2020 12 11 17 05 03
-3.63628010E-01 2020 12 11 17 10 02
-4.01272698E-01 2020 12 11 17 15 02
-4.91875426E-01 2020 12 11 17 20 02
-3.09306794E-01 2020 12 11 17 25 02
-4.17445185E-01 2020 12 11 17 30 03
-5.02917752E-01 2020 12 11 17 35 02
-4.77846067E-01 2020 12 11 17 40 02
-5.00952548E-01 2020 12 11 17 45 02
-5.56747606E-01 2020 12 11 17 50 02
-4.98578603E-01 2020 12 11 17 55 02
-6.03261083E-01 2020 12 11 18 00 02
-5.77194914E-01 2020 12 11 18 05 02
-5.77208838E-01 2020 12 11 18 10 02
-5.13452567E-01 2020 12 11 18 15 02
-5.34217374E-01 2020 12 11 18 20 02
-6.78102417E-01 2020 12 11 18 25 02
-5.90393552E-01 2020 12 11 18 30 02
-7.96354392E-01 2020 12 11 18 35 02
-7.49662798E-01 2020 12 11 18 40 02
-7.05151049E-01 2020 12 11 18 45 02
-8.27090123E-01 2020 12 11 18 50 02
-6.88423342E-01 2020 12 11 18 55 03
-7.35276924E-01 2020 12 11 19 00 02
-7.51991834E-01 2020 12 11 19 05 02
-7.54356465E-01 2020 12 11 19 10 02
-7.10146264E-01 2020 12 11 19 15 02
-8.61182583E-01 2020 12 11 19 20 03
-6.94918393E-01 2020 12 11 19 25 02
-7.17512321E-01 2020 12 11 19 30 02
-8.17527478E-01 2020 12 11 19 35 02
-8.87460542E-01 2020 12 11 19 40 02
-8.74366403E-01 2020 12 11 19 45 02
-9.04135743E-01 2020 12 11 19 50 02
-9.18228953E-01 2020 12 11 19 55 02
-9.62907468E-01 2020 12 11 20 00 02
-9.14025625E-01 2020 12 11 20 05 02
-9.51725661E-01 2020 12 11 20 10 02
-9.39973824E-01 2020 12 11 20 15 02
-1.02222336E+00 2020 12 11 20 20 02
-1.02221085E+00 2020 12 11 20 25 02
-1.03409048E+00 2020 12 11 20 30 02
-9.92256568E-01 2020 12 11 20 35 02
-9.79925801E-01 2020 12 11 20 40 02
-1.08044559E+00 2020 12 11 20 45 02
-1.12003392E+00 2020 12 11 20 50 02
-1.07454366E+00 2020 12 11 20 55 02
-1.10497601E+00 2020 12 11 21 00 02
-1.21501812E+00 2020 12 11 21 05 02
-1.16134410E+00 2020 12 11 21 10 03
-1.11098830E+00 2020 12 11 21 15 02
-1.06669268E+00 2020 12 11 21 20 02
-1.14201853E+00 2020 12 11 21 25 02
-1.06548654E+00 2020 12 11 21 30 02
-9.32512394E-01 2020 12 11 21 35 03
-1.07348533E+00 2020 12 11 21 40 02
-1.12639928E+00 2020 12 11 21 45 02
-1.07112724E+00 2020 12 11 21 50 02
-1.07048741E+00 2020 12 11 21 55 02
-1.08181332E+00 2020 12 11 22 00 02
-1.02329937E+00 2020 12 11 22 05 02
-1.07019665E+00 2020 12 11 22 10 02
-1.03593664E+00 2020 12 11 22 15 02
-1.02716438E+00 2020 12 11 22 20 02
-9.79197418E-01 2020 12 11 22 25 02
-1.07429966E+00 2020 12 11 22 30 02
-1.01272277E+00 2020 12 11 22 35 02
-9.87338807E-01 2020 12 11 22 40 02
-9.93310705E-01 2020 12 11 22 45 02
-9.88840449E-01 2020 12 11 22 50 02
-1.04468577E+00 2020 12 11 22 55 02
-9.82693872E-01 2020 12 11 23 00 02
-9.14215531E-01 2020 12 11 23 05 02
-9.40106551E-01 2020 12 11 23 10 02
-8.06522883E-01 2020 12 11 23 15 02
-8.40521270E-01 2020 12 11 23 20 02
-8.60029510E-01 2020 12 11 23 25 03
-8.49459795E-01 2020 12 11 23 30 02
-8.55151187E-01 2020 12 11 23 35 02
-7.85944241E-01 2020 12 11 23 40 02
-6.56301357E-01 2020 12 11 23 45 02
-7.38131657E-01 2020 12 11 23 50 03
-7.70348267E-01 2020 12 11 23 55 02
