-8.69564722E-01 2020 12 29 00 00 02
-9.55725845E-01 2020 12 29 00 05 02
-9.31709324E-01 2020 12 29 00 10 02
-9.43817129E-01 2020 12 29 00 15 02
-8.71397289E-01 2020 12 29 00 20 02
-9.35076792E-01 2020 12 29 00 25 02
-8.31332676E-01 2020 12 29 00 30 02
-8.15943623E-01 2020 12 29 00 35 02
-8.05853289E-01 2020 12 29 00 40 02
-7.99344296E-01 2020 12 29 00 45 02
-8.09022370E-01 2020 12 29 00 50 02
-7.62504965E-01 2020 12 29 00 55 02
-7.65653673E-01 2020 12 29 01 00 03
-7.83530712E-01 2020 12 29 01 05 02
-7.85204025E-01 2020 12 29 01 10 02
-7.40761844E-01 2020 12 29 01 15 02
-7.44783050E-01 2020 12 29 01 20 02
-6.73732158E-01 2020 12 29 01 25 03
-6.57743791E-01 2020 12 29 01 30 02
-6.78621110E-01 2020 12 29 01 35 02
-6.27065714E-01 2020 12 29 01 40 02
-6.05024599E-01 2020 12 29 01 45 02
-6.00855591E-01 2020 12 29 01 50 02
-5.04216639E-01 2020 12 29 01 55 02
-5.02736701E-01 2020 12 29 02 00 02
-4.89041360E-01 2020 12 29 02 05 02
-4.76770870E-01 2020 12 29 02 10 02
-4.93647833E-01 2020 12 29 02 15 02
-4.88824388E-01 2020 12 29 02 20 02
-4.49690676E-01 2020 12 29 02 25 03
-4.46440516E-01 2020 12 29 02 30 02
-4.01681385E-01 2020 12 29 02 35 02
-3.58663619E-01 2020 12 29 02 40 02
-4.05329257E-01 2020 12 29 02 45 02
-3.42692425E-01 2020 12 29 02 50 03
-3.07882122E-01 2020 12 29 02 55 02
-3.16558038E-01 2020 12 29 03 00 02
-3.04430301E-01 2020 12 29 03 05 02
-3.17518474E-01 2020 12 29 03 10 02
-3.13585673E-01 2020 12 29 03 15 02
-2.74077640E-01 2020 12 29 03 20 02
-2.55035609E-01 2020 12 29 03 25 02
-2.47777930E-01 2020 12 29 03 30 02
-2.19382107E-01 2020 12 29 03 35 02
-2.17661552E-01 2020 12 29 03 40 02
-1.73194574E-01 2020 12 29 03 45 02
-1.13220676E-01 2020 12 29 03 50 02
-9.01506433E-02 2020 12 29 03 55 02
-8.43178811E-02 2020 12 29 04 00 02
-9.27823697E-02 2020 12 29 04 05 02
-9.22995459E-02 2020 12 29 04 10 02
-7.84438923E-02 2020 12 29 04 15 03
-2.30364464E-02 2020 12 29 04 20 02
-1.84857387E-02 2020 12 29 04 25 02
+9.07594629E-02 2020 12 29 04 30 02
+1.06906910E-01 2020 12 29 04 35 02
+6.82745823E-02 2020 12 29 04 40 03
+5.46367773E-02 2020 12 29 04 45 02
+1.60264407E-02 2020 12 29 04 50 02
+1.25550814E-02 2020 12 29 04 55 02
-7.23372048E-03 2020 12 29 05 00 02
+8.37638348E-02 2020 12 29 05 05 02
+1.64446526E-01 2020 12 29 05 10 02
+2.45924993E-01 2020 12 29 05 15 02
+3.47838313E-01 2020 12 29 05 20 02
+2.85312673E-01 2020 12 29 05 25 02
+2.89332926E-01 2020 12 29 05 30 02
+3.49693519E-01 2020 12 29 05 35 02
+3.56780208E-01 2020 12 29 05 40 03
+2.52689760E-01 2020 12 29 05 45 02
+1.56884610E-01 2020 12 29 05 50 02
+7.80047220E-02 2020 12 29 05 55 02
+9.99719434E-03 2020 12 29 06 00 02
+2.10947790E-02 2020 12 29 06 05 03
+2.14406053E-02 2020 12 29 06 10 02
+6.67205916E-02 2020 12 29 06 15 02
+1.55180708E-01 2020 12 29 06 20 02
+1.29986289E-01 2020 12 29 06 25 02
+9.66462692E-02 2020 12 29 06 30 02
+1.08878114E-01 2020 12 29 06 35 02
+1.34868779E-01 2020 12 29 06 40 02
+9.85456482E-02 2020 12 29 06 45 02
+4.65367277E-02 2020 12 29 06 50 02
-1.13571937E-02 2020 12 29 06 55 02
+6.47218019E-02 2020 12 29 07 00 02
+9.76193333E-02 2020 12 29 07 05 02
+2.94574492E-02 2020 12 29 07 10 02
-2.92150194E-02 2020 12 29 07 15 02
-1.53283257E-02 2020 12 29 07 20 02
+4.50259668E-02 2020 12 29 07 25 02
-6.94041028E-02 2020 12 29 07 30 03
-4.03915239E-02 2020 12 29 07 35 02
-1.75248009E-01 2020 12 29 07 40 02
-1.54962979E-01 2020 12 29 07 45 02
-2.10691074E-02 2020 12 29 07 50 02
-6.90066916E-02 2020 12 29 07 55 03
-1.48070513E-01 2020 12 29 08 00 02
-9.42028420E-02 2020 12 29 08 05 02
-2.34964699E-01 2020 12 29 08 10 02
-1.83108304E-01 2020 12 29 08 15 02
-3.32128019E-01 2020 12 29 08 20 02
-2.96469818E-01 2020 12 29 08 25 02
-3.47856268E-01 2020 12 29 08 30 02
-3.64988871E-01 2020 12 29 08 35 02
-3.64654580E-01 2020 12 29 08 40 02
-4.13609875E-01 2020 12 29 08 45 02
-4.14737078E-01 2020 12 29 08 50 02
-4.03908801E-01 2020 12 29 08 55 02
-4.52243546E-01 2020 12 29 09 00 02
-5.37611108E-01 2020 12 29 09 05 02
-5.60707982E-01 2020 12 29 09 10 02
-5.80572396E-01 2020 12 29 09 15 02
-5.98112668E-01 2020 12 29 09 20 03
-6.26607915E-01 2020 12 29 09 25 02
-6.18913174E-01 2020 12 29 09 30 02
-5.45541084E-01 2020 12 29 09 35 02
-6.19098406E-01 2020 12 29 09 40 02
-5.76197490E-01 2020 12 29 09 45 02
-5.54250723E-01 2020 12 29 09 50 02
-7.01602688E-01 2020 12 29 09 55 02
-6.96264682E-01 2020 12 29 10 00 02
-7.01600274E-01 2020 12 29 10 05 02
-6.84823564E-01 2020 12 29 10 10 02
-7.19689438E-01 2020 12 29 10 15 02
-7.30034560E-01 2020 12 29 10 20 02
-7.50187267E-01 2020 12 29 10 25 02
-7.52146261E-01 2020 12 29 10 30 02
-8.20455195E-01 2020 12 29 10 35 02
-8.65102650E-01 2020 12 29 10 40 02
-8.02644783E-01 2020 12 29 10 45 03
-6.73763003E-01 2020 12 29 10 50 02
-7.29150056E-01 2020 12 29 10 55 02
-8.33928981E-01 2020 12 29 11 00 02
-8.14027445E-01 2020 12 29 11 05 02
-8.41426464E-01 2020 12 29 11 10 03
-7.48403545E-01 2020 12 29 11 15 02
-8.08045481E-01 2020 12 29 11 20 02
-7.56103028E-01 2020 12 29 11 25 02
-8.03350289E-01 2020 12 29 11 30 02
-7.80072482E-01 2020 12 29 11 35 02
-7.38159819E-01 2020 12 29 11 40 02
-7.96148727E-01 2020 12 29 11 45 02
-7.36998129E-01 2020 12 29 11 50 02
-7.78961204E-01 2020 12 29 11 55 02
-6.65889218E-01 2020 12 29 12 00 02
-6.39257183E-01 2020 12 29 12 05 02
-6.23303299E-01 2020 12 29 12 10 03
-6.02920972E-01 2020 12 29 12 15 02
-8.99675571E-01 2020 12 29 12 20 02
-7.35222803E-01 2020 12 29 12 25 02
-7.97815053E-01 2020 12 29 12 30 02
-6.82128836E-01 2020 12 29 12 35 02
-7.38455845E-01 2020 12 29 12 40 02
-7.57320517E-01 2020 12 29 12 45 02
-6.66803648E-01 2020 12 29 12 50 02
-8.09027934E-01 2020 12 29 12 55 02
-6.12090778E-01 2020 12 29 13 00 02
-7.70518942E-01 2020 12 29 13 05 02
-7.04165816E-01 2020 12 29 13 10 02
-7.53668836E-01 2020 12 29 13 15 02
-6.95139802E-01 2020 12 29 13 20 02
-6.72920848E-01 2020 12 29 13 25 02
-8.15573052E-01 2020 12 29 13 30 02
-7.99769964E-01 2020 12 29 13 35 03
-7.92158258E-01 2020 12 29 13 40 02
-7.08130220E-01 2020 12 29 13 45 02
-6.67355647E-01 2020 12 29 13 50 02
-7.06540329E-01 2020 12 29 13 55 02
-6.50229306E-01 2020 12 29 14 00 03
-7.62814232E-01 2020 12 29 14 05 02
-5.95226080E-01 2020 12 29 14 10 02
-6.51916861E-01 2020 12 29 14 15 02
-5.48105266E-01 2020 12 29 14 20 02
-5.97197444E-01 2020 12 29 14 25 03
-6.07187066E-01 2020 12 29 14 30 02
-5.41810554E-01 2020 12 29 14 35 02
-4.94190712E-01 2020 12 29 14 40 02
-5.78755846E-01 2020 12 29 14 45 02
-7.79784311E-01 2020 12 29 14 50 02
-6.10355977E-01 2020 12 29 14 55 02
-5.63543955E-01 2020 12 29 15 00 02
-5.62441459E-01 2020 12 29 15 05 02
-5.33589386E-01 2020 12 29 15 10 02
-6.10681970E-01 2020 12 29 15 15 02
-5.56189062E-01 2020 12 29 15 20 02
-5.79519843E-01 2020 12 29 15 25 02
-3.91063339E-01 2020 12 29 15 30 02
-5.00186134E-01 2020 12 29 15 35 02
-5.36215882E-01 2020 12 29 15 40 02
-4.69613366E-01 2020 12 29 15 45 02
-5.30760977E-01 2020 12 29 15 50 02
-4.71689195E-01 2020 12 29 15 55 02
-4.83910476E-01 2020 12 29 16 00 02
-3.30326340E-01 2020 12 29 16 05 02
-4.57887479E-01 2020 12 29 16 10 02
-4.04318163E-01 2020 12 29 16 15 03
-4.10418296E-01 2020 12 29 16 20 02
-5.11869805E-01 2020 12 29 16 25 02
-4.80319839E-01 2020 12 29 16 30 02
-4.34787827E-01 2020 12 29 16 35 02
-4.80712450E-01 2020 12 29 16 40 02
-4.63844844E-01 2020 12 29 16 45 02
-5.27492620E-01 2020 12 29 16 50 02
-4.88301057E-01 2020 12 29 16 55 02
-4.78133787E-01 2020 12 29 17 00 02
-4.87622199E-01 2020 12 29 17 05 02
-4.92394723E-01 2020 12 29 17 10 02
-4.52218353E-01 2020 12 29 17 15 03
-5.01351448E-01 2020 12 29 17 20 02
-4.88492878E-01 2020 12 29 17 25 02
-4.66261634E-01 2020 12 29 17 30 02
-4.35415851E-01 2020 12 29 17 35 02
-4.85877694E-01 2020 12 29 17 40 03
-4.13478230E-01 2020 12 29 17 45 02
-4.04026074E-01 2020 12 29 17 50 02
-4.29049539E-01 2020 12 29 17 55 02
-4.32355103E-01 2020 12 29 18 00 02
-4.63740323E-01 2020 12 29 18 05 02
-4.39228148E-01 2020 12 29 18 10 02
-3.88880755E-01 2020 12 29 18 15 02
-4.29165356E-01 2020 12 29 18 20 02
-3.14623336E-01 2020 12 29 18 25 02
-4.35816386E-01 2020 12 29 18 30 02
-4.09285857E-01 2020 12 29 18 35 02
-4.08220496E-01 2020 12 29 18 40 02
-3.58772970E-01 2020 12 29 18 45 02
-4.36777792E-01 2020 12 29 18 50 02
-4.27597078E-01 2020 12 29 18 55 02
-4.05110661E-01 2020 12 29 19 00 02
-4.55189547E-01 2020 12 29 19 05 03
-4.76920704E-01 2020 12 29 19 10 02
-4.58156928E-01 2020 12 29 19 15 02
-5.61922519E-01 2020 12 29 19 20 02
-5.35193562E-01 2020 12 29 19 25 02
-4.98979672E-01 2020 12 29 19 30 02
-4.61595157E-01 2020 12 29 19 35 02
-5.48059644E-01 2020 12 29 19 40 02
-5.52348890E-01 2020 12 29 19 45 02
-5.11195324E-01 2020 12 29 19 50 02
-5.55301746E-01 2020 12 29 19 55 02
-5.77826570E-01 2020 12 29 20 00 02
-6.26319116E-01 2020 12 29 20 05 02
-6.08333909E-01 2020 12 29 20 10 02
-6.86349514E-01 2020 12 29 20 15 02
-7.31978021E-01 2020 12 29 20 20 02
-7.21050653E-01 2020 12 29 20 25 02
-6.77628244E-01 2020 12 29 20 30 02
-7.90700353E-01 2020 12 29 20 35 02
-6.32342711E-01 2020 12 29 20 40 02
-8.00279799E-01 2020 12 29 20 45 02
-7.44005815E-01 2020 12 29 20 50 02
-7.32136570E-01 2020 12 29 20 55 03
-7.41056466E-01 2020 12 29 21 00 02
-7.68519915E-01 2020 12 29 21 05 02
-8.69838476E-01 2020 12 29 21 10 02
-8.10829706E-01 2020 12 29 21 15 02
-7.42725321E-01 2020 12 29 21 20 02
-8.47454532E-01 2020 12 29 21 25 02
-8.06567190E-01 2020 12 29 21 30 02
-8.29661272E-01 2020 12 29 21 35 02
-8.18113935E-01 2020 12 29 21 40 02
-9.74080027E-01 2020 12 29 21 45 02
-9.49991669E-01 2020 12 29 21 50 02
-9.40139896E-01 2020 12 29 21 55 02
-9.20165451E-01 2020 12 29 22 00 02
-9.50844817E-01 2020 12 29 22 05 02
-1.00744309E+00 2020 12 29 22 10 02
-8.95325423E-01 2020 12 29 22 15 02
-9.81852166E-01 2020 12 29 22 20 03
-9.17599450E-01 2020 12 29 22 25 02
-9.27699473E-01 2020 12 29 22 30 02
-9.52684777E-01 2020 12 29 22 35 02
-9.81794437E-01 2020 12 29 22 40 02
-1.03691307E+00 2020 12 29 22 45 03
-1.03672386E+00 2020 12 29 22 50 02
-1.07839946E+00 2020 12 29 22 55 02
-1.07819863E+00 2020 12 29 23 00 02
-1.01905816E+00 2020 12 29 23 05 02
-8.70442527E-01 2020 12 29 23 10 02
-1.11966857E+00 2020 12 29 23 15 02
-1.08179347E+00 2020 12 29 23 20 02
-1.12222798E+00 2020 12 29 23 25 02
-1.14122991E+00 2020 12 29 23 30 02
-1.11116790E+00 2020 12 29 23 35 02
-1.08659726E+00 2020 12 29 23 40 02
-1.06504234E+00 2020 12 29 23 45 03
-1.01277489E+00 2020 12 29 23 50 02
-1.03812891E+00 2020 12 29 23 55 02
