-1.09346593E+00 2020 12 30 00 00 02
-1.09123282E+00 2020 12 30 00 05 02
-1.02436545E+00 2020 12 30 00 10 02
-9.42045187E-01 2020 12 30 00 15 02
-7.52848412E-01 2020 12 30 00 20 02
-7.96276383E-01 2020 12 30 00 25 02
-8.49117521E-01 2020 12 30 00 30 02
-9.16996725E-01 2020 12 30 00 35 02
-1.03920500E+00 2020 12 30 00 40 02
-1.03336696E+00 2020 12 30 00 45 02
-1.08511008E+00 2020 12 30 00 50 02
-1.05037074E+00 2020 12 30 00 55 03
-1.02812218E+00 2020 12 30 01 00 02
-9.61789406E-01 2020 12 30 01 05 02
-9.31536071E-01 2020 12 30 01 10 02
-8.30200541E-01 2020 12 30 01 15 02
-8.80653784E-01 2020 12 30 01 20 03
-8.64455308E-01 2020 12 30 01 25 02
-8.24854935E-01 2020 12 30 01 30 02
-9.03038742E-01 2020 12 30 01 35 02
-8.73758954E-01 2020 12 30 01 40 02
-7.15384719E-01 2020 12 30 01 45 03
-6.85231213E-01 2020 12 30 01 50 02
-6.47050794E-01 2020 12 30 01 55 02
-6.23950959E-01 2020 12 30 02 00 02
-6.73012475E-01 2020 12 30 02 05 02
-6.62552449E-01 2020 12 30 02 10 02
-6.82426493E-01 2020 12 30 02 15 02
-7.02520442E-01 2020 12 30 02 20 02
-7.00135375E-01 2020 12 30 02 25 02
-6.65999245E-01 2020 12 30 02 30 02
-6.60750183E-01 2020 12 30 02 35 02
-5.82146583E-01 2020 12 30 02 40 02
-5.15642579E-01 2020 12 30 02 45 03
-4.42179664E-01 2020 12 30 02 50 02
-5.13925668E-01 2020 12 30 02 55 02
-4.17904002E-01 2020 12 30 03 00 02
-3.08720890E-01 2020 12 30 03 05 02
-3.52794972E-01 2020 12 30 03 10 03
-3.74638767E-01 2020 12 30 03 15 02
-4.06477005E-01 2020 12 30 03 20 02
-3.73107071E-01 2020 12 30 03 25 02
-3.11853129E-01 2020 12 30 03 30 02
-3.25072397E-01 2020 12 30 03 35 02
-1.90563733E-01 2020 12 30 03 40 02
-1.18349185E-01 2020 12 30 03 45 02
-1.34099282E-01 2020 12 30 03 50 02
-1.11729662E-01 2020 12 30 03 55 02
-1.48205369E-01 2020 12 30 04 00 02
-4.98208409E-02 2020 12 30 04 05 02
-1.13753150E-01 2020 12 30 04 10 03
-5.08175488E-02 2020 12 30 04 15 02
-2.60668724E-03 2020 12 30 04 20 02
-5.98155138E-03 2020 12 30 04 25 02
+1.16426608E-01 2020 12 30 04 30 02
+1.66134762E-01 2020 12 30 04 35 02
+1.52878660E-01 2020 12 30 04 40 02
+1.84019777E-01 2020 12 30 04 45 02
+1.02376437E-01 2020 12 30 04 50 02
+3.71873563E-02 2020 12 30 04 55 02
+1.56880381E-01 2020 12 30 05 00 02
+3.18234714E-01 2020 12 30 05 05 02
+2.92095134E-01 2020 12 30 05 10 02
+3.08025787E-01 2020 12 30 05 15 02
+3.51105320E-01 2020 12 30 05 20 02
+3.56239243E-01 2020 12 30 05 25 02
+3.08127371E-01 2020 12 30 05 30 02
+2.79642444E-01 2020 12 30 05 35 03
+2.18847170E-01 2020 12 30 05 40 02
+3.06173720E-01 2020 12 30 05 45 02
+3.05795678E-01 2020 12 30 05 50 02
+3.07449592E-01 2020 12 30 05 55 02
+2.61033302E-01 2020 12 30 06 00 03
+1.91982621E-01 2020 12 30 06 05 02
+3.32543404E-01 2020 12 30 06 10 02
+2.62040554E-01 2020 12 30 06 15 02
+4.44148303E-01 2020 12 30 06 20 02
+4.48079452E-01 2020 12 30 06 25 02
+3.43212287E-01 2020 12 30 06 30 02
+3.95608300E-01 2020 12 30 06 35 02
+2.99641751E-01 2020 12 30 06 40 02
+3.66761682E-01 2020 12 30 06 45 02
+2.77499932E-01 2020 12 30 06 50 02
+3.04712816E-01 2020 12 30 06 55 02
+3.62357012E-01 2020 12 30 07 00 03
+3.17458838E-01 2020 12 30 07 05 02
+3.25274322E-01 2020 12 30 07 10 02
+4.50636217E-01 2020 12 30 07 15 02
+3.40015773E-01 2020 12 30 07 20 02
+2.84042255E-01 2020 12 30 07 25 03
+2.49857540E-01 2020 12 30 07 30 02
+2.48946829E-01 2020 12 30 07 35 02
+3.14710445E-01 2020 12 30 07 40 02
+3.56826657E-01 2020 12 30 07 45 02
+2.80463604E-01 2020 12 30 07 50 03
+3.50034227E-01 2020 12 30 07 55 02
+3.22775585E-01 2020 12 30 08 00 02
+2.22269436E-01 2020 12 30 08 05 02
+2.77661770E-01 2020 12 30 08 10 02
+3.01421879E-01 2020 12 30 08 15 03
+1.10416213E-01 2020 12 30 08 20 02
+1.16814089E-01 2020 12 30 08 25 02
+2.36695609E-01 2020 12 30 08 30 02
+1.71794121E-01 2020 12 30 08 35 02
+1.68509968E-01 2020 12 30 08 40 02
+7.40620247E-02 2020 12 30 08 45 02
+5.60825790E-02 2020 12 30 08 50 02
-8.84935286E-02 2020 12 30 08 55 02
-3.68300370E-02 2020 12 30 09 00 02
-9.73342290E-02 2020 12 30 09 05 02
-2.72661811E-01 2020 12 30 09 10 02
-1.49089754E-01 2020 12 30 09 15 03
-1.77642239E-01 2020 12 30 09 20 02
-1.61746634E-01 2020 12 30 09 25 02
-1.14831900E-01 2020 12 30 09 30 02
-2.04946846E-01 2020 12 30 09 35 02
-2.90004638E-01 2020 12 30 09 40 02
-3.21388327E-01 2020 12 30 09 45 02
-3.48153328E-01 2020 12 30 09 50 02
-3.67284121E-01 2020 12 30 09 55 02
-3.92963665E-01 2020 12 30 10 00 02
-2.84816903E-01 2020 12 30 10 05 02
-4.26608846E-01 2020 12 30 10 10 02
-3.78797152E-01 2020 12 30 10 15 02
-5.79896327E-01 2020 12 30 10 20 02
-4.90114202E-01 2020 12 30 10 25 02
-4.83688119E-01 2020 12 30 10 30 02
-6.42404471E-01 2020 12 30 10 35 02
-5.72309264E-01 2020 12 30 10 40 03
-5.87636999E-01 2020 12 30 10 45 02
-5.77509003E-01 2020 12 30 10 50 02
-5.60288032E-01 2020 12 30 10 55 02
-5.77280602E-01 2020 12 30 11 00 02
-5.80869346E-01 2020 12 30 11 05 03
-7.24462187E-01 2020 12 30 11 10 02
-6.40723226E-01 2020 12 30 11 15 02
-6.36621287E-01 2020 12 30 11 20 02
-5.57281080E-01 2020 12 30 11 25 02
-5.54246869E-01 2020 12 30 11 30 02
-5.35305516E-01 2020 12 30 11 35 02
-5.07887930E-01 2020 12 30 11 40 02
-5.12765177E-01 2020 12 30 11 45 02
-4.86683838E-01 2020 12 30 11 50 02
-4.65468313E-01 2020 12 30 11 55 02
-4.25089655E-01 2020 12 30 12 00 02
-4.24883190E-01 2020 12 30 12 05 03
-4.88846565E-01 2020 12 30 12 10 02
-4.22554175E-01 2020 12 30 12 15 02
-5.44234723E-01 2020 12 30 12 20 02
-4.87030979E-01 2020 12 30 12 25 02
-5.07130527E-01 2020 12 30 12 30 03
-5.01870852E-01 2020 12 30 12 35 02
-6.01949614E-01 2020 12 30 12 40 02
-6.06870381E-01 2020 12 30 12 45 02
-5.52771489E-01 2020 12 30 12 50 02
-6.95413440E-01 2020 12 30 12 55 02
-6.95660455E-01 2020 12 30 13 00 02
-7.33028018E-01 2020 12 30 13 05 02
-6.28277231E-01 2020 12 30 13 10 02
-7.70204766E-01 2020 12 30 13 15 02
-8.28046897E-01 2020 12 30 13 20 02
-8.35393249E-01 2020 12 30 13 25 02
-8.77492499E-01 2020 12 30 13 30 02
-7.97313032E-01 2020 12 30 13 35 02
-8.71271890E-01 2020 12 30 13 40 02
-8.06402028E-01 2020 12 30 13 45 02
-7.56845226E-01 2020 12 30 13 50 02
-8.49501843E-01 2020 12 30 13 55 03
-7.28448190E-01 2020 12 30 14 00 02
-9.12113619E-01 2020 12 30 14 05 02
-8.67923460E-01 2020 12 30 14 10 02
-9.72029245E-01 2020 12 30 14 15 02
-8.33884621E-01 2020 12 30 14 20 03
-8.75551164E-01 2020 12 30 14 25 02
-8.59513462E-01 2020 12 30 14 30 02
-8.06417985E-01 2020 12 30 14 35 02
-8.32939075E-01 2020 12 30 14 40 02
-8.24187007E-01 2020 12 30 14 45 02
-7.17975096E-01 2020 12 30 14 50 02
-6.51872159E-01 2020 12 30 14 55 02
-6.24791080E-01 2020 12 30 15 00 02
-5.96780230E-01 2020 12 30 15 05 02
-5.92968495E-01 2020 12 30 15 10 02
-6.31483776E-01 2020 12 30 15 15 02
-5.03472155E-01 2020 12 30 15 20 03
-5.47689582E-01 2020 12 30 15 25 02
-5.78174642E-01 2020 12 30 15 30 02
-5.97940092E-01 2020 12 30 15 35 02
-5.03577457E-01 2020 12 30 15 40 02
-5.26770124E-01 2020 12 30 15 45 02
-5.20484129E-01 2020 12 30 15 50 02
-5.22821703E-01 2020 12 30 15 55 02
-5.98381008E-01 2020 12 30 16 00 02
-4.81138342E-01 2020 12 30 16 05 02
-5.44283534E-01 2020 12 30 16 10 02
-4.41310348E-01 2020 12 30 16 15 02
-3.58432642E-01 2020 12 30 16 20 03
-3.72723946E-01 2020 12 30 16 25 02
-3.70227964E-01 2020 12 30 16 30 02
-2.85878603E-01 2020 12 30 16 35 02
-3.73373139E-01 2020 12 30 16 40 02
-3.97935498E-01 2020 12 30 16 45 02
-3.97745853E-01 2020 12 30 16 50 02
-3.94048772E-01 2020 12 30 16 55 02
-5.16664175E-01 2020 12 30 17 00 02
-4.51324261E-01 2020 12 30 17 05 02
-4.05943911E-01 2020 12 30 17 10 02
-3.42294409E-01 2020 12 30 17 15 02
-3.36383562E-01 2020 12 30 17 20 03
-2.75902519E-01 2020 12 30 17 25 02
-2.83581726E-01 2020 12 30 17 30 02
-2.90811266E-01 2020 12 30 17 35 02
-2.99693561E-01 2020 12 30 17 40 02
-2.93489822E-01 2020 12 30 17 45 03
-3.23777721E-01 2020 12 30 17 50 02
-3.22594025E-01 2020 12 30 17 55 02
-2.59964364E-01 2020 12 30 18 00 02
-1.23137200E-01 2020 12 30 18 05 02
-3.16600083E-01 2020 12 30 18 10 02
-2.20443113E-01 2020 12 30 18 15 02
-2.02163689E-01 2020 12 30 18 20 03
-2.62688274E-01 2020 12 30 18 25 02
-3.64775134E-01 2020 12 30 18 30 02
-3.06171965E-01 2020 12 30 18 35 02
-3.74707792E-01 2020 12 30 18 40 02
-4.68627539E-01 2020 12 30 18 45 03
-4.29919766E-01 2020 12 30 18 50 02
-4.89209077E-01 2020 12 30 18 55 02
-3.86803010E-01 2020 12 30 19 00 02
-2.04094449E-01 2020 12 30 19 05 02
-1.19891165E-01 2020 12 30 19 10 02
-6.34627101E-02 2020 12 30 19 15 02
-5.57074054E-02 2020 12 30 19 20 02
-1.07198615E-01 2020 12 30 19 25 02
-9.86506421E-02 2020 12 30 19 30 02
-1.30539619E-01 2020 12 30 19 35 02
-1.79486694E-01 2020 12 30 19 40 02
-2.24199236E-01 2020 12 30 19 45 02
-2.55423071E-01 2020 12 30 19 50 02
-2.04120117E-01 2020 12 30 19 55 02
-2.36249356E-01 2020 12 30 20 00 02
-2.50448981E-01 2020 12 30 20 05 02
-2.87817272E-01 2020 12 30 20 10 03
-3.14097649E-01 2020 12 30 20 15 02
-3.21671775E-01 2020 12 30 20 20 02
-3.17786300E-01 2020 12 30 20 25 02
-2.71167263E-01 2020 12 30 20 30 02
-4.24939256E-01 2020 12 30 20 35 02
-3.92728165E-01 2020 12 30 20 40 02
-3.91043847E-01 2020 12 30 20 45 02
-3.94981304E-01 2020 12 30 20 50 02
-5.35708621E-01 2020 12 30 20 55 02
-5.90284319E-01 2020 12 30 21 00 02
-6.70258614E-01 2020 12 30 21 05 02
-7.26072088E-01 2020 12 30 21 10 02
-7.21863098E-01 2020 12 30 21 15 02
-7.01324906E-01 2020 12 30 21 20 02
-8.34324660E-01 2020 12 30 21 25 02
-6.58019523E-01 2020 12 30 21 30 02
-5.69834904E-01 2020 12 30 21 35 03
-6.26142091E-01 2020 12 30 21 40 02
-5.81367778E-01 2020 12 30 21 45 02
-5.33448546E-01 2020 12 30 21 50 02
-5.90196454E-01 2020 12 30 21 55 02
-6.29173318E-01 2020 12 30 22 00 03
-6.66634472E-01 2020 12 30 22 05 02
-6.31653772E-01 2020 12 30 22 10 02
-6.04305172E-01 2020 12 30 22 15 02
-6.62612650E-01 2020 12 30 22 20 02
-6.65971813E-01 2020 12 30 22 25 02
-7.97373155E-01 2020 12 30 22 30 02
-7.79845206E-01 2020 12 30 22 35 02
-7.81710397E-01 2020 12 30 22 40 02
-8.30374621E-01 2020 12 30 22 45 02
-8.36292912E-01 2020 12 30 22 50 02
-8.62812371E-01 2020 12 30 22 55 02
-9.13045289E-01 2020 12 30 23 00 02
-9.04490351E-01 2020 12 30 23 05 02
-8.93234603E-01 2020 12 30 23 10 02
-9.58922910E-01 2020 12 30 23 15 02
-9.39818175E-01 2020 12 30 23 20 02
-9.09412819E-01 2020 12 30 23 25 03
-8.39703533E-01 2020 12 30 23 30 02
-8.30071182E-01 2020 12 30 23 35 02
-7.77191982E-01 2020 12 30 23 40 02
-7.84788276E-01 2020 12 30 23 45 02
-8.20163909E-01 2020 12 30 23 50 03
-8.27934032E-01 2020 12 30 23 55 02
