-4.72783354E-01 2020 12 23 00 00 02
-5.24899618E-01 2020 12 23 00 05 02
-4.67013542E-01 2020 12 23 00 10 03
-4.43678816E-01 2020 12 23 00 15 02
-2.26684292E-01 2020 12 23 00 20 02
-1.88825957E-01 2020 12 23 00 25 02
-2.02426736E-02 2020 12 23 00 30 02
-6.04697640E-02 2020 12 23 00 35 03
-8.24117140E-02 2020 12 23 00 40 02
-8.90596307E-02 2020 12 23 00 45 02
-2.57265025E-01 2020 12 23 00 50 02
-2.31304968E-01 2020 12 23 00 55 02
-1.45117005E-01 2020 12 23 01 00 02
+6.32442758E-02 2020 12 23 01 05 02
-1.42178406E-01 2020 12 23 01 10 02
-2.77663820E-01 2020 12 23 01 15 02
-3.60362249E-01 2020 12 23 01 20 02
-2.80364639E-01 2020 12 23 01 25 02
-3.37608571E-01 2020 12 23 01 30 02
-2.86066513E-01 2020 12 23 01 35 02
-3.92048399E-01 2020 12 23 01 40 02
-4.74301487E-01 2020 12 23 01 45 02
-3.99287286E-01 2020 12 23 01 50 02
-4.23656852E-01 2020 12 23 01 55 02
-4.09338097E-01 2020 12 23 02 00 02
-3.72060507E-01 2020 12 23 02 05 02
-4.21394645E-01 2020 12 23 02 10 02
-3.86193424E-01 2020 12 23 02 15 02
-3.86973192E-01 2020 12 23 02 20 02
-4.37602518E-01 2020 12 23 02 25 02
-3.90637716E-01 2020 12 23 02 30 02
-4.57738041E-01 2020 12 23 02 35 02
-4.09150228E-01 2020 12 23 02 40 02
-3.85139784E-01 2020 12 23 02 45 02
-4.05625276E-01 2020 12 23 02 50 03
-3.79956223E-01 2020 12 23 02 55 02
-3.30307003E-01 2020 12 23 03 00 02
-4.09031312E-01 2020 12 23 03 05 02
-3.69344335E-01 2020 12 23 03 10 02
-4.10763261E-01 2020 12 23 03 15 03
-3.94284835E-01 2020 12 23 03 20 02
-4.18254547E-01 2020 12 23 03 25 02
-4.65666607E-01 2020 12 23 03 30 02
-4.02176178E-01 2020 12 23 03 35 02
-3.30191454E-01 2020 12 23 03 40 02
-3.99002338E-01 2020 12 23 03 45 02
-4.22081410E-01 2020 12 23 03 50 02
-4.26823227E-01 2020 12 23 03 55 02
-4.58895032E-01 2020 12 23 04 00 02
-4.86387788E-01 2020 12 23 04 05 02
-5.32499302E-01 2020 12 23 04 10 02
-5.43456893E-01 2020 12 23 04 15 02
-5.63600766E-01 2020 12 23 04 20 02
-5.83412114E-01 2020 12 23 04 25 02
-5.95493053E-01 2020 12 23 04 30 02
-5.79525063E-01 2020 12 23 04 35 02
-5.85374234E-01 2020 12 23 04 40 03
-4.89248882E-01 2020 12 23 04 45 02
-3.91149845E-01 2020 12 23 04 50 02
-3.63514224E-01 2020 12 23 04 55 02
-3.53097386E-01 2020 12 23 05 00 02
-3.52473451E-01 2020 12 23 05 05 03
-3.47131992E-01 2020 12 23 05 10 02
-3.98093659E-01 2020 12 23 05 15 02
-4.01645928E-01 2020 12 23 05 20 02
-4.73546268E-01 2020 12 23 05 25 02
-4.99832914E-01 2020 12 23 05 30 02
-5.83103658E-01 2020 12 23 05 35 02
-6.49644829E-01 2020 12 23 05 40 02
-6.85873789E-01 2020 12 23 05 45 02
-6.73609929E-01 2020 12 23 05 50 02
-8.67162863E-01 2020 12 23 05 55 02
-7.96812417E-01 2020 12 23 06 00 02
-8.85504054E-01 2020 12 23 06 05 02
-8.42209133E-01 2020 12 23 06 10 02
-7.56870370E-01 2020 12 23 06 15 02
-7.52187259E-01 2020 12 23 06 20 02
-7.41056186E-01 2020 12 23 06 25 02
-7.60017192E-01 2020 12 23 06 30 03
-7.14116094E-01 2020 12 23 06 35 02
-7.00373362E-01 2020 12 23 06 40 02
-7.18672547E-01 2020 12 23 06 45 02
-7.53109532E-01 2020 12 23 06 50 02
-6.82983459E-01 2020 12 23 06 55 03
-7.15706130E-01 2020 12 23 07 00 02
-5.83075167E-01 2020 12 23 07 05 02
-5.48518370E-01 2020 12 23 07 10 02
-5.34777259E-01 2020 12 23 07 15 02
-5.98049887E-01 2020 12 23 07 20 03
-6.21306491E-01 2020 12 23 07 25 02
-6.32515922E-01 2020 12 23 07 30 02
-6.87706186E-01 2020 12 23 07 35 02
-7.60762541E-01 2020 12 23 07 40 02
-6.85056592E-01 2020 12 23 07 45 02
-6.85840505E-01 2020 12 23 07 50 02
-6.46836579E-01 2020 12 23 07 55 02
-6.81501601E-01 2020 12 23 08 00 02
-7.06803033E-01 2020 12 23 08 05 02
-6.60902478E-01 2020 12 23 08 10 02
-7.22303958E-01 2020 12 23 08 15 02
-5.86481668E-01 2020 12 23 08 20 02
-7.20691418E-01 2020 12 23 08 25 02
-7.89705200E-01 2020 12 23 08 30 02
-7.28429116E-01 2020 12 23 08 35 02
-7.67298835E-01 2020 12 23 08 40 02
-8.10725612E-01 2020 12 23 08 45 02
-7.91526039E-01 2020 12 23 08 50 02
-7.90853792E-01 2020 12 23 08 55 02
-7.78858703E-01 2020 12 23 09 00 02
-6.88850937E-01 2020 12 23 09 05 02
-7.65160141E-01 2020 12 23 09 10 03
-6.84917705E-01 2020 12 23 09 15 02
-7.21871548E-01 2020 12 23 09 20 02
-7.59790042E-01 2020 12 23 09 25 02
-7.61848744E-01 2020 12 23 09 30 02
-7.78850990E-01 2020 12 23 09 35 03
-8.05762605E-01 2020 12 23 09 40 02
-7.55883943E-01 2020 12 23 09 45 02
-7.53249035E-01 2020 12 23 09 50 02
-6.32407584E-01 2020 12 23 09 55 02
-7.10316653E-01 2020 12 23 10 00 03
-7.32038115E-01 2020 12 23 10 05 02
-6.60014296E-01 2020 12 23 10 10 02
-7.58414018E-01 2020 12 23 10 15 02
-5.39086106E-01 2020 12 23 10 20 02
-5.40722041E-01 2020 12 23 10 25 02
-5.09414958E-01 2020 12 23 10 30 02
-5.36490009E-01 2020 12 23 10 35 02
-5.34792375E-01 2020 12 23 10 40 02
-4.84507802E-01 2020 12 23 10 45 02
-4.11144210E-01 2020 12 23 10 50 02
-5.56217025E-01 2020 12 23 10 55 02
-5.63030048E-01 2020 12 23 11 00 02
-5.74733949E-01 2020 12 23 11 05 02
-5.75977578E-01 2020 12 23 11 10 02
-4.72514228E-01 2020 12 23 11 15 02
-3.91952262E-01 2020 12 23 11 20 02
-4.25123988E-01 2020 12 23 11 25 02
-4.78666691E-01 2020 12 23 11 30 02
-4.12410948E-01 2020 12 23 11 35 02
-5.08448033E-01 2020 12 23 11 40 02
-4.00587700E-01 2020 12 23 11 45 02
-2.42880619E-01 2020 12 23 11 50 03
-3.13060224E-01 2020 12 23 11 55 02
-3.49602880E-01 2020 12 23 12 00 02
-2.71796904E-01 2020 12 23 12 05 02
-2.90052030E-01 2020 12 23 12 10 02
-3.04309322E-01 2020 12 23 12 15 03
-2.39763990E-01 2020 12 23 12 20 02
-2.39511400E-01 2020 12 23 12 25 02
-2.00740465E-01 2020 12 23 12 30 02
-9.08936069E-02 2020 12 23 12 35 02
-7.47935008E-02 2020 12 23 12 40 02
-8.76452670E-02 2020 12 23 12 45 02
-3.79544456E-02 2020 12 23 12 50 02
-1.64519494E-01 2020 12 23 12 55 02
-1.21974057E-01 2020 12 23 13 00 02
-1.54679419E-01 2020 12 23 13 05 02
+6.39940845E-02 2020 12 23 13 10 02
+1.27189804E-02 2020 12 23 13 15 02
+3.13489008E-04 2020 12 23 13 20 02
-5.08207398E-02 2020 12 23 13 25 02
-1.05301862E-01 2020 12 23 13 30 02
-8.19232422E-02 2020 12 23 13 35 02
-4.70997254E-02 2020 12 23 13 40 03
-1.63937610E-01 2020 12 23 13 45 02
-1.54287632E-01 2020 12 23 13 50 02
-1.02514679E-01 2020 12 23 13 55 02
-1.33395547E-01 2020 12 23 14 00 02
-2.07007585E-01 2020 12 23 14 05 03
-1.84284642E-01 2020 12 23 14 10 02
-1.89034082E-01 2020 12 23 14 15 02
-2.04621399E-01 2020 12 23 14 20 02
-1.50146086E-01 2020 12 23 14 25 02
-2.03395564E-01 2020 12 23 14 30 02
-1.09477912E-01 2020 12 23 14 35 02
-3.21148521E-01 2020 12 23 14 40 02
-3.70235287E-01 2020 12 23 14 45 02
-4.19379143E-01 2020 12 23 14 50 02
-3.89133869E-01 2020 12 23 14 55 02
-3.39160090E-01 2020 12 23 15 00 02
-2.74445426E-01 2020 12 23 15 05 02
-2.80688187E-01 2020 12 23 15 10 02
-3.43931657E-01 2020 12 23 15 15 02
-3.15304253E-01 2020 12 23 15 20 02
-4.45844402E-01 2020 12 23 15 25 02
-3.68640655E-01 2020 12 23 15 30 03
-4.27042154E-01 2020 12 23 15 35 02
-4.53518087E-01 2020 12 23 15 40 02
-3.87944602E-01 2020 12 23 15 45 02
-5.70098185E-01 2020 12 23 15 50 02
-5.26551055E-01 2020 12 23 15 55 03
-4.41840002E-01 2020 12 23 16 00 02
-4.34794708E-01 2020 12 23 16 05 02
-5.12057423E-01 2020 12 23 16 10 02
-5.13709110E-01 2020 12 23 16 15 02
-5.44800308E-01 2020 12 23 16 20 02
-6.58151882E-01 2020 12 23 16 25 02
-6.36904222E-01 2020 12 23 16 30 02
-6.01127078E-01 2020 12 23 16 35 02
-6.36429276E-01 2020 12 23 16 40 02
-5.82519572E-01 2020 12 23 16 45 02
-6.18064528E-01 2020 12 23 16 50 02
-5.81138901E-01 2020 12 23 16 55 02
-6.53273953E-01 2020 12 23 17 00 02
-5.75089169E-01 2020 12 23 17 05 02
-6.18261989E-01 2020 12 23 17 10 02
-6.41793186E-01 2020 12 23 17 15 02
-6.99295528E-01 2020 12 23 17 20 03
-7.22694436E-01 2020 12 23 17 25 02
-6.89050127E-01 2020 12 23 17 30 02
-7.16628822E-01 2020 12 23 17 35 02
-7.59440019E-01 2020 12 23 17 40 02
-7.56154925E-01 2020 12 23 17 45 03
-7.79933169E-01 2020 12 23 17 50 02
-8.51214172E-01 2020 12 23 17 55 02
-8.17252047E-01 2020 12 23 18 00 02
-7.94941276E-01 2020 12 23 18 05 02
-8.06413754E-01 2020 12 23 18 10 03
-9.00154624E-01 2020 12 23 18 15 02
-7.94169175E-01 2020 12 23 18 20 02
-8.02206856E-01 2020 12 23 18 25 02
-7.79135786E-01 2020 12 23 18 30 02
-7.35770598E-01 2020 12 23 18 35 02
-7.51793147E-01 2020 12 23 18 40 02
-7.74428794E-01 2020 12 23 18 45 02
-7.34002347E-01 2020 12 23 18 50 02
-7.75478573E-01 2020 12 23 18 55 02
-6.80179276E-01 2020 12 23 19 00 02
-5.00072232E-01 2020 12 23 19 07 46
-7.53336348E-01 2020 12 23 19 10 02
-6.64131345E-01 2020 12 23 19 15 02
-8.92609528E-01 2020 12 23 19 20 03
-8.83686151E-01 2020 12 23 19 25 02
-9.69417075E-01 2020 12 23 19 30 02
-9.94530329E-01 2020 12 23 19 35 02
-1.08980338E+00 2020 12 23 19 40 02
-1.05756649E+00 2020 12 23 19 45 03
-1.08974660E+00 2020 12 23 19 50 02
-1.09833800E+00 2020 12 23 19 55 02
-1.10491935E+00 2020 12 23 20 00 02
-1.08765521E+00 2020 12 23 20 05 02
-9.92759421E-01 2020 12 23 20 10 03
-9.15146876E-01 2020 12 23 20 15 02
-9.61682739E-01 2020 12 23 20 20 02
-8.05598846E-01 2020 12 23 20 25 02
-8.56162771E-01 2020 12 23 20 30 02
-8.03827135E-01 2020 12 23 20 35 02
-7.31171921E-01 2020 12 23 20 40 02
-8.24446051E-01 2020 12 23 20 45 02
-7.21269660E-01 2020 12 23 20 50 02
-8.75983800E-01 2020 12 23 20 55 02
-7.10404359E-01 2020 12 23 21 00 02
-8.07701283E-01 2020 12 23 21 05 02
-8.72350107E-01 2020 12 23 21 10 02
-8.12522006E-01 2020 12 23 21 15 02
-8.29133431E-01 2020 12 23 21 20 02
-8.71791072E-01 2020 12 23 21 25 02
-6.30044286E-01 2020 12 23 21 30 02
-5.60912021E-01 2020 12 23 21 35 02
-6.62869557E-01 2020 12 23 21 40 02
-6.47087918E-01 2020 12 23 21 45 02
-7.06741719E-01 2020 12 23 21 50 02
-6.48557322E-01 2020 12 23 21 55 02
-5.81545136E-01 2020 12 23 22 00 03
-4.05969578E-01 2020 12 23 22 05 02
-4.42646693E-01 2020 12 23 22 10 02
-4.52196681E-01 2020 12 23 22 15 02
-4.33822051E-01 2020 12 23 22 20 02
-3.72599706E-01 2020 12 23 22 25 03
-3.46726337E-01 2020 12 23 22 30 02
-3.10490875E-01 2020 12 23 22 35 02
-3.25792897E-01 2020 12 23 22 40 02
-3.80524347E-01 2020 12 23 22 45 02
-3.95432457E-01 2020 12 23 22 50 02
-4.51369198E-01 2020 12 23 22 55 02
-5.28553077E-01 2020 12 23 23 00 02
-3.26930332E-01 2020 12 23 23 05 02
-2.09953435E-01 2020 12 23 23 10 02
-1.74174910E-01 2020 12 23 23 15 02
-2.44150286E-01 2020 12 23 23 20 02
-3.74223583E-01 2020 12 23 23 25 02
-4.16887889E-01 2020 12 23 23 30 02
-4.78768409E-01 2020 12 23 23 35 02
-5.44176838E-01 2020 12 23 23 40 02
-2.68344155E-01 2020 12 23 23 45 02
-2.50105957E-01 2020 12 23 23 50 03
-1.96711573E-01 2020 12 23 23 55 02
