-1.03500446E+00 2020 12 14 00 00 02
-1.04233892E+00 2020 12 14 00 05 02
-1.04375472E+00 2020 12 14 00 10 02
-9.87529504E-01 2020 12 14 00 15 02
-1.01588602E+00 2020 12 14 00 20 02
-1.03435820E+00 2020 12 14 00 25 02
-1.02268022E+00 2020 12 14 00 30 02
-1.01201411E+00 2020 12 14 00 35 02
-9.86057852E-01 2020 12 14 00 40 02
-9.39599200E-01 2020 12 14 00 45 02
-9.46114549E-01 2020 12 14 00 50 02
-8.86437599E-01 2020 12 14 00 55 03
-8.85948575E-01 2020 12 14 01 00 02
-8.68222209E-01 2020 12 14 01 05 02
-8.33296940E-01 2020 12 14 01 10 02
-8.02976841E-01 2020 12 14 01 15 02
-7.73063418E-01 2020 12 14 01 20 03
-7.30038484E-01 2020 12 14 01 25 02
-7.11665431E-01 2020 12 14 01 30 02
-6.88401758E-01 2020 12 14 01 35 02
-6.97727365E-01 2020 12 14 01 40 02
-6.41837336E-01 2020 12 14 01 45 03
-5.79661315E-01 2020 12 14 01 50 02
-5.75282057E-01 2020 12 14 01 55 02
-5.40356463E-01 2020 12 14 02 00 02
-5.26266622E-01 2020 12 14 02 05 02
-4.67652436E-01 2020 12 14 02 10 02
-4.58510906E-01 2020 12 14 02 15 02
-4.38322590E-01 2020 12 14 02 20 02
-3.59469153E-01 2020 12 14 02 25 02
-3.39223621E-01 2020 12 14 02 30 02
-2.97926499E-01 2020 12 14 02 35 02
-3.08129317E-01 2020 12 14 02 40 02
-2.83591364E-01 2020 12 14 02 45 02
-3.08397157E-01 2020 12 14 02 50 02
-2.68894339E-01 2020 12 14 02 55 02
-2.19274108E-01 2020 12 14 03 00 02
-1.53156215E-01 2020 12 14 03 05 02
-1.16036199E-01 2020 12 14 03 10 02
-8.22815813E-02 2020 12 14 03 15 02
-6.93217360E-02 2020 12 14 03 20 02
-6.93008380E-02 2020 12 14 03 25 02
-1.82683446E-02 2020 12 14 03 30 02
+1.85826337E-02 2020 12 14 03 35 03
+5.61022637E-02 2020 12 14 03 40 02
+1.01825478E-01 2020 12 14 03 45 02
+1.19550490E-01 2020 12 14 03 50 02
+1.36198870E-01 2020 12 14 03 55 02
+1.54371401E-01 2020 12 14 04 00 03
+1.83802686E-01 2020 12 14 04 05 02
+9.06154879E-02 2020 12 14 04 10 02
+8.00212794E-02 2020 12 14 04 15 02
+1.29616768E-01 2020 12 14 04 20 02
+1.18005548E-01 2020 12 14 04 25 02
+1.60860350E-01 2020 12 14 04 30 02
+1.88818042E-01 2020 12 14 04 35 02
+2.02186228E-01 2020 12 14 04 40 02
+2.67628970E-01 2020 12 14 04 45 02
+2.46359087E-01 2020 12 14 04 50 02
+3.08342285E-01 2020 12 14 04 55 02
+3.44629147E-01 2020 12 14 05 00 02
+4.12935158E-01 2020 12 14 05 05 02
+3.89654835E-01 2020 12 14 05 10 02
+3.67967978E-01 2020 12 14 05 15 02
+4.25607574E-01 2020 12 14 05 20 02
+5.16717352E-01 2020 12 14 05 25 03
+5.21836230E-01 2020 12 14 05 30 02
+5.15007902E-01 2020 12 14 05 35 02
+5.86253247E-01 2020 12 14 05 40 02
+4.88141628E-01 2020 12 14 05 45 02
+4.70170437E-01 2020 12 14 05 50 03
+3.62591895E-01 2020 12 14 05 55 02
+3.85897869E-01 2020 12 14 06 00 02
+3.59315843E-01 2020 12 14 06 05 02
+5.00996750E-01 2020 12 14 06 10 02
+4.81067107E-01 2020 12 14 06 15 03
+4.42573509E-01 2020 12 14 06 20 02
+4.22467006E-01 2020 12 14 06 25 02
+4.08289235E-01 2020 12 14 06 30 02
+5.60711384E-01 2020 12 14 06 35 02
+4.54839549E-01 2020 12 14 06 40 02
+3.34785374E-01 2020 12 14 06 45 02
+3.31384834E-01 2020 12 14 06 50 02
+4.19448096E-01 2020 12 14 06 55 02
+3.11218407E-01 2020 12 14 07 00 02
+3.14771645E-01 2020 12 14 07 05 02
+2.99589263E-01 2020 12 14 07 10 02
+2.59502646E-01 2020 12 14 07 15 03
+2.01194960E-01 2020 12 14 07 20 02
+2.41372703E-01 2020 12 14 07 25 02
+2.10268669E-01 2020 12 14 07 30 02
+1.59825864E-01 2020 12 14 07 35 02
+1.36036592E-01 2020 12 14 07 40 03
+8.92615365E-02 2020 12 14 07 45 02
-4.08309197E-02 2020 12 14 07 50 02
+5.18162834E-02 2020 12 14 07 55 02
-9.99113809E-02 2020 12 14 08 00 02
-8.28320799E-02 2020 12 14 08 05 02
-1.00263080E-01 2020 12 14 08 10 02
+2.40847785E-03 2020 12 14 08 15 02
-1.52755086E-01 2020 12 14 08 20 02
-1.51708888E-01 2020 12 14 08 25 02
-2.02068835E-01 2020 12 14 08 30 02
-3.03098126E-01 2020 12 14 08 35 02
-2.77074061E-01 2020 12 14 08 40 02
-2.83009137E-01 2020 12 14 08 45 02
-2.77674792E-01 2020 12 14 08 50 02
-3.76834500E-01 2020 12 14 08 55 02
-4.23689056E-01 2020 12 14 09 00 02
-3.95387902E-01 2020 12 14 09 05 03
-4.67948556E-01 2020 12 14 09 10 02
-4.23386709E-01 2020 12 14 09 15 02
-3.88064383E-01 2020 12 14 09 20 02
-4.71849248E-01 2020 12 14 09 25 02
-5.03461088E-01 2020 12 14 09 30 03
-4.54457854E-01 2020 12 14 09 35 02
-4.74209026E-01 2020 12 14 09 40 02
-6.27875968E-01 2020 12 14 09 45 02
-6.27576887E-01 2020 12 14 09 50 02
-6.22208199E-01 2020 12 14 09 55 02
-6.80024793E-01 2020 12 14 10 00 02
-6.30674346E-01 2020 12 14 10 05 02
-7.81727012E-01 2020 12 14 10 10 02
-7.02581042E-01 2020 12 14 10 15 02
-7.62292935E-01 2020 12 14 10 20 02
-7.56647838E-01 2020 12 14 10 25 02
-7.62476765E-01 2020 12 14 10 30 02
-8.03029590E-01 2020 12 14 10 35 02
-7.65760168E-01 2020 12 14 10 40 02
-7.62264543E-01 2020 12 14 10 45 02
-8.19247638E-01 2020 12 14 10 50 02
-7.92585028E-01 2020 12 14 10 55 03
-7.94706143E-01 2020 12 14 11 00 02
-8.21799745E-01 2020 12 14 11 05 02
-8.87918510E-01 2020 12 14 11 10 02
-8.92169645E-01 2020 12 14 11 15 02
-7.88279435E-01 2020 12 14 11 20 02
-7.19834056E-01 2020 12 14 11 25 02
-6.85932527E-01 2020 12 14 11 30 02
-7.27473115E-01 2020 12 14 11 35 02
-7.58588652E-01 2020 12 14 11 40 02
-8.00280061E-01 2020 12 14 11 45 02
-7.63387806E-01 2020 12 14 11 50 02
-7.01977661E-01 2020 12 14 11 55 02
-6.68080886E-01 2020 12 14 12 00 02
-7.30218781E-01 2020 12 14 12 05 02
-7.22435641E-01 2020 12 14 12 10 02
-6.26159060E-01 2020 12 14 12 15 02
-7.09866302E-01 2020 12 14 12 20 02
-6.46839433E-01 2020 12 14 12 25 02
-7.91480185E-01 2020 12 14 12 30 02
-6.47744028E-01 2020 12 14 12 35 02
-7.35371947E-01 2020 12 14 12 40 02
-6.63042450E-01 2020 12 14 12 45 03
-6.60375233E-01 2020 12 14 12 50 02
-7.76158559E-01 2020 12 14 12 55 02
-7.52659734E-01 2020 12 14 13 00 02
-7.08388839E-01 2020 12 14 13 05 02
-6.68024209E-01 2020 12 14 13 10 03
-6.75110868E-01 2020 12 14 13 15 02
-6.23405661E-01 2020 12 14 13 20 02
-5.86050167E-01 2020 12 14 13 25 02
-6.47524915E-01 2020 12 14 13 30 02
-6.59559800E-01 2020 12 14 13 35 03
-6.46496086E-01 2020 12 14 13 40 02
-6.09229181E-01 2020 12 14 13 45 02
-5.87927492E-01 2020 12 14 13 50 02
-6.21224329E-01 2020 12 14 13 55 02
-5.94414870E-01 2020 12 14 14 00 02
-5.98793347E-01 2020 12 14 14 05 02
-5.64682309E-01 2020 12 14 14 10 02
-5.52351041E-01 2020 12 14 14 15 02
-4.75281112E-01 2020 12 14 14 20 02
-5.99065522E-01 2020 12 14 14 25 02
-5.09374465E-01 2020 12 14 14 30 02
-4.72834057E-01 2020 12 14 14 35 02
-4.51752954E-01 2020 12 14 14 40 02
-4.73882122E-01 2020 12 14 14 45 02
-4.49313571E-01 2020 12 14 14 50 02
-4.18764497E-01 2020 12 14 14 55 02
-3.57896622E-01 2020 12 14 15 00 03
-3.57873229E-01 2020 12 14 15 05 02
-2.98750604E-01 2020 12 14 15 10 02
-4.11174976E-01 2020 12 14 15 15 02
-3.73158934E-01 2020 12 14 15 20 02
-2.93200782E-01 2020 12 14 15 25 03
-2.98638174E-01 2020 12 14 15 30 02
-3.22908357E-01 2020 12 14 15 35 02
-3.03729321E-01 2020 12 14 15 40 02
-3.15126439E-01 2020 12 14 15 45 02
-4.29748700E-01 2020 12 14 15 50 03
-3.35516482E-01 2020 12 14 15 55 02
-3.09864376E-01 2020 12 14 16 00 02
-2.81939032E-01 2020 12 14 16 05 02
-2.66892303E-01 2020 12 14 16 10 02
-2.55966185E-01 2020 12 14 16 15 02
-2.30011393E-01 2020 12 14 16 20 02
-3.33715415E-01 2020 12 14 16 25 02
-2.53816768E-01 2020 12 14 16 30 02
-2.33316275E-01 2020 12 14 16 35 02
-2.42753647E-01 2020 12 14 16 40 02
-2.32523950E-01 2020 12 14 16 45 02
-1.63702811E-01 2020 12 14 16 50 02
-1.18723508E-01 2020 12 14 16 55 02
-2.72803125E-01 2020 12 14 17 00 02
-2.07288102E-01 2020 12 14 17 05 02
-2.14484987E-01 2020 12 14 17 10 02
-1.90073486E-01 2020 12 14 17 15 03
-1.99960545E-01 2020 12 14 17 20 02
-1.57773505E-01 2020 12 14 17 25 02
-1.46611324E-01 2020 12 14 17 30 02
-1.37019473E-01 2020 12 14 17 35 02
-1.52815548E-01 2020 12 14 17 40 03
-1.00353091E-01 2020 12 14 17 45 02
-1.37681112E-01 2020 12 14 17 50 02
-1.29517760E-01 2020 12 14 17 55 02
-1.03235251E-01 2020 12 14 18 00 02
-1.79031687E-01 2020 12 14 18 05 02
-8.14467197E-02 2020 12 14 18 10 02
-1.34472528E-01 2020 12 14 18 15 02
-1.16948187E-01 2020 12 14 18 20 02
-9.52455497E-02 2020 12 14 18 25 02
-1.31870519E-01 2020 12 14 18 30 02
-9.58000460E-02 2020 12 14 18 35 02
-8.43782551E-02 2020 12 14 18 40 02
-1.30938591E-01 2020 12 14 18 45 02
-1.59207623E-01 2020 12 14 18 50 02
-1.59962431E-01 2020 12 14 18 55 02
-2.03668306E-01 2020 12 14 19 00 02
-1.80479718E-01 2020 12 14 19 05 02
-1.96613108E-01 2020 12 14 19 10 02
-2.71132050E-01 2020 12 14 19 15 02
-3.16589523E-01 2020 12 14 19 20 02
-3.31951243E-01 2020 12 14 19 25 02
-3.13840623E-01 2020 12 14 19 30 03
-3.03243643E-01 2020 12 14 19 35 02
-3.05770541E-01 2020 12 14 19 40 02
-4.02824616E-01 2020 12 14 19 45 02
-4.70956008E-01 2020 12 14 19 50 02
-4.13403043E-01 2020 12 14 19 55 03
-4.25527144E-01 2020 12 14 20 00 02
-4.59743558E-01 2020 12 14 20 05 02
-4.72480334E-01 2020 12 14 20 10 02
-6.21655600E-01 2020 12 14 20 15 02
-6.00174023E-01 2020 12 14 20 20 02
-6.14951932E-01 2020 12 14 20 25 02
-5.82348818E-01 2020 12 14 20 30 02
-5.54509761E-01 2020 12 14 20 35 02
-5.06440954E-01 2020 12 14 20 40 02
-5.76836583E-01 2020 12 14 20 45 02
-5.98850445E-01 2020 12 14 20 50 02
-8.11583309E-01 2020 12 14 20 55 02
-7.76583567E-01 2020 12 14 21 00 02
-8.18177005E-01 2020 12 14 21 05 02
-7.86301521E-01 2020 12 14 21 10 02
-7.80006192E-01 2020 12 14 21 15 02
-7.82774857E-01 2020 12 14 21 20 03
-9.02462835E-01 2020 12 14 21 25 02
-8.48780113E-01 2020 12 14 21 30 02
-8.44294550E-01 2020 12 14 21 35 02
-8.54998891E-01 2020 12 14 21 40 02
-9.36503437E-01 2020 12 14 21 45 03
-8.85032843E-01 2020 12 14 21 50 02
-9.89176765E-01 2020 12 14 21 55 02
-9.65502607E-01 2020 12 14 22 00 02
-9.95991698E-01 2020 12 14 22 05 02
-9.78432918E-01 2020 12 14 22 10 03
-9.88945640E-01 2020 12 14 22 15 02
-9.74328337E-01 2020 12 14 22 20 02
-1.02880469E+00 2020 12 14 22 25 02
-1.03318556E+00 2020 12 14 22 30 02
-1.07994297E+00 2020 12 14 22 35 02
-1.08387479E+00 2020 12 14 22 40 02
-1.09839485E+00 2020 12 14 22 45 02
-1.13223988E+00 2020 12 14 22 50 02
-1.11468632E+00 2020 12 14 22 55 02
-1.08931364E+00 2020 12 14 23 00 02
-1.09325134E+00 2020 12 14 23 05 02
-1.11943769E+00 2020 12 14 23 10 02
-1.03730579E+00 2020 12 14 23 15 02
-1.09622160E+00 2020 12 14 23 20 02
-1.13804565E+00 2020 12 14 23 25 02
-1.11310056E+00 2020 12 14 23 30 02
-1.24716930E+00 2020 12 14 23 35 02
-1.14902586E+00 2020 12 14 23 40 02
-1.13803560E+00 2020 12 14 23 45 02
-1.16195541E+00 2020 12 14 23 50 02
-1.08017328E+00 2020 12 14 23 55 02
