-7.50100504E-01 2020 12 18 00 00 02
-7.89240232E-01 2020 12 18 00 05 02
-8.00823194E-01 2020 12 18 00 10 03
-7.99281766E-01 2020 12 18 00 15 02
-8.16740097E-01 2020 12 18 00 20 02
-8.73274433E-01 2020 12 18 00 25 02
-9.03947188E-01 2020 12 18 00 30 02
-8.86166095E-01 2020 12 18 00 35 03
-8.65397205E-01 2020 12 18 00 40 02
-9.08189488E-01 2020 12 18 00 45 02
-9.32929085E-01 2020 12 18 00 50 02
-9.38745188E-01 2020 12 18 00 55 02
-9.48346788E-01 2020 12 18 01 00 03
-9.52853214E-01 2020 12 18 01 05 02
-9.65903209E-01 2020 12 18 01 10 02
-9.93275192E-01 2020 12 18 01 15 02
-9.86946029E-01 2020 12 18 01 20 02
-9.77803543E-01 2020 12 18 01 25 02
-1.01027342E+00 2020 12 18 01 30 02
-1.00493230E+00 2020 12 18 01 35 02
-1.01184072E+00 2020 12 18 01 40 02
-1.00981128E+00 2020 12 18 01 45 02
-1.02405301E+00 2020 12 18 01 50 02
-9.96153136E-01 2020 12 18 01 55 02
-1.00259252E+00 2020 12 18 02 00 02
-1.01840253E+00 2020 12 18 02 05 02
-1.01336208E+00 2020 12 18 02 10 02
-1.00315928E+00 2020 12 18 02 15 02
-1.00216359E+00 2020 12 18 02 20 02
-1.00751147E+00 2020 12 18 02 25 02
-1.00874414E+00 2020 12 18 02 30 02
-9.76669185E-01 2020 12 18 02 35 02
-9.47034986E-01 2020 12 18 02 40 02
-9.33329880E-01 2020 12 18 02 45 02
-9.15566643E-01 2020 12 18 02 50 03
-9.01753766E-01 2020 12 18 02 55 02
-8.87526359E-01 2020 12 18 03 00 02
-8.65058965E-01 2020 12 18 03 05 02
-8.57266611E-01 2020 12 18 03 10 02
-8.50904090E-01 2020 12 18 03 15 03
-8.46019412E-01 2020 12 18 03 20 02
-8.35236488E-01 2020 12 18 03 25 02
-7.63403000E-01 2020 12 18 03 30 02
-7.53631765E-01 2020 12 18 03 35 02
-7.17468638E-01 2020 12 18 03 40 02
-6.96893613E-01 2020 12 18 03 45 02
-6.78262902E-01 2020 12 18 03 50 02
-6.78530345E-01 2020 12 18 03 55 02
-6.72694711E-01 2020 12 18 04 00 02
-6.36285105E-01 2020 12 18 04 05 02
-6.30340048E-01 2020 12 18 04 10 02
-5.98016403E-01 2020 12 18 04 15 02
-5.91418839E-01 2020 12 18 04 20 02
-5.50105373E-01 2020 12 18 04 25 02
-4.95583575E-01 2020 12 18 04 30 02
-4.86063350E-01 2020 12 18 04 35 02
-4.67989718E-01 2020 12 18 04 40 03
-4.56718891E-01 2020 12 18 04 45 02
-4.51453089E-01 2020 12 18 04 50 02
-4.15157337E-01 2020 12 18 04 55 02
-4.08259690E-01 2020 12 18 05 00 02
-3.83775455E-01 2020 12 18 05 05 03
-3.50078453E-01 2020 12 18 05 10 02
-3.06547955E-01 2020 12 18 05 15 02
-2.74581772E-01 2020 12 18 05 20 02
-2.51127199E-01 2020 12 18 05 25 02
-2.17418202E-01 2020 12 18 05 30 02
-2.03600620E-01 2020 12 18 05 35 02
-1.29076414E-01 2020 12 18 05 40 02
-1.12759628E-01 2020 12 18 05 45 02
-1.09134408E-01 2020 12 18 05 50 02
-1.59928168E-01 2020 12 18 05 55 02
-2.64746104E-02 2020 12 18 06 00 02
-7.09703146E-02 2020 12 18 06 05 02
-4.13275189E-02 2020 12 18 06 10 02
-2.94833668E-02 2020 12 18 06 15 02
-1.01812772E-02 2020 12 18 06 20 02
+7.72229811E-02 2020 12 18 06 25 02
+2.37960045E-02 2020 12 18 06 30 03
+7.93632187E-02 2020 12 18 06 35 02
+5.70896682E-02 2020 12 18 06 40 02
+6.55383253E-02 2020 12 18 06 45 02
+4.48465619E-02 2020 12 18 06 50 02
+1.13866382E-01 2020 12 18 06 55 03
+1.58768261E-01 2020 12 18 07 00 02
+1.46332117E-01 2020 12 18 07 05 02
+1.73627403E-01 2020 12 18 07 10 02
+1.70242666E-01 2020 12 18 07 15 02
+1.71266281E-01 2020 12 18 07 20 02
+1.03810267E-01 2020 12 18 07 25 02
+6.29852250E-02 2020 12 18 07 30 02
-2.63497926E-02 2020 12 18 07 35 02
-1.91923707E-02 2020 12 18 07 40 02
+5.13855009E-03 2020 12 18 07 45 02
+4.84585993E-02 2020 12 18 07 50 02
+6.20101487E-02 2020 12 18 07 55 02
+7.04124903E-02 2020 12 18 08 00 02
+3.11377831E-02 2020 12 18 08 05 02
+6.47902434E-02 2020 12 18 08 10 02
+7.24275547E-02 2020 12 18 08 15 02
+1.70054932E-02 2020 12 18 08 20 02
+9.01366277E-02 2020 12 18 08 25 02
+1.22209500E-01 2020 12 18 08 30 02
+4.56548736E-02 2020 12 18 08 35 02
+9.61328070E-02 2020 12 18 08 40 02
+4.47368589E-02 2020 12 18 08 45 03
+1.77527043E-01 2020 12 18 08 50 02
+1.21024023E-01 2020 12 18 08 55 02
+1.43027349E-01 2020 12 18 09 00 02
+1.06907027E-01 2020 12 18 09 05 02
+1.14084156E-01 2020 12 18 09 10 03
+1.38761441E-01 2020 12 18 09 15 02
+8.34282171E-02 2020 12 18 09 20 02
+3.84892771E-02 2020 12 18 09 25 02
+3.00475379E-02 2020 12 18 09 30 02
+7.30800475E-02 2020 12 18 09 35 03
+8.54665760E-02 2020 12 18 09 40 02
-1.11431353E-02 2020 12 18 09 45 02
+9.85551253E-03 2020 12 18 09 50 02
+5.61728008E-02 2020 12 18 09 55 02
-8.80456833E-04 2020 12 18 10 00 02
+1.11497255E-01 2020 12 18 10 05 02
+5.12742044E-02 2020 12 18 10 10 02
+1.11245510E-01 2020 12 18 10 15 02
+5.37119829E-02 2020 12 18 10 20 02
+7.38991544E-02 2020 12 18 10 25 02
+7.56235747E-02 2020 12 18 10 30 02
-2.09336511E-02 2020 12 18 10 35 02
-5.82078125E-03 2020 12 18 10 40 02
-4.52838397E-02 2020 12 18 10 45 02
+2.93029268E-02 2020 12 18 10 50 02
+2.97939883E-02 2020 12 18 10 55 02
+3.78163552E-02 2020 12 18 11 00 02
+6.23979003E-02 2020 12 18 11 05 02
+1.55668754E-02 2020 12 18 11 10 02
+5.25716970E-02 2020 12 18 11 15 02
+1.03343269E-01 2020 12 18 11 20 02
+1.38075985E-01 2020 12 18 11 25 03
+1.02765168E-01 2020 12 18 11 30 02
+3.09076161E-02 2020 12 18 11 35 02
+1.85188808E-01 2020 12 18 11 40 02
+1.59999700E-01 2020 12 18 11 45 02
+8.55927766E-02 2020 12 18 11 50 03
+1.66251439E-01 2020 12 18 11 55 02
+1.93559510E-01 2020 12 18 12 00 02
+9.45771251E-02 2020 12 18 12 05 02
+6.88906828E-02 2020 12 18 12 10 02
+9.03528379E-02 2020 12 18 12 15 02
+7.73440988E-02 2020 12 18 12 20 02
+3.72803451E-02 2020 12 18 12 25 02
-9.80916496E-03 2020 12 18 12 30 02
+3.46181093E-03 2020 12 18 12 35 02
-1.22895846E-01 2020 12 18 12 40 02
-9.29154687E-02 2020 12 18 12 45 02
-5.28637492E-02 2020 12 18 12 50 02
-1.28585210E-01 2020 12 18 12 55 02
-1.36429595E-01 2020 12 18 13 00 02
-2.38725015E-01 2020 12 18 13 05 02
-2.44497448E-01 2020 12 18 13 10 02
-2.61299119E-01 2020 12 18 13 15 02
-2.40272507E-01 2020 12 18 13 20 02
-2.07483012E-01 2020 12 18 13 25 02
-3.80762839E-01 2020 12 18 13 30 02
-3.65199817E-01 2020 12 18 13 35 02
-2.93982430E-01 2020 12 18 13 40 03
-3.10765906E-01 2020 12 18 13 45 02
-4.93591326E-01 2020 12 18 13 50 02
-4.42475657E-01 2020 12 18 13 55 02
-4.76958345E-01 2020 12 18 14 00 02
-5.84143574E-01 2020 12 18 14 05 03
-5.43896858E-01 2020 12 18 14 10 02
-6.24368960E-01 2020 12 18 14 15 02
-5.65851446E-01 2020 12 18 14 20 02
-6.03779021E-01 2020 12 18 14 25 02
-6.39648613E-01 2020 12 18 14 30 02
-6.52652411E-01 2020 12 18 14 35 02
-7.42504937E-01 2020 12 18 14 40 02
-6.72927341E-01 2020 12 18 14 45 02
-6.74180363E-01 2020 12 18 14 50 02
-7.26651746E-01 2020 12 18 14 55 02
-7.19453527E-01 2020 12 18 15 00 02
-8.42851256E-01 2020 12 18 15 05 02
-7.46570347E-01 2020 12 18 15 10 02
-8.67709513E-01 2020 12 18 15 15 02
-8.01641316E-01 2020 12 18 15 20 02
-7.62509134E-01 2020 12 18 15 25 02
-8.48066553E-01 2020 12 18 15 30 03
-8.00612064E-01 2020 12 18 15 35 02
-7.99073342E-01 2020 12 18 15 40 02
-8.38500456E-01 2020 12 18 15 45 02
-9.08542994E-01 2020 12 18 15 50 02
-9.55611614E-01 2020 12 18 15 55 03
-8.91637206E-01 2020 12 18 16 00 02
-8.66445024E-01 2020 12 18 16 05 02
-9.72009653E-01 2020 12 18 16 10 02
-8.78839710E-01 2020 12 18 16 15 02
-7.40047165E-01 2020 12 18 16 20 02
-9.05610498E-01 2020 12 18 16 25 02
-8.90802745E-01 2020 12 18 16 30 02
-8.79323295E-01 2020 12 18 16 35 02
-7.61816338E-01 2020 12 18 16 40 02
-7.67429133E-01 2020 12 18 16 45 02
-6.77813349E-01 2020 12 18 16 50 02
-7.03770375E-01 2020 12 18 16 55 02
-8.37424701E-01 2020 12 18 17 00 02
-6.44948931E-01 2020 12 18 17 05 02
-7.01607023E-01 2020 12 18 17 10 02
-7.21105394E-01 2020 12 18 17 15 02
-7.54199058E-01 2020 12 18 17 20 02
-7.13260768E-01 2020 12 18 17 25 02
-6.09028269E-01 2020 12 18 17 30 02
-6.82415416E-01 2020 12 18 17 35 02
-6.72213629E-01 2020 12 18 17 40 02
-6.53138104E-01 2020 12 18 17 45 03
-6.38983707E-01 2020 12 18 17 50 02
-6.53124577E-01 2020 12 18 17 55 02
-6.30256861E-01 2020 12 18 18 00 02
-5.77676979E-01 2020 12 18 18 05 02
-5.12860632E-01 2020 12 18 18 10 03
-6.25214109E-01 2020 12 18 18 15 02
-5.15586215E-01 2020 12 18 18 20 02
-5.20518966E-01 2020 12 18 18 25 02
-5.96302881E-01 2020 12 18 18 30 02
-5.82891143E-01 2020 12 18 18 35 02
-4.49738820E-01 2020 12 18 18 40 02
-4.44751962E-01 2020 12 18 18 45 02
-4.76225738E-01 2020 12 18 18 50 02
-4.05335940E-01 2020 12 18 18 55 02
-4.31600112E-01 2020 12 18 19 00 02
-4.78795349E-01 2020 12 18 19 05 02
-4.64024059E-01 2020 12 18 19 10 02
-3.48809963E-01 2020 12 18 19 15 02
-3.79392546E-01 2020 12 18 19 20 02
-3.29002600E-01 2020 12 18 19 25 02
-3.33498673E-01 2020 12 18 19 30 02
-3.55956239E-01 2020 12 18 19 35 02
-3.07277649E-01 2020 12 18 19 40 02
-3.05682813E-01 2020 12 18 19 45 02
-2.44384426E-01 2020 12 18 19 50 02
-3.57054056E-01 2020 12 18 19 55 02
-3.43608721E-01 2020 12 18 20 00 03
-3.47373451E-01 2020 12 18 20 05 02
-3.36463490E-01 2020 12 18 20 10 02
-3.46646521E-01 2020 12 18 20 15 02
-2.59550850E-01 2020 12 18 20 20 02
-3.02193893E-01 2020 12 18 20 25 03
-2.02240018E-01 2020 12 18 20 30 02
-2.59394346E-01 2020 12 18 20 35 02
-2.07037180E-01 2020 12 18 20 40 02
-2.52555746E-01 2020 12 18 20 45 02
-2.44206111E-01 2020 12 18 20 50 03
-2.17446350E-01 2020 12 18 20 55 02
-2.12080691E-01 2020 12 18 21 00 02
-2.98892987E-01 2020 12 18 21 05 02
-2.34794612E-01 2020 12 18 21 10 02
-2.24593062E-01 2020 12 18 21 15 02
-2.23886697E-01 2020 12 18 21 20 02
-3.64407060E-01 2020 12 18 21 25 02
-2.38883083E-01 2020 12 18 21 30 02
-2.31538287E-01 2020 12 18 21 35 02
-2.31083600E-01 2020 12 18 21 40 02
-3.09009131E-01 2020 12 18 21 45 02
-3.37076604E-01 2020 12 18 21 50 02
-3.31380521E-01 2020 12 18 21 55 02
-3.10493475E-01 2020 12 18 22 00 02
-3.28469812E-01 2020 12 18 22 05 02
-3.35378802E-01 2020 12 18 22 10 02
-3.39433087E-01 2020 12 18 22 15 03
-4.00199394E-01 2020 12 18 22 20 02
-3.75261146E-01 2020 12 18 22 25 02
-4.02387909E-01 2020 12 18 22 30 02
-4.80966850E-01 2020 12 18 22 35 02
-4.01641190E-01 2020 12 18 22 40 03
-4.54773426E-01 2020 12 18 22 45 02
-4.88821709E-01 2020 12 18 22 50 02
-4.77018292E-01 2020 12 18 22 55 02
-4.94398881E-01 2020 12 18 23 00 02
-4.73421938E-01 2020 12 18 23 05 02
-4.28490312E-01 2020 12 18 23 10 02
-5.14515404E-01 2020 12 18 23 15 02
-5.30972656E-01 2020 12 18 23 20 02
-5.01971800E-01 2020 12 18 23 25 02
-5.22749598E-01 2020 12 18 23 30 02
-5.44734257E-01 2020 12 18 23 35 02
-5.41939052E-01 2020 12 18 23 40 02
-4.71314420E-01 2020 12 18 23 45 02
-4.73413935E-01 2020 12 18 23 50 02
-5.22194674E-01 2020 12 18 23 55 02
