-5.07961191E-01 2020 12 10 00 00 02
-4.63365043E-01 2020 12 10 00 05 02
-4.34403171E-01 2020 12 10 00 10 03
-4.74762270E-01 2020 12 10 00 15 02
-3.86541413E-01 2020 12 10 00 20 02
-4.38509342E-01 2020 12 10 00 25 02
-3.81515198E-01 2020 12 10 00 30 02
-3.79595522E-01 2020 12 10 00 35 02
-4.38712494E-01 2020 12 10 00 40 02
-3.82260780E-01 2020 12 10 00 45 02
-3.86113964E-01 2020 12 10 00 50 02
-3.63017201E-01 2020 12 10 00 55 02
-3.41155194E-01 2020 12 10 01 00 02
-2.75499748E-01 2020 12 10 01 05 02
-2.72327598E-01 2020 12 10 01 10 02
-3.07556153E-01 2020 12 10 01 15 02
-3.03403429E-01 2020 12 10 01 20 02
-3.25039307E-01 2020 12 10 01 25 02
-3.29679426E-01 2020 12 10 01 30 02
-2.45120239E-01 2020 12 10 01 35 02
-2.82029598E-01 2020 12 10 01 40 02
-2.87936911E-01 2020 12 10 01 45 02
-2.98488257E-01 2020 12 10 01 50 02
-3.57767880E-01 2020 12 10 01 55 02
-4.19516807E-01 2020 12 10 02 00 03
-3.26384410E-01 2020 12 10 02 05 02
-3.38761173E-01 2020 12 10 02 10 02
-3.62073580E-01 2020 12 10 02 15 02
-2.35646983E-01 2020 12 10 02 20 02
-3.12203658E-01 2020 12 10 02 25 03
-4.35260889E-01 2020 12 10 02 30 02
-3.84042494E-01 2020 12 10 02 35 02
-3.59170859E-01 2020 12 10 02 40 02
-3.78616552E-01 2020 12 10 02 45 02
-2.91328382E-01 2020 12 10 02 50 02
-3.35923894E-01 2020 12 10 02 55 02
-1.76925629E-01 2020 12 10 03 00 02
-2.42906301E-01 2020 12 10 03 05 02
-1.80975215E-01 2020 12 10 03 10 02
-2.43502812E-01 2020 12 10 03 15 02
-2.42784131E-01 2020 12 10 03 20 02
-2.84407955E-01 2020 12 10 03 25 02
+4.23276906E-02 2020 12 10 03 30 02
+6.24498504E-02 2020 12 10 03 35 02
+4.67730326E-02 2020 12 10 03 40 02
-4.81873245E-02 2020 12 10 03 45 02
+7.04725803E-02 2020 12 10 03 50 02
+2.01561385E-01 2020 12 10 03 55 02
+2.49510748E-01 2020 12 10 04 00 02
+1.15096064E-01 2020 12 10 04 05 02
-1.62563344E-02 2020 12 10 04 10 02
-2.94363404E-01 2020 12 10 04 15 03
-4.47338253E-01 2020 12 10 04 20 02
-5.40904090E-01 2020 12 10 04 25 02
-6.59708184E-01 2020 12 10 04 30 02
-6.33243711E-01 2020 12 10 04 35 02
-6.46757393E-01 2020 12 10 04 40 03
-7.19000924E-01 2020 12 10 04 45 02
-6.37838418E-01 2020 12 10 04 50 02
-6.11481330E-01 2020 12 10 04 55 02
-6.10712841E-01 2020 12 10 05 00 02
-6.66768652E-01 2020 12 10 05 05 02
-6.45967505E-01 2020 12 10 05 10 02
-6.87462220E-01 2020 12 10 05 15 02
-6.86376254E-01 2020 12 10 05 20 02
-7.02677524E-01 2020 12 10 05 25 02
-5.99225765E-01 2020 12 10 05 30 02
-6.62518097E-01 2020 12 10 05 35 02
-7.42848246E-01 2020 12 10 05 40 02
-6.50678771E-01 2020 12 10 05 45 02
-6.99183560E-01 2020 12 10 05 50 02
-7.99133732E-01 2020 12 10 05 55 02
-7.28237394E-01 2020 12 10 06 00 02
-7.16827116E-01 2020 12 10 06 05 03
-6.57019865E-01 2020 12 10 06 10 02
-6.07896058E-01 2020 12 10 06 15 02
-7.20065565E-01 2020 12 10 06 20 02
-7.80840633E-01 2020 12 10 06 25 02
-7.84132884E-01 2020 12 10 06 30 03
-7.27273690E-01 2020 12 10 06 35 02
-6.78720301E-01 2020 12 10 06 40 02
-6.80353296E-01 2020 12 10 06 45 02
-7.24942166E-01 2020 12 10 06 50 02
-7.32146618E-01 2020 12 10 06 55 02
-5.98888510E-01 2020 12 10 07 00 02
-6.30048386E-01 2020 12 10 07 05 02
-7.44236744E-01 2020 12 10 07 10 02
-8.50406109E-01 2020 12 10 07 15 02
-8.49018293E-01 2020 12 10 07 20 02
-9.20254929E-01 2020 12 10 07 25 02
-8.40471332E-01 2020 12 10 07 30 02
-9.25755892E-01 2020 12 10 07 35 02
-9.42118415E-01 2020 12 10 07 40 02
-8.60274137E-01 2020 12 10 07 45 02
-9.11187857E-01 2020 12 10 07 50 02
-9.74036023E-01 2020 12 10 07 55 03
-9.54729945E-01 2020 12 10 08 00 02
-9.69331163E-01 2020 12 10 08 05 02
-9.61610280E-01 2020 12 10 08 10 02
-1.00748642E+00 2020 12 10 08 15 02
-1.01884405E+00 2020 12 10 08 20 03
-1.00395947E+00 2020 12 10 08 25 02
-1.00487874E+00 2020 12 10 08 30 02
-1.05651704E+00 2020 12 10 08 35 02
-9.73100542E-01 2020 12 10 08 40 02
-1.10613545E+00 2020 12 10 08 45 02
-1.04692974E+00 2020 12 10 08 50 02
-1.03913786E+00 2020 12 10 08 55 02
-1.07713955E+00 2020 12 10 09 00 02
-1.19514583E+00 2020 12 10 09 05 02
-1.16171338E+00 2020 12 10 09 10 02
-1.08996165E+00 2020 12 10 09 15 02
-1.09702357E+00 2020 12 10 09 20 02
-1.10620212E+00 2020 12 10 09 25 02
-1.06475374E+00 2020 12 10 09 30 02
-9.82109047E-01 2020 12 10 09 35 02
-9.70055236E-01 2020 12 10 09 40 02
-1.01382076E+00 2020 12 10 09 45 03
-9.65237659E-01 2020 12 10 09 50 02
-9.54538785E-01 2020 12 10 09 55 02
-1.04790820E+00 2020 12 10 10 00 02
-9.40939728E-01 2020 12 10 10 05 02
-9.30655722E-01 2020 12 10 10 10 03
-9.13027594E-01 2020 12 10 10 15 02
-8.85581475E-01 2020 12 10 10 20 02
-8.70948321E-01 2020 12 10 10 25 02
-8.64195903E-01 2020 12 10 10 30 02
-8.94052736E-01 2020 12 10 10 35 03
-9.07539594E-01 2020 12 10 10 40 02
-8.26296312E-01 2020 12 10 10 45 02
-8.29417990E-01 2020 12 10 10 50 02
-8.32167806E-01 2020 12 10 10 55 02
-7.70163434E-01 2020 12 10 11 00 02
-7.29392266E-01 2020 12 10 11 05 02
+1.64500980E-01 2020 12 10 11 10 02
-9.92508755E-02 2020 12 10 11 15 02
-2.43507718E-01 2020 12 10 11 20 02
-2.74416892E-01 2020 12 10 11 25 02
-3.07813263E-01 2020 12 10 11 30 02
-2.00334631E-01 2020 12 10 11 35 03
-2.26313277E-01 2020 12 10 11 40 02
-2.29791860E-01 2020 12 10 11 45 02
-3.15578367E-02 2020 12 10 11 50 02
-2.28351192E-01 2020 12 10 11 55 02
-2.30654546E-01 2020 12 10 12 00 03
-2.51035005E-01 2020 12 10 12 05 02
-2.71897706E-01 2020 12 10 12 10 02
-2.14478802E-01 2020 12 10 12 15 02
-4.62758676E-02 2020 12 10 12 20 02
-2.46309606E-01 2020 12 10 12 25 02
-1.48930712E-01 2020 12 10 12 30 02
-9.58442373E-02 2020 12 10 12 35 02
-6.66458283E-02 2020 12 10 12 40 02
-1.46293944E-01 2020 12 10 12 45 02
-1.92385507E-01 2020 12 10 12 50 02
-2.62449854E-01 2020 12 10 12 55 02
-8.56012131E-02 2020 12 10 13 00 02
-1.14187887E-01 2020 12 10 13 05 02
-2.07524236E-01 2020 12 10 13 10 02
-2.18493416E-01 2020 12 10 13 15 02
-3.11793674E-01 2020 12 10 13 20 02
-2.77878118E-01 2020 12 10 13 25 03
-1.71685604E-01 2020 12 10 13 30 02
-2.71653178E-02 2020 12 10 13 35 02
-8.03335452E-02 2020 12 10 13 40 02
+1.83666992E-02 2020 12 10 13 45 02
+7.50602494E-02 2020 12 10 13 50 03
-1.08449150E-01 2020 12 10 13 55 02
-7.80776906E-02 2020 12 10 14 00 02
-1.79232340E-01 2020 12 10 14 05 02
-1.46298309E-01 2020 12 10 14 10 02
+1.45358735E-02 2020 12 10 14 15 03
+2.54171376E-03 2020 12 10 14 20 02
-5.80454199E-02 2020 12 10 14 25 02
-2.45435873E-04 2020 12 10 14 30 02
+1.85404925E-02 2020 12 10 14 35 02
+6.65964939E-03 2020 12 10 14 40 02
-2.49106898E-02 2020 12 10 14 45 02
-4.93223777E-02 2020 12 10 14 50 02
-3.58702765E-02 2020 12 10 14 55 02
-9.99292062E-02 2020 12 10 15 00 02
-2.43357264E-01 2020 12 10 15 05 02
-1.93283370E-01 2020 12 10 15 10 02
-2.70069203E-01 2020 12 10 15 15 02
-2.78787499E-01 2020 12 10 15 20 02
-2.18112707E-01 2020 12 10 15 25 02
-2.28966885E-01 2020 12 10 15 30 02
-4.02627261E-01 2020 12 10 15 35 02
-4.06518718E-01 2020 12 10 15 40 03
-2.05787291E-01 2020 12 10 15 45 02
-3.56247818E-01 2020 12 10 15 50 02
-2.90111249E-01 2020 12 10 15 55 02
-3.83380979E-01 2020 12 10 16 00 02
-3.50335630E-01 2020 12 10 16 05 03
-3.61324669E-01 2020 12 10 16 10 02
-4.04980013E-01 2020 12 10 16 15 02
-2.31062451E-01 2020 12 10 16 20 02
-3.68058076E-01 2020 12 10 16 25 02
-4.10231403E-01 2020 12 10 16 30 02
-5.75963503E-01 2020 12 10 16 35 02
-5.37182050E-01 2020 12 10 16 40 02
-4.75371748E-01 2020 12 10 16 45 02
-5.02564597E-01 2020 12 10 16 50 02
-4.45806206E-01 2020 12 10 16 55 02
-5.53590457E-01 2020 12 10 17 00 02
-6.60473264E-01 2020 12 10 17 05 02
-5.36736136E-01 2020 12 10 17 10 02
-4.58189767E-01 2020 12 10 17 15 02
-5.69400797E-01 2020 12 10 17 20 02
-6.24252467E-01 2020 12 10 17 25 02
-5.79136390E-01 2020 12 10 17 30 03
-5.88430752E-01 2020 12 10 17 35 02
-6.19581948E-01 2020 12 10 17 40 02
-6.24563371E-01 2020 12 10 17 45 02
-6.38543751E-01 2020 12 10 17 50 02
-7.34771240E-01 2020 12 10 17 55 03
-7.20096006E-01 2020 12 10 18 00 02
-6.00184350E-01 2020 12 10 18 05 02
-6.25981571E-01 2020 12 10 18 10 02
-6.67483995E-01 2020 12 10 18 15 02
-7.24598240E-01 2020 12 10 18 20 02
-7.01498920E-01 2020 12 10 18 25 02
-7.01694109E-01 2020 12 10 18 30 02
-7.75185955E-01 2020 12 10 18 35 02
-7.85369141E-01 2020 12 10 18 40 02
-8.06003465E-01 2020 12 10 18 45 02
-8.80133207E-01 2020 12 10 18 50 02
-8.10642595E-01 2020 12 10 18 55 02
-8.78331611E-01 2020 12 10 19 00 02
-9.11573529E-01 2020 12 10 19 05 02
-8.94533806E-01 2020 12 10 19 10 02
-9.03861756E-01 2020 12 10 19 15 02
-9.29024767E-01 2020 12 10 19 20 03
-9.21582107E-01 2020 12 10 19 25 02
-9.41289282E-01 2020 12 10 19 30 02
-8.63603541E-01 2020 12 10 19 35 02
-8.85725149E-01 2020 12 10 19 40 02
-9.54325981E-01 2020 12 10 19 45 03
-9.19628712E-01 2020 12 10 19 50 02
-8.91710207E-01 2020 12 10 19 55 02
-9.07521478E-01 2020 12 10 20 00 02
-8.68569647E-01 2020 12 10 20 05 02
-8.85418392E-01 2020 12 10 20 10 03
-1.01994329E+00 2020 12 10 20 15 02
-8.93874791E-01 2020 12 10 20 20 02
-9.56247492E-01 2020 12 10 20 25 02
-9.84302725E-01 2020 12 10 20 30 02
-9.68151270E-01 2020 12 10 20 35 02
-9.60578246E-01 2020 12 10 20 40 02
-1.02085826E+00 2020 12 10 20 45 02
-1.01355695E+00 2020 12 10 20 50 02
-9.61786947E-01 2020 12 10 20 55 02
-8.60626493E-01 2020 12 10 21 00 02
-9.98915737E-01 2020 12 10 21 05 02
-9.81969409E-01 2020 12 10 21 10 02
-9.10730794E-01 2020 12 10 21 15 02
-1.05073157E+00 2020 12 10 21 20 02
-9.58505945E-01 2020 12 10 21 25 02
-9.95063288E-01 2020 12 10 21 30 02
-9.70247399E-01 2020 12 10 21 35 02
-1.04921348E+00 2020 12 10 21 40 02
-9.41735049E-01 2020 12 10 21 45 02
-7.75335874E-01 2020 12 10 21 50 02
-9.44800952E-01 2020 12 10 21 55 02
-8.61351113E-01 2020 12 10 22 00 03
-8.26762563E-01 2020 12 10 22 05 02
-8.09303486E-01 2020 12 10 22 10 02
-8.34580605E-01 2020 12 10 22 15 02
-8.43674104E-01 2020 12 10 22 20 02
-8.74257386E-01 2020 12 10 22 25 03
-8.56202387E-01 2020 12 10 22 30 02
-8.56876183E-01 2020 12 10 22 35 02
-7.86080573E-01 2020 12 10 22 40 02
-8.29702932E-01 2020 12 10 22 45 02
-7.64845553E-01 2020 12 10 22 50 03
-8.07527974E-01 2020 12 10 22 55 02
-6.92689308E-01 2020 12 10 23 00 02
-6.58107103E-01 2020 12 10 23 05 02
-6.24669042E-01 2020 12 10 23 10 02
-7.87390900E-01 2020 12 10 23 15 02
-6.15881952E-01 2020 12 10 23 20 02
-6.74956295E-01 2020 12 10 23 25 02
-5.42160822E-01 2020 12 10 23 30 02
-5.53957811E-01 2020 12 10 23 35 02
-5.50825964E-01 2020 12 10 23 40 02
-4.90777792E-01 2020 12 10 23 45 02
-4.99665046E-01 2020 12 10 23 50 02
-5.05117933E-01 2020 12 10 23 55 02
