-8.55974572E-01 2020 12 04 00 00 02
-9.67413960E-01 2020 12 04 00 05 03
-9.78400220E-01 2020 12 04 00 10 02
-9.27806642E-01 2020 12 04 00 15 02
-1.05257458E+00 2020 12 04 00 20 02
-9.77982413E-01 2020 12 04 00 25 02
-1.01014269E+00 2020 12 04 00 30 03
-1.06469102E+00 2020 12 04 00 35 02
-1.10015480E+00 2020 12 04 00 40 02
-1.07922648E+00 2020 12 04 00 45 02
-1.12138830E+00 2020 12 04 00 50 02
-1.10735431E+00 2020 12 04 00 55 02
-1.13690893E+00 2020 12 04 01 00 02
-1.06130871E+00 2020 12 04 01 05 02
-1.22553361E+00 2020 12 04 01 10 02
-1.52313177E+00 2020 12 04 01 15 02
-1.22209766E+00 2020 12 04 01 20 02
-1.11718892E+00 2020 12 04 01 25 02
-1.12747634E+00 2020 12 04 01 30 02
-1.09425786E+00 2020 12 04 01 35 02
-9.92433790E-01 2020 12 04 01 40 02
-9.78425526E-01 2020 12 04 01 45 02
-9.77244094E-01 2020 12 04 01 50 02
-9.77910733E-01 2020 12 04 01 55 02
-9.63363027E-01 2020 12 04 02 00 02
-9.05028905E-01 2020 12 04 02 05 02
-9.27186219E-01 2020 12 04 02 10 02
-9.45562381E-01 2020 12 04 02 15 02
-9.38900970E-01 2020 12 04 02 20 03
-9.16614399E-01 2020 12 04 02 25 02
-9.12055787E-01 2020 12 04 02 30 02
-8.94165306E-01 2020 12 04 02 35 02
-8.83183710E-01 2020 12 04 02 40 02
-8.63368921E-01 2020 12 04 02 45 03
-8.94262664E-01 2020 12 04 02 50 02
-8.95618008E-01 2020 12 04 02 55 02
-8.48818679E-01 2020 12 04 03 00 02
-8.31660740E-01 2020 12 04 03 05 02
-8.00735678E-01 2020 12 04 03 10 02
-7.82111725E-01 2020 12 04 03 15 02
-7.38617019E-01 2020 12 04 03 20 02
-7.53244705E-01 2020 12 04 03 25 02
-7.35904164E-01 2020 12 04 03 30 02
-7.18339927E-01 2020 12 04 03 35 02
-6.72341281E-01 2020 12 04 03 40 02
-6.63517170E-01 2020 12 04 03 45 02
-6.35070653E-01 2020 12 04 03 50 02
-6.03752990E-01 2020 12 04 03 55 02
-5.77355501E-01 2020 12 04 04 00 02
-6.02516546E-01 2020 12 04 04 05 02
-6.04573822E-01 2020 12 04 04 10 02
-5.75122108E-01 2020 12 04 04 15 02
-5.32151382E-01 2020 12 04 04 20 02
-5.18962869E-01 2020 12 04 04 25 02
-5.21019112E-01 2020 12 04 04 30 02
-4.95465636E-01 2020 12 04 04 35 03
-4.76257483E-01 2020 12 04 04 40 02
-4.66375014E-01 2020 12 04 04 45 02
-4.38588174E-01 2020 12 04 04 50 02
-4.29770983E-01 2020 12 04 04 55 02
-3.83984892E-01 2020 12 04 05 00 03
-3.60383819E-01 2020 12 04 05 05 02
-3.16834221E-01 2020 12 04 05 10 02
-2.78085799E-01 2020 12 04 05 15 02
-2.44413600E-01 2020 12 04 05 20 02
-2.24639176E-01 2020 12 04 05 25 02
-2.08121864E-01 2020 12 04 05 30 02
-1.95323947E-01 2020 12 04 05 35 02
-1.77225811E-01 2020 12 04 05 40 02
-1.12812919E-01 2020 12 04 05 45 02
-1.50341921E-01 2020 12 04 05 50 02
-1.47120359E-01 2020 12 04 05 55 02
-1.49182081E-01 2020 12 04 06 00 02
-1.99155368E-01 2020 12 04 06 05 02
-1.14349511E-01 2020 12 04 06 10 02
-1.18401826E-01 2020 12 04 06 15 02
-1.11771118E-01 2020 12 04 06 20 02
-5.16720737E-02 2020 12 04 06 25 03
-7.57947163E-02 2020 12 04 06 30 02
-2.22633735E-02 2020 12 04 06 35 02
-1.79795392E-02 2020 12 04 06 40 02
+1.34491545E-02 2020 12 04 06 45 02
-4.58894790E-04 2020 12 04 06 50 03
-5.06768146E-03 2020 12 04 06 55 02
+5.65761109E-02 2020 12 04 07 00 02
+1.69148961E-02 2020 12 04 07 05 02
+1.57253203E-01 2020 12 04 07 10 02
+1.37066167E-01 2020 12 04 07 15 02
+1.73813791E-01 2020 12 04 07 20 02
+2.16470193E-01 2020 12 04 07 25 02
+2.14956927E-01 2020 12 04 07 30 02
+2.61169495E-01 2020 12 04 07 35 02
+1.20504588E-01 2020 12 04 07 40 02
+2.01838124E-01 2020 12 04 07 45 02
+2.27871660E-01 2020 12 04 07 50 03
+2.31626568E-01 2020 12 04 07 55 02
+2.14090394E-01 2020 12 04 08 00 02
+1.55668027E-01 2020 12 04 08 05 02
+1.92531615E-01 2020 12 04 08 10 02
+2.05916171E-01 2020 12 04 08 15 03
+1.78013519E-01 2020 12 04 08 20 02
+2.05807026E-01 2020 12 04 08 25 02
+1.21890476E-01 2020 12 04 08 30 02
+1.27143235E-01 2020 12 04 08 35 02
+1.61295806E-01 2020 12 04 08 40 02
+1.19822951E-01 2020 12 04 08 45 02
+1.72114560E-01 2020 12 04 08 50 02
+6.89406877E-02 2020 12 04 08 55 02
+9.20261375E-02 2020 12 04 09 00 02
+5.96134227E-02 2020 12 04 09 05 02
+2.24370722E-02 2020 12 04 09 10 02
+7.06560572E-02 2020 12 04 09 15 02
+1.47977193E-02 2020 12 04 09 20 02
-7.28219936E-02 2020 12 04 09 25 02
-1.71831545E-01 2020 12 04 09 30 02
-8.99121376E-02 2020 12 04 09 35 02
-1.14488050E-01 2020 12 04 09 40 03
-1.68872392E-01 2020 12 04 09 45 02
-1.47589988E-01 2020 12 04 09 50 02
-1.45056355E-01 2020 12 04 09 55 02
-1.25384695E-01 2020 12 04 10 00 02
-1.82015021E-01 2020 12 04 10 05 03
-2.37625451E-01 2020 12 04 10 10 02
-1.27362385E-01 2020 12 04 10 15 02
-1.57091366E-01 2020 12 04 10 20 02
-1.25046178E-01 2020 12 04 10 25 02
-2.00134935E-01 2020 12 04 10 30 02
-3.19649198E-01 2020 12 04 10 35 02
-2.27123194E-01 2020 12 04 10 40 02
-1.88671036E-01 2020 12 04 10 45 02
-2.00033287E-01 2020 12 04 10 50 02
-1.99876833E-01 2020 12 04 10 55 02
-2.44229007E-01 2020 12 04 11 00 02
-2.41261314E-01 2020 12 04 11 05 02
-2.89866646E-01 2020 12 04 11 10 02
-3.13068403E-01 2020 12 04 11 15 02
-2.02619628E-01 2020 12 04 11 20 02
-2.02427992E-01 2020 12 04 11 25 02
-2.26578053E-01 2020 12 04 11 30 03
-2.28912016E-01 2020 12 04 11 35 02
-1.82023102E-01 2020 12 04 11 40 02
-2.35238770E-01 2020 12 04 11 45 02
-2.09728895E-01 2020 12 04 11 50 02
-2.12040967E-01 2020 12 04 11 55 03
-1.72406392E-01 2020 12 04 12 00 02
-2.58390847E-01 2020 12 04 12 05 02
-2.49671813E-01 2020 12 04 12 10 02
-1.91953149E-01 2020 12 04 12 15 02
-1.81679815E-01 2020 12 04 12 20 02
-2.18710101E-01 2020 12 04 12 25 02
-2.43565704E-01 2020 12 04 12 30 02
-2.27917915E-01 2020 12 04 12 35 02
-2.97527589E-01 2020 12 04 12 40 02
-2.54719364E-01 2020 12 04 12 45 02
-2.56822445E-01 2020 12 04 12 50 02
-3.60870876E-01 2020 12 04 12 55 02
-3.37470558E-01 2020 12 04 13 00 02
-3.28921805E-01 2020 12 04 13 05 02
-3.27122754E-01 2020 12 04 13 10 02
-3.43314607E-01 2020 12 04 13 15 02
-3.85088547E-01 2020 12 04 13 20 03
-3.83785943E-01 2020 12 04 13 25 02
-4.36857433E-01 2020 12 04 13 30 02
-4.06062756E-01 2020 12 04 13 35 02
-4.32629013E-01 2020 12 04 13 40 02
-4.19019797E-01 2020 12 04 13 45 03
-4.76166659E-01 2020 12 04 13 50 02
-6.15631236E-01 2020 12 04 13 55 02
-4.78804646E-01 2020 12 04 14 00 02
-6.07918192E-01 2020 12 04 14 05 02
-4.78088023E-01 2020 12 04 14 10 02
-5.50635186E-01 2020 12 04 14 15 02
-5.37849191E-01 2020 12 04 14 20 02
-5.64036185E-01 2020 12 04 14 25 02
-5.96039527E-01 2020 12 04 14 30 02
-6.43893305E-01 2020 12 04 14 35 02
-7.28945670E-01 2020 12 04 14 40 02
-7.49733612E-01 2020 12 04 14 45 02
-7.23673280E-01 2020 12 04 14 50 02
-6.71758199E-01 2020 12 04 14 55 02
-7.28618686E-01 2020 12 04 15 00 02
-7.20582600E-01 2020 12 04 15 05 02
-7.03363977E-01 2020 12 04 15 10 03
-7.96053868E-01 2020 12 04 15 15 02
-7.46750243E-01 2020 12 04 15 20 02
-7.19347660E-01 2020 12 04 15 25 02
-7.87171013E-01 2020 12 04 15 30 02
-7.56198980E-01 2020 12 04 15 35 03
-8.34648943E-01 2020 12 04 15 40 02
-7.52195437E-01 2020 12 04 15 45 02
-8.86661796E-01 2020 12 04 15 50 02
-7.83072256E-01 2020 12 04 15 55 02
-8.32569814E-01 2020 12 04 16 00 03
-7.60270150E-01 2020 12 04 16 05 02
-8.23681383E-01 2020 12 04 16 10 02
-8.34171324E-01 2020 12 04 16 15 02
-7.95534542E-01 2020 12 04 16 20 02
-8.10083822E-01 2020 12 04 16 25 02
-8.14729658E-01 2020 12 04 16 30 02
-7.98150047E-01 2020 12 04 16 35 02
-8.00781392E-01 2020 12 04 16 40 02
-8.02780743E-01 2020 12 04 16 45 02
-8.28349955E-01 2020 12 04 16 50 02
-7.49634392E-01 2020 12 04 16 55 02
-7.54633306E-01 2020 12 04 17 00 02
-7.40547994E-01 2020 12 04 17 05 02
-7.15909606E-01 2020 12 04 17 10 02
-7.12116268E-01 2020 12 04 17 15 02
-7.53971999E-01 2020 12 04 17 20 02
-7.27683154E-01 2020 12 04 17 25 02
-6.25171354E-01 2020 12 04 17 30 02
-6.35134725E-01 2020 12 04 17 35 02
-6.17355689E-01 2020 12 04 17 40 02
-6.19466502E-01 2020 12 04 17 45 02
-5.91543195E-01 2020 12 04 17 50 03
-6.23537494E-01 2020 12 04 17 55 02
-6.11042720E-01 2020 12 04 18 00 02
-5.62801770E-01 2020 12 04 18 05 02
-5.05052763E-01 2020 12 04 18 10 02
-5.19309659E-01 2020 12 04 18 15 03
-4.09722773E-01 2020 12 04 18 20 02
-4.51287831E-01 2020 12 04 18 25 02
-4.61291332E-01 2020 12 04 18 30 02
-4.07077993E-01 2020 12 04 18 35 02
-4.34370173E-01 2020 12 04 18 40 02
-4.33329037E-01 2020 12 04 18 45 02
-4.08162891E-01 2020 12 04 18 50 02
-4.57482284E-01 2020 12 04 18 55 02
-3.38513268E-01 2020 12 04 19 00 02
-3.24112760E-01 2020 12 04 19 05 02
-3.76658794E-01 2020 12 04 19 10 02
-4.54754838E-01 2020 12 04 19 15 02
-4.56926446E-01 2020 12 04 19 20 02
-3.46937976E-01 2020 12 04 19 25 02
-3.57563847E-01 2020 12 04 19 30 02
-3.70892314E-01 2020 12 04 19 35 02
-3.54163768E-01 2020 12 04 19 40 03
-3.52866988E-01 2020 12 04 19 45 02
-3.43431343E-01 2020 12 04 19 50 02
-3.29773634E-01 2020 12 04 19 55 02
-3.71276993E-01 2020 12 04 20 00 02
-3.26453628E-01 2020 12 04 20 05 03
-4.21226267E-01 2020 12 04 20 10 02
-4.15293745E-01 2020 12 04 20 15 02
-3.65710434E-01 2020 12 04 20 20 02
-3.40591697E-01 2020 12 04 20 25 02
-3.33646937E-01 2020 12 04 20 30 02
-3.37172115E-01 2020 12 04 20 35 02
-3.57421184E-01 2020 12 04 20 40 02
-4.21007122E-01 2020 12 04 20 45 02
-3.81452187E-01 2020 12 04 20 50 02
-3.66132027E-01 2020 12 04 20 55 02
-3.47774834E-01 2020 12 04 21 00 02
-4.75302712E-01 2020 12 04 21 05 02
-4.31873331E-01 2020 12 04 21 10 02
-4.14492773E-01 2020 12 04 21 15 02
-4.74662847E-01 2020 12 04 21 20 02
-4.66616937E-01 2020 12 04 21 25 02
-4.19564770E-01 2020 12 04 21 30 03
-4.02771582E-01 2020 12 04 21 35 02
-4.28917428E-01 2020 12 04 21 40 02
-4.43389889E-01 2020 12 04 21 45 02
-4.38212390E-01 2020 12 04 21 50 02
-4.63088022E-01 2020 12 04 21 55 03
-5.16836769E-01 2020 12 04 22 00 02
-5.39305318E-01 2020 12 04 22 05 02
-4.86713654E-01 2020 12 04 22 10 02
-4.66516249E-01 2020 12 04 22 15 02
-4.97438386E-01 2020 12 04 22 20 02
-5.35132871E-01 2020 12 04 22 25 02
-5.70410180E-01 2020 12 04 22 30 02
-6.18155535E-01 2020 12 04 22 35 02
-5.71550662E-01 2020 12 04 22 40 02
-5.73878065E-01 2020 12 04 22 45 02
-6.01198383E-01 2020 12 04 22 50 02
-6.93818494E-01 2020 12 04 22 55 02
-6.44832210E-01 2020 12 04 23 00 02
-6.65917628E-01 2020 12 04 23 05 02
-6.33049590E-01 2020 12 04 23 10 02
-6.75016759E-01 2020 12 04 23 15 02
-6.37551075E-01 2020 12 04 23 20 03
-6.86545539E-01 2020 12 04 23 25 02
-6.99487464E-01 2020 12 04 23 30 02
-8.06205350E-01 2020 12 04 23 35 02
-8.14554544E-01 2020 12 04 23 40 02
-7.51844631E-01 2020 12 04 23 45 03
-7.68275834E-01 2020 12 04 23 50 02
-7.48506807E-01 2020 12 04 23 55 02
