-7.33636697E-01 2020 12 27 00 00 02
-7.38576720E-01 2020 12 27 00 05 02
-6.67373311E-01 2020 12 27 00 10 02
-7.31967025E-01 2020 12 27 00 15 02
-6.15056442E-01 2020 12 27 00 20 02
-6.16894262E-01 2020 12 27 00 25 02
-6.31379969E-01 2020 12 27 00 30 02
-5.73937026E-01 2020 12 27 00 35 02
-5.77950235E-01 2020 12 27 00 40 02
-5.63119230E-01 2020 12 27 00 45 02
-5.43218991E-01 2020 12 27 00 50 02
-5.48141475E-01 2020 12 27 00 55 03
-4.62021244E-01 2020 12 27 01 00 02
-4.88721366E-01 2020 12 27 01 05 02
-4.46291820E-01 2020 12 27 01 10 02
-4.51774586E-01 2020 12 27 01 15 02
-4.21977790E-01 2020 12 27 01 20 02
-3.80737114E-01 2020 12 27 01 25 02
-3.26468983E-01 2020 12 27 01 30 02
-4.33643403E-01 2020 12 27 01 35 02
-4.45729568E-01 2020 12 27 01 40 02
-4.36045264E-01 2020 12 27 01 45 02
-4.39196001E-01 2020 12 27 01 50 02
-4.53572060E-01 2020 12 27 01 55 03
-3.77054533E-01 2020 12 27 02 00 02
-2.93554751E-01 2020 12 27 02 05 02
-2.12881345E-01 2020 12 27 02 10 02
-1.82173246E-01 2020 12 27 02 15 02
-1.45810545E-01 2020 12 27 02 20 02
-7.41221187E-02 2020 12 27 02 25 02
-6.69052022E-02 2020 12 27 02 30 02
-7.32799208E-02 2020 12 27 02 35 02
-8.04148717E-02 2020 12 27 02 40 02
-1.34443207E-01 2020 12 27 02 45 02
-8.52039031E-02 2020 12 27 02 50 02
-1.24987531E-01 2020 12 27 02 55 02
-1.35470817E-01 2020 12 27 03 00 02
-1.66734793E-01 2020 12 27 03 05 02
-1.74136127E-01 2020 12 27 03 10 02
-1.90559309E-01 2020 12 27 03 15 02
-1.32997108E-01 2020 12 27 03 20 03
-7.58799236E-02 2020 12 27 03 25 02
-3.56113284E-02 2020 12 27 03 30 02
+2.84201388E-03 2020 12 27 03 35 02
+4.81031764E-02 2020 12 27 03 40 02
+1.57110832E-02 2020 12 27 03 45 03
+1.27405109E-03 2020 12 27 03 50 02
-2.30829296E-02 2020 12 27 03 55 02
-2.73888015E-02 2020 12 27 04 00 02
-1.01678314E-02 2020 12 27 04 05 02
-3.42052869E-02 2020 12 27 04 10 02
+2.31461854E-02 2020 12 27 04 15 02
+7.24886452E-03 2020 12 27 04 20 02
+2.12298821E-02 2020 12 27 04 25 02
+1.12775987E-03 2020 12 27 04 30 02
+2.85275608E-03 2020 12 27 04 35 02
+1.18703638E-02 2020 12 27 04 40 02
+3.16773342E-02 2020 12 27 04 45 02
+6.69869231E-02 2020 12 27 04 50 02
+8.97178012E-02 2020 12 27 04 55 02
+8.81475998E-02 2020 12 27 05 00 02
+1.20142184E-01 2020 12 27 05 05 02
+1.11772879E-01 2020 12 27 05 10 03
+1.17986467E-01 2020 12 27 05 15 02
+1.32874897E-01 2020 12 27 05 20 02
+9.40515560E-02 2020 12 27 05 25 02
+1.18945618E-01 2020 12 27 05 30 02
+1.45538290E-01 2020 12 27 05 35 03
+2.76525232E-01 2020 12 27 05 40 02
+3.31610181E-01 2020 12 27 05 45 02
+2.24247030E-01 2020 12 27 05 50 02
+1.76360823E-01 2020 12 27 05 55 02
+1.75436970E-01 2020 12 27 06 00 02
+4.58700740E-02 2020 12 27 06 05 02
+9.36473601E-02 2020 12 27 06 10 02
+3.06276803E-02 2020 12 27 06 15 02
+2.77090101E-03 2020 12 27 06 20 02
-6.76105323E-02 2020 12 27 06 25 02
-1.92903246E-01 2020 12 27 06 30 02
-2.21693172E-01 2020 12 27 06 35 03
-3.09269270E-01 2020 12 27 06 40 02
-3.36741724E-01 2020 12 27 06 45 02
-3.83778645E-01 2020 12 27 06 50 02
-3.15432193E-01 2020 12 27 06 55 02
-3.13877602E-01 2020 12 27 07 00 02
-2.46128207E-01 2020 12 27 07 05 02
-2.26818810E-01 2020 12 27 07 10 02
-2.19487350E-01 2020 12 27 07 15 02
-2.36489697E-01 2020 12 27 07 20 02
-2.49751316E-01 2020 12 27 07 25 02
-2.85540849E-01 2020 12 27 07 30 02
-3.00868855E-01 2020 12 27 07 35 03
-3.07930473E-01 2020 12 27 07 40 02
-3.16744451E-01 2020 12 27 07 45 02
-3.16193084E-01 2020 12 27 07 50 02
-3.28771427E-01 2020 12 27 07 55 02
-4.36788484E-01 2020 12 27 08 00 03
-3.31432485E-01 2020 12 27 08 05 02
-5.10536616E-01 2020 12 27 08 10 02
-4.71859990E-01 2020 12 27 08 15 02
-5.64849264E-01 2020 12 27 08 20 02
-5.77484052E-01 2020 12 27 08 25 03
-6.51738817E-01 2020 12 27 08 30 02
-6.49419581E-01 2020 12 27 08 35 02
-6.52396405E-01 2020 12 27 08 40 02
-7.56499313E-01 2020 12 27 08 45 02
-8.48791514E-01 2020 12 27 08 50 02
-7.97330215E-01 2020 12 27 08 55 02
-8.07284565E-01 2020 12 27 09 00 02
-7.90855487E-01 2020 12 27 09 05 02
-9.02076239E-01 2020 12 27 09 10 02
-8.70859861E-01 2020 12 27 09 15 02
-9.89059182E-01 2020 12 27 09 20 02
-9.13637907E-01 2020 12 27 09 25 03
-9.24120192E-01 2020 12 27 09 30 02
-9.49240701E-01 2020 12 27 09 35 02
-9.81850440E-01 2020 12 27 09 40 02
-9.41650226E-01 2020 12 27 09 45 02
-9.54815534E-01 2020 12 27 09 50 02
-1.01567995E+00 2020 12 27 09 55 02
-9.84446271E-01 2020 12 27 10 00 02
-9.96137714E-01 2020 12 27 10 05 02
-9.18023744E-01 2020 12 27 10 10 02
-8.96997111E-01 2020 12 27 10 15 02
-8.28654889E-01 2020 12 27 10 20 02
-9.64917260E-01 2020 12 27 10 25 03
-9.26176817E-01 2020 12 27 10 30 02
-1.01042009E+00 2020 12 27 10 35 02
-9.83962713E-01 2020 12 27 10 40 02
-1.00647898E+00 2020 12 27 10 45 02
-9.67937861E-01 2020 12 27 10 50 03
-9.62302018E-01 2020 12 27 10 55 02
-1.16291558E+00 2020 12 27 11 00 02
-9.62228631E-01 2020 12 27 11 05 02
-8.97845536E-01 2020 12 27 11 10 02
-8.06797214E-01 2020 12 27 11 15 03
-7.40188681E-01 2020 12 27 11 20 02
-6.35608411E-01 2020 12 27 11 25 02
-5.84401515E-01 2020 12 27 11 30 02
-6.94715979E-01 2020 12 27 11 35 02
-7.38857654E-01 2020 12 27 11 40 02
-6.72344202E-01 2020 12 27 11 45 02
-5.53240149E-01 2020 12 27 11 50 02
-5.70002968E-01 2020 12 27 11 55 02
-6.39084962E-01 2020 12 27 12 00 02
-5.67350825E-01 2020 12 27 12 05 02
-5.13775144E-01 2020 12 27 12 10 02
-6.02924380E-01 2020 12 27 12 15 03
-4.95754497E-01 2020 12 27 12 20 02
-4.97082573E-01 2020 12 27 12 25 02
-5.29387965E-01 2020 12 27 12 30 02
-4.75203144E-01 2020 12 27 12 35 02
-4.96411682E-01 2020 12 27 12 40 03
-5.77565278E-01 2020 12 27 12 45 02
-5.66128755E-01 2020 12 27 12 50 02
-6.20491204E-01 2020 12 27 12 55 02
-4.95096529E-01 2020 12 27 13 00 02
-4.37182575E-01 2020 12 27 13 05 02
-4.05378788E-01 2020 12 27 13 10 02
-2.74795315E-01 2020 12 27 13 15 02
-3.27811783E-01 2020 12 27 13 20 02
-3.94858945E-01 2020 12 27 13 25 02
-5.19399319E-01 2020 12 27 13 30 02
-5.01827290E-01 2020 12 27 13 35 02
-6.45557265E-01 2020 12 27 13 40 03
-6.25042927E-01 2020 12 27 13 45 02
-5.32746067E-01 2020 12 27 13 50 02
-6.02451284E-01 2020 12 27 13 55 02
-5.08667860E-01 2020 12 27 14 00 02
-5.46209947E-01 2020 12 27 14 05 03
-4.47228446E-01 2020 12 27 14 10 02
-4.38519605E-01 2020 12 27 14 15 02
-4.05146911E-01 2020 12 27 14 20 02
-4.24168031E-01 2020 12 27 14 25 02
-4.87450087E-01 2020 12 27 14 30 02
-3.76984569E-01 2020 12 27 14 35 02
-3.83853068E-01 2020 12 27 14 40 02
-3.79509289E-01 2020 12 27 14 45 02
-4.02911521E-01 2020 12 27 14 50 02
-3.59578978E-01 2020 12 27 14 55 02
-3.09869421E-01 2020 12 27 15 00 02
-4.10802575E-01 2020 12 27 15 05 03
-4.30170445E-01 2020 12 27 15 10 02
-3.66824317E-01 2020 12 27 15 15 02
-3.17083388E-01 2020 12 27 15 20 02
-3.30012595E-01 2020 12 27 15 25 02
-2.57280045E-01 2020 12 27 15 30 03
-2.86090099E-01 2020 12 27 15 35 02
-3.19951811E-01 2020 12 27 15 40 02
-4.46713267E-01 2020 12 27 15 45 02
-4.00530508E-01 2020 12 27 15 50 02
-4.34372771E-01 2020 12 27 15 55 02
-5.20696871E-01 2020 12 27 16 00 02
-5.15929415E-01 2020 12 27 16 05 02
-4.04020889E-01 2020 12 27 16 10 02
-5.04284351E-01 2020 12 27 16 15 02
-5.73751724E-01 2020 12 27 16 20 02
-4.75180742E-01 2020 12 27 16 25 02
-4.66425618E-01 2020 12 27 16 30 03
-4.60354828E-01 2020 12 27 16 35 02
-4.96232745E-01 2020 12 27 16 40 02
-4.32860634E-01 2020 12 27 16 45 02
-5.13638706E-01 2020 12 27 16 50 02
-4.23059379E-01 2020 12 27 16 55 02
-4.35375471E-01 2020 12 27 17 00 02
-4.42413153E-01 2020 12 27 17 05 02
-4.78186188E-01 2020 12 27 17 10 02
-4.76354150E-01 2020 12 27 17 15 02
-3.93577603E-01 2020 12 27 17 20 02
-4.55589226E-01 2020 12 27 17 25 02
-5.83616381E-01 2020 12 27 17 30 03
-4.95736978E-01 2020 12 27 17 35 02
-4.62317684E-01 2020 12 27 17 40 02
-4.71371657E-01 2020 12 27 17 45 02
-4.43070132E-01 2020 12 27 17 50 02
-4.23260072E-01 2020 12 27 17 55 02
-5.31572527E-01 2020 12 27 18 00 02
-5.30029179E-01 2020 12 27 18 05 02
-5.73699977E-01 2020 12 27 18 10 02
-5.91463062E-01 2020 12 27 18 15 02
-5.67643821E-01 2020 12 27 18 20 02
-5.52732405E-01 2020 12 27 18 25 02
-5.19535685E-01 2020 12 27 18 30 03
-5.10166336E-01 2020 12 27 18 35 02
-4.51189595E-01 2020 12 27 18 40 02
-5.29680811E-01 2020 12 27 18 45 02
-5.36592978E-01 2020 12 27 18 50 02
-6.00051488E-01 2020 12 27 18 55 03
-5.95043109E-01 2020 12 27 19 00 02
-6.40853318E-01 2020 12 27 19 05 02
-6.03080779E-01 2020 12 27 19 10 02
-5.04308678E-01 2020 12 27 19 15 02
-6.80204542E-01 2020 12 27 19 20 02
-5.42386251E-01 2020 12 27 19 25 02
-6.52242485E-01 2020 12 27 19 30 02
-6.60317032E-01 2020 12 27 19 35 02
-6.97631847E-01 2020 12 27 19 40 02
-7.46921429E-01 2020 12 27 19 45 02
-7.18945661E-01 2020 12 27 19 50 02
-7.23922124E-01 2020 12 27 19 55 03
-7.65211853E-01 2020 12 27 20 00 02
-7.38773188E-01 2020 12 27 20 05 02
-7.98802729E-01 2020 12 27 20 10 02
-7.73431876E-01 2020 12 27 20 15 02
-7.76652478E-01 2020 12 27 20 20 02
-7.32475849E-01 2020 12 27 20 25 02
-5.14476682E-01 2020 12 27 20 30 02
-7.09283073E-01 2020 12 27 20 35 02
-8.00381536E-01 2020 12 27 20 40 02
-8.35710144E-01 2020 12 27 20 45 02
-8.86505425E-01 2020 12 27 20 50 02
-9.08758021E-01 2020 12 27 20 55 02
-8.98551730E-01 2020 12 27 21 00 02
-1.03086168E+00 2020 12 27 21 05 02
-9.86931066E-01 2020 12 27 21 10 02
-8.22412699E-01 2020 12 27 21 15 02
-9.00743984E-01 2020 12 27 21 20 03
-9.98118417E-01 2020 12 27 21 25 02
-9.74319849E-01 2020 12 27 21 30 02
-1.07378956E+00 2020 12 27 21 35 02
-1.08882826E+00 2020 12 27 21 40 02
-1.18347859E+00 2020 12 27 21 45 02
-9.99187234E-01 2020 12 27 21 50 02
-9.56562708E-01 2020 12 27 21 55 02
-8.30205150E-01 2020 12 27 22 00 02
-8.38989896E-01 2020 12 27 22 05 02
-1.06793009E+00 2020 12 27 22 10 02
-1.03767963E+00 2020 12 27 22 15 02
-1.04109577E+00 2020 12 27 22 20 03
-8.49439390E-01 2020 12 27 22 25 02
-8.32288226E-01 2020 12 27 22 30 02
-8.03297320E-01 2020 12 27 22 35 02
-8.30564847E-01 2020 12 27 22 40 02
-9.51286012E-01 2020 12 27 22 45 03
-6.75977390E-01 2020 12 27 22 50 02
-6.24793507E-01 2020 12 27 22 55 02
-7.57200920E-01 2020 12 27 23 00 02
-7.88136352E-01 2020 12 27 23 05 02
-9.13128181E-01 2020 12 27 23 10 02
-9.83743171E-01 2020 12 27 23 15 02
-9.90391066E-01 2020 12 27 23 20 02
-8.55185375E-01 2020 12 27 23 25 02
-9.84308030E-01 2020 12 27 23 30 02
-1.07154773E+00 2020 12 27 23 35 02
-8.72950229E-01 2020 12 27 23 40 02
-8.49721922E-01 2020 12 27 23 45 03
-8.53411966E-01 2020 12 27 23 50 02
-8.34843464E-01 2020 12 27 23 55 02
