-8.88422171E-01 2020 12 31 00 00 02
-8.97954686E-01 2020 12 31 00 05 02
-8.38030774E-01 2020 12 31 00 10 02
-8.00487264E-01 2020 12 31 00 15 02
-7.65439798E-01 2020 12 31 00 20 02
-7.43461040E-01 2020 12 31 00 25 02
-7.33551376E-01 2020 12 31 00 30 02
-7.74586339E-01 2020 12 31 00 35 02
-8.26948227E-01 2020 12 31 00 40 02
-8.22929359E-01 2020 12 31 00 45 02
-8.33031973E-01 2020 12 31 00 50 02
-8.84690932E-01 2020 12 31 00 55 02
-8.87749228E-01 2020 12 31 01 00 02
-9.02633592E-01 2020 12 31 01 05 02
-8.76127999E-01 2020 12 31 01 10 02
-8.33701655E-01 2020 12 31 01 15 02
-9.00578639E-01 2020 12 31 01 20 02
-9.38243521E-01 2020 12 31 01 25 03
-8.53401637E-01 2020 12 31 01 30 02
-8.14462062E-01 2020 12 31 01 35 02
-7.66152308E-01 2020 12 31 01 40 02
-7.34367047E-01 2020 12 31 01 45 02
-7.03331236E-01 2020 12 31 01 50 03
-6.70991141E-01 2020 12 31 01 55 02
-6.76592781E-01 2020 12 31 02 00 02
-7.22153072E-01 2020 12 31 02 05 02
-7.06295981E-01 2020 12 31 02 10 02
-6.34318698E-01 2020 12 31 02 15 03
-6.53445102E-01 2020 12 31 02 20 02
-6.16231096E-01 2020 12 31 02 25 02
-5.66071468E-01 2020 12 31 02 30 02
-5.50815788E-01 2020 12 31 02 35 02
-5.14325795E-01 2020 12 31 02 40 02
-5.04780569E-01 2020 12 31 02 45 02
-5.48760575E-01 2020 12 31 02 50 02
-5.68463395E-01 2020 12 31 02 55 02
-4.47662692E-01 2020 12 31 03 00 02
-3.73127661E-01 2020 12 31 03 05 02
-4.13336839E-01 2020 12 31 03 10 02
-3.94329651E-01 2020 12 31 03 15 02
-3.82247610E-01 2020 12 31 03 20 02
-2.99046568E-01 2020 12 31 03 25 02
-2.58501681E-01 2020 12 31 03 30 02
-2.61501061E-01 2020 12 31 03 35 02
-2.19748337E-01 2020 12 31 03 40 03
-2.25062475E-01 2020 12 31 03 45 02
-1.90048153E-01 2020 12 31 03 50 02
-1.68803685E-01 2020 12 31 03 55 02
-1.36682047E-01 2020 12 31 04 00 02
-8.77928771E-02 2020 12 31 04 05 03
-5.18131290E-02 2020 12 31 04 10 02
+3.57655064E-02 2020 12 31 04 15 02
-1.56979999E-03 2020 12 31 04 20 02
-9.41790352E-03 2020 12 31 04 25 02
+1.22770086E-01 2020 12 31 04 30 02
+5.93194913E-02 2020 12 31 04 35 02
+1.49581425E-01 2020 12 31 04 40 02
+7.88803160E-02 2020 12 31 04 45 02
+2.28190776E-01 2020 12 31 04 50 02
+1.68125593E-01 2020 12 31 04 55 02
+1.83066407E-01 2020 12 31 05 00 02
+2.15305472E-01 2020 12 31 05 05 02
+2.50990943E-01 2020 12 31 05 10 02
+2.52412798E-01 2020 12 31 05 15 02
+2.82330190E-01 2020 12 31 05 20 02
+2.88840078E-01 2020 12 31 05 25 02
+3.33517317E-01 2020 12 31 05 30 03
+3.69406891E-01 2020 12 31 05 35 02
+3.35117386E-01 2020 12 31 05 40 02
+3.84054013E-01 2020 12 31 05 45 02
+3.93950399E-01 2020 12 31 05 50 02
+3.02880916E-01 2020 12 31 05 55 02
+3.78890712E-01 2020 12 31 06 00 02
+3.76402003E-01 2020 12 31 06 05 02
+4.20314498E-01 2020 12 31 06 10 02
+4.37542201E-01 2020 12 31 06 15 02
+3.69746070E-01 2020 12 31 06 20 02
+3.99995741E-01 2020 12 31 06 25 02
+3.47774175E-01 2020 12 31 06 30 02
+4.19668322E-01 2020 12 31 06 35 02
+4.08360523E-01 2020 12 31 06 40 02
+3.76662792E-01 2020 12 31 06 45 02
+4.05012246E-01 2020 12 31 06 50 02
+3.69084579E-01 2020 12 31 06 55 03
+3.56878273E-01 2020 12 31 07 00 02
+4.81750662E-01 2020 12 31 07 05 02
+4.33710035E-01 2020 12 31 07 10 02
+4.18838805E-01 2020 12 31 07 15 02
+4.25933945E-01 2020 12 31 07 20 02
+4.40901164E-01 2020 12 31 07 25 02
+3.86891594E-01 2020 12 31 07 30 02
+3.60823651E-01 2020 12 31 07 35 02
+1.84447326E-01 2020 12 31 07 40 02
+2.09924956E-01 2020 12 31 07 45 02
+2.62738835E-01 2020 12 31 07 50 02
+3.01119558E-01 2020 12 31 07 55 03
+2.82121687E-01 2020 12 31 08 00 02
+2.17567225E-01 2020 12 31 08 05 02
+2.95949068E-01 2020 12 31 08 10 02
+3.51281677E-01 2020 12 31 08 15 02
+3.03630722E-01 2020 12 31 08 20 02
+2.58115391E-01 2020 12 31 08 25 02
+3.16119966E-01 2020 12 31 08 30 02
+2.31667117E-01 2020 12 31 08 35 02
+1.28359049E-01 2020 12 31 08 40 02
+1.38349296E-01 2020 12 31 08 45 02
+1.30202506E-01 2020 12 31 08 50 02
+1.22478066E-01 2020 12 31 08 55 02
+6.29695600E-02 2020 12 31 09 00 02
-3.01537482E-03 2020 12 31 09 05 02
-2.73667461E-02 2020 12 31 09 10 02
-3.97738916E-02 2020 12 31 09 15 02
-5.01757114E-02 2020 12 31 09 20 03
-5.02348505E-02 2020 12 31 09 25 02
-1.57424449E-01 2020 12 31 09 30 02
-5.93759728E-02 2020 12 31 09 35 02
-1.14814651E-01 2020 12 31 09 40 02
-1.45389233E-01 2020 12 31 09 45 03
-1.67517591E-01 2020 12 31 09 50 02
-7.84483914E-02 2020 12 31 09 55 02
-2.36353909E-01 2020 12 31 10 00 02
-1.96069782E-01 2020 12 31 10 05 02
-1.83893411E-01 2020 12 31 10 10 02
-1.38708873E-01 2020 12 31 10 15 02
-1.81446326E-01 2020 12 31 10 20 02
-2.12339183E-01 2020 12 31 10 25 02
-1.80511877E-01 2020 12 31 10 30 02
-2.88646323E-01 2020 12 31 10 35 02
-2.81032762E-01 2020 12 31 10 40 02
-2.39987708E-01 2020 12 31 10 45 02
-2.27750738E-01 2020 12 31 10 50 02
-2.18636009E-01 2020 12 31 10 55 02
-2.82462813E-01 2020 12 31 11 00 02
-2.45387943E-01 2020 12 31 11 05 02
-3.60931867E-01 2020 12 31 11 10 02
-2.69264304E-01 2020 12 31 11 15 02
-3.13315034E-01 2020 12 31 11 20 02
-3.26385514E-01 2020 12 31 11 25 02
-3.15896140E-01 2020 12 31 11 30 02
-3.62481877E-01 2020 12 31 11 35 03
-3.12214361E-01 2020 12 31 11 40 02
-3.62636848E-01 2020 12 31 11 45 02
-3.82841779E-01 2020 12 31 11 50 02
-3.48450898E-01 2020 12 31 11 55 02
-4.18316251E-01 2020 12 31 12 00 03
-5.81061983E-01 2020 12 31 12 05 02
-4.86579327E-01 2020 12 31 12 10 02
-5.12515714E-01 2020 12 31 12 15 02
-5.79185712E-01 2020 12 31 12 20 02
-5.27184739E-01 2020 12 31 12 25 02
-6.09419591E-01 2020 12 31 12 30 02
-6.12078818E-01 2020 12 31 12 35 02
-6.29673794E-01 2020 12 31 12 40 02
-7.67886136E-01 2020 12 31 12 45 02
-7.00457917E-01 2020 12 31 12 50 02
-8.41558440E-01 2020 12 31 12 55 02
-7.25747411E-01 2020 12 31 13 00 02
-6.95939402E-01 2020 12 31 13 05 02
-7.20158624E-01 2020 12 31 13 10 02
-7.40020796E-01 2020 12 31 13 15 02
-7.40224892E-01 2020 12 31 13 20 02
-8.09710658E-01 2020 12 31 13 25 03
-8.23169952E-01 2020 12 31 13 30 02
-8.19180047E-01 2020 12 31 13 35 02
-8.55840992E-01 2020 12 31 13 40 02
-7.83114699E-01 2020 12 31 13 45 02
-8.26725722E-01 2020 12 31 13 50 03
-9.58095658E-01 2020 12 31 13 55 02
-8.53539980E-01 2020 12 31 14 00 02
-8.38386036E-01 2020 12 31 14 05 02
-8.83969729E-01 2020 12 31 14 10 02
-8.87925272E-01 2020 12 31 14 15 03
-9.31944794E-01 2020 12 31 14 20 02
-8.32107159E-01 2020 12 31 14 25 02
-8.99887056E-01 2020 12 31 14 30 02
-9.37736446E-01 2020 12 31 14 35 02
-1.00724735E+00 2020 12 31 14 40 02
-9.58767933E-01 2020 12 31 14 45 02
-9.38922820E-01 2020 12 31 14 50 02
-8.09862482E-01 2020 12 31 14 55 02
-8.50025143E-01 2020 12 31 15 00 02
-8.39762104E-01 2020 12 31 15 05 02
-8.15686251E-01 2020 12 31 15 10 02
-9.04400840E-01 2020 12 31 15 15 03
-8.93024267E-01 2020 12 31 15 20 02
-7.57204116E-01 2020 12 31 15 25 02
-7.75859666E-01 2020 12 31 15 30 02
-7.63256714E-01 2020 12 31 15 35 02
-7.40533650E-01 2020 12 31 15 40 02
-6.82668709E-01 2020 12 31 15 45 02
-7.76162079E-01 2020 12 31 15 50 02
-7.82908599E-01 2020 12 31 15 55 02
-6.90117820E-01 2020 12 31 16 00 02
-6.76873544E-01 2020 12 31 16 05 02
-6.64861955E-01 2020 12 31 16 10 02
-6.04701206E-01 2020 12 31 16 15 03
-5.32009823E-01 2020 12 31 16 20 02
-5.68472665E-01 2020 12 31 16 25 02
-4.98920659E-01 2020 12 31 16 30 02
-5.08476065E-01 2020 12 31 16 35 02
-5.32791271E-01 2020 12 31 16 40 02
-4.99696720E-01 2020 12 31 16 45 02
-4.91501324E-01 2020 12 31 16 50 02
-4.78876299E-01 2020 12 31 16 55 02
-5.45872686E-01 2020 12 31 17 00 02
-4.42722817E-01 2020 12 31 17 05 02
-4.50320205E-01 2020 12 31 17 10 02
-4.23838991E-01 2020 12 31 17 15 02
-4.32053152E-01 2020 12 31 17 20 02
-4.31507746E-01 2020 12 31 17 25 02
-4.08993212E-01 2020 12 31 17 30 02
-3.73838576E-01 2020 12 31 17 35 02
-3.93306978E-01 2020 12 31 17 40 03
-3.17254816E-01 2020 12 31 17 45 02
-3.22054762E-01 2020 12 31 17 50 02
-3.62927979E-01 2020 12 31 17 55 02
-3.40446043E-01 2020 12 31 18 00 02
-3.48160907E-01 2020 12 31 18 05 02
-2.89662736E-01 2020 12 31 18 10 02
-3.03523278E-01 2020 12 31 18 15 02
-3.85493365E-01 2020 12 31 18 20 02
-4.09133629E-01 2020 12 31 18 25 02
-3.06017084E-01 2020 12 31 18 30 02
-4.03983167E-01 2020 12 31 18 35 02
-3.27493318E-01 2020 12 31 18 40 03
-2.80714739E-01 2020 12 31 18 45 02
-2.81367228E-01 2020 12 31 18 50 02
-1.48720435E-01 2020 12 31 18 55 02
-1.69378407E-01 2020 12 31 19 00 02
-2.07243384E-01 2020 12 31 19 05 02
-1.01359024E-01 2020 12 31 19 10 02
-1.07541471E-01 2020 12 31 19 15 02
-1.73645424E-01 2020 12 31 19 20 02
-1.21102043E-01 2020 12 31 19 25 02
-9.15439449E-02 2020 12 31 19 30 02
-1.88541789E-01 2020 12 31 19 35 02
-1.25608199E-01 2020 12 31 19 40 02
-2.04038801E-01 2020 12 31 19 45 02
-2.69520429E-01 2020 12 31 19 50 02
-2.41442792E-01 2020 12 31 19 55 02
-2.84733648E-01 2020 12 31 20 00 02
-2.00166365E-01 2020 12 31 20 05 03
-2.67773582E-01 2020 12 31 20 10 02
-3.14068966E-01 2020 12 31 20 15 02
-2.89742416E-01 2020 12 31 20 20 02
-3.60461659E-01 2020 12 31 20 25 02
-2.90245132E-01 2020 12 31 20 30 03
-2.70606953E-01 2020 12 31 20 35 02
-3.61779334E-01 2020 12 31 20 40 02
-3.37791941E-01 2020 12 31 20 45 02
-4.55413128E-01 2020 12 31 20 50 02
-4.42944002E-01 2020 12 31 20 55 02
-4.51328760E-01 2020 12 31 21 00 02
-5.74688944E-01 2020 12 31 21 05 02
-5.02624979E-01 2020 12 31 21 10 02
-5.32684984E-01 2020 12 31 21 15 02
-4.99864906E-01 2020 12 31 21 20 02
-5.58605429E-01 2020 12 31 21 25 02
-5.35688987E-01 2020 12 31 21 30 03
-4.87895522E-01 2020 12 31 21 35 02
-4.95313520E-01 2020 12 31 21 40 02
-5.76844172E-01 2020 12 31 21 45 02
-6.05797896E-01 2020 12 31 21 50 02
-6.46047007E-01 2020 12 31 21 55 03
-6.91711018E-01 2020 12 31 22 00 02
-6.88934080E-01 2020 12 31 22 05 02
-7.09776869E-01 2020 12 31 22 10 02
-6.27210111E-01 2020 12 31 22 15 02
-7.52434035E-01 2020 12 31 22 20 02
-7.42564741E-01 2020 12 31 22 25 02
-8.57388424E-01 2020 12 31 22 30 02
-8.04667541E-01 2020 12 31 22 35 02
-7.66522766E-01 2020 12 31 22 40 02
-7.60069836E-01 2020 12 31 22 45 02
-6.62584968E-01 2020 12 31 22 50 02
-7.75731211E-01 2020 12 31 22 55 02
-9.85969106E-01 2020 12 31 23 00 02
-8.95164275E-01 2020 12 31 23 05 02
-9.05800413E-01 2020 12 31 23 10 02
-1.01752659E+00 2020 12 31 23 15 02
-9.50548679E-01 2020 12 31 23 20 03
-9.50907335E-01 2020 12 31 23 25 02
-1.01686149E+00 2020 12 31 23 30 02
-9.78938254E-01 2020 12 31 23 35 02
-9.65715232E-01 2020 12 31 23 40 02
-9.35857727E-01 2020 12 31 23 45 03
-9.46079487E-01 2020 12 31 23 50 02
-9.86431056E-01 2020 12 31 23 55 02
