-5.81853301E-01 2020 12 25 00 00 02
-4.06504442E-01 2020 12 25 00 05 03
-2.77617853E-01 2020 12 25 00 10 02
-3.12492261E-01 2020 12 25 00 15 02
-3.06025204E-01 2020 12 25 00 20 02
-2.16007928E-01 2020 12 25 00 25 02
-2.66696874E-01 2020 12 25 00 30 03
-2.51390683E-01 2020 12 25 00 35 02
-2.53227804E-01 2020 12 25 00 40 02
+1.73201583E-01 2020 12 25 00 45 02
+1.70175053E-01 2020 12 25 00 50 02
+1.24305804E-02 2020 12 25 00 55 02
-9.68120826E-02 2020 12 25 01 00 02
-1.42111662E-01 2020 12 25 01 05 02
-3.23556510E-01 2020 12 25 01 10 02
-3.36501368E-01 2020 12 25 01 15 02
-3.03150456E-01 2020 12 25 01 20 02
-2.44952264E-01 2020 12 25 01 25 02
-2.62261313E-01 2020 12 25 01 30 02
-3.02484185E-01 2020 12 25 01 35 02
-3.05562963E-01 2020 12 25 01 40 02
-3.12068218E-01 2020 12 25 01 45 02
-3.82970163E-01 2020 12 25 01 50 02
-4.26649746E-01 2020 12 25 01 55 03
-4.44810843E-01 2020 12 25 02 00 02
-3.89034459E-01 2020 12 25 02 05 02
-3.31160803E-01 2020 12 25 02 10 02
-3.05627004E-01 2020 12 25 02 15 02
-2.78413192E-01 2020 12 25 02 20 03
-2.61560947E-01 2020 12 25 02 25 02
-2.02528288E-01 2020 12 25 02 30 02
-1.30273812E-01 2020 12 25 02 35 02
-1.36670850E-01 2020 12 25 02 40 02
-1.57893650E-01 2020 12 25 02 45 02
-1.04868556E-01 2020 12 25 02 50 02
-1.34594486E-01 2020 12 25 02 55 02
-1.78796696E-01 2020 12 25 03 00 02
-1.29988668E-01 2020 12 25 03 05 02
-1.55643931E-01 2020 12 25 03 10 02
-1.33941535E-01 2020 12 25 03 15 02
-1.55978367E-01 2020 12 25 03 20 03
-1.75372264E-01 2020 12 25 03 25 02
-1.41233503E-01 2020 12 25 03 30 02
-2.73162479E-02 2020 12 25 03 35 02
-1.39898409E-01 2020 12 25 03 40 02
-1.11844211E-01 2020 12 25 03 45 03
-1.05402649E-01 2020 12 25 03 50 02
-8.71399909E-02 2020 12 25 03 55 02
-1.44516214E-01 2020 12 25 04 00 02
-1.19864676E-01 2020 12 25 04 05 02
-9.97013643E-02 2020 12 25 04 10 02
-5.99388720E-02 2020 12 25 04 15 02
-1.06470425E-01 2020 12 25 04 20 02
-1.05018405E-01 2020 12 25 04 25 02
-1.36005406E-01 2020 12 25 04 30 02
-1.86744962E-01 2020 12 25 04 35 02
-1.67961910E-01 2020 12 25 04 40 02
-1.77790378E-01 2020 12 25 04 45 02
-1.59738892E-01 2020 12 25 04 50 02
-1.46336890E-01 2020 12 25 04 55 02
-9.85315692E-02 2020 12 25 05 00 02
-1.26268483E-01 2020 12 25 05 05 02
-1.80605267E-01 2020 12 25 05 10 03
-1.62051551E-01 2020 12 25 05 15 02
-4.92635526E-02 2020 12 25 05 20 02
-1.70961613E-01 2020 12 25 05 25 02
-2.34395998E-01 2020 12 25 05 30 02
-2.70637820E-01 2020 12 25 05 35 02
-3.18809328E-01 2020 12 25 05 40 02
-2.96345007E-01 2020 12 25 05 45 02
-2.37184225E-01 2020 12 25 05 50 02
-2.90380330E-01 2020 12 25 05 55 02
-2.52244828E-01 2020 12 25 06 00 02
-3.43755246E-01 2020 12 25 06 05 02
-3.33905930E-01 2020 12 25 06 10 02
-2.55195188E-01 2020 12 25 06 15 02
-3.17629526E-01 2020 12 25 06 20 02
-2.97953292E-01 2020 12 25 06 25 02
-3.72027222E-01 2020 12 25 06 30 02
-3.61320045E-01 2020 12 25 06 35 03
-3.85533196E-01 2020 12 25 06 40 02
-3.59079077E-01 2020 12 25 06 45 02
-4.07072183E-01 2020 12 25 06 50 02
-4.35903127E-01 2020 12 25 06 55 02
-4.51455577E-01 2020 12 25 07 00 03
-3.80751716E-01 2020 12 25 07 05 02
-2.74594176E-01 2020 12 25 07 10 02
-2.95682553E-01 2020 12 25 07 15 02
-2.63429040E-01 2020 12 25 07 20 02
-5.04112605E-01 2020 12 25 07 25 02
-4.44651755E-01 2020 12 25 07 30 02
-4.80842582E-01 2020 12 25 07 35 03
-5.13398768E-01 2020 12 25 07 40 02
-4.88202239E-01 2020 12 25 07 45 02
-5.38470353E-01 2020 12 25 07 50 02
-5.92305740E-01 2020 12 25 07 55 02
-6.04795138E-01 2020 12 25 08 00 03
-5.98838975E-01 2020 12 25 08 05 02
-6.52518558E-01 2020 12 25 08 10 02
-5.90812277E-01 2020 12 25 08 15 02
-6.64643498E-01 2020 12 25 08 20 02
-6.03074338E-01 2020 12 25 08 25 02
-6.02530642E-01 2020 12 25 08 30 02
-6.83417537E-01 2020 12 25 08 35 02
-6.05269618E-01 2020 12 25 08 40 02
-7.07834260E-01 2020 12 25 08 45 02
-7.43405335E-01 2020 12 25 08 50 02
-7.52821823E-01 2020 12 25 08 55 02
-6.84722742E-01 2020 12 25 09 00 02
-7.58708790E-01 2020 12 25 09 05 02
-6.87744425E-01 2020 12 25 09 10 02
-8.44316588E-01 2020 12 25 09 15 02
-8.91467783E-01 2020 12 25 09 20 02
-8.62994568E-01 2020 12 25 09 25 03
-8.70454723E-01 2020 12 25 09 30 02
-7.61850931E-01 2020 12 25 09 35 02
-8.57140849E-01 2020 12 25 09 40 02
-7.56479517E-01 2020 12 25 09 45 02
-7.92515813E-01 2020 12 25 09 50 03
-8.88669824E-01 2020 12 25 09 55 02
-8.52454424E-01 2020 12 25 10 00 02
-8.71849475E-01 2020 12 25 10 05 02
-7.49383127E-01 2020 12 25 10 10 02
-6.99128839E-01 2020 12 25 10 15 03
-8.24438318E-01 2020 12 25 10 20 02
-7.92702990E-01 2020 12 25 10 25 02
-8.00851058E-01 2020 12 25 10 30 02
-7.08740993E-01 2020 12 25 10 35 02
-6.14079065E-01 2020 12 25 10 40 02
-6.21945769E-01 2020 12 25 10 45 02
-6.83014200E-01 2020 12 25 10 50 02
-5.79213969E-01 2020 12 25 10 55 02
-6.38545425E-01 2020 12 25 11 00 02
-5.49926646E-01 2020 12 25 11 05 02
-5.97032198E-01 2020 12 25 11 10 02
-4.41026019E-01 2020 12 25 11 15 03
-4.75379931E-01 2020 12 25 11 20 02
-4.82139663E-01 2020 12 25 11 25 02
-4.22592304E-01 2020 12 25 11 30 02
-4.39801725E-01 2020 12 25 11 35 02
-3.81669007E-01 2020 12 25 11 40 03
-4.54416391E-01 2020 12 25 11 45 02
-3.17700687E-01 2020 12 25 11 50 02
-3.49080061E-01 2020 12 25 11 55 02
-4.87937136E-01 2020 12 25 12 00 02
-3.19638897E-01 2020 12 25 12 05 02
-2.99221836E-01 2020 12 25 12 10 02
-3.18124749E-01 2020 12 25 12 15 02
-1.96583027E-01 2020 12 25 12 20 02
-2.05124621E-01 2020 12 25 12 25 02
-1.75507908E-01 2020 12 25 12 30 02
-2.51945806E-01 2020 12 25 12 35 02
-2.37668892E-01 2020 12 25 12 40 02
-2.12658890E-01 2020 12 25 12 45 02
-2.74304224E-01 2020 12 25 12 50 02
-2.26233867E-01 2020 12 25 12 55 02
-1.94848217E-01 2020 12 25 13 00 02
-2.09265103E-01 2020 12 25 13 05 03
-2.02307504E-01 2020 12 25 13 10 02
-7.02964139E-02 2020 12 25 13 15 02
-2.09925345E-01 2020 12 25 13 20 02
-1.33382761E-01 2020 12 25 13 25 02
-1.30519929E-01 2020 12 25 13 30 02
-5.29468611E-02 2020 12 25 13 35 02
-5.56933804E-02 2020 12 25 13 40 02
-1.12215097E-01 2020 12 25 13 45 02
-1.03954844E-01 2020 12 25 13 50 02
-1.62969500E-01 2020 12 25 13 55 02
-9.20146655E-02 2020 12 25 14 00 02
-1.44800705E-01 2020 12 25 14 05 02
-1.03111160E-01 2020 12 25 14 10 02
-6.65739779E-02 2020 12 25 14 15 02
-2.22992469E-01 2020 12 25 14 20 02
-2.50726906E-01 2020 12 25 14 25 02
-2.17732246E-01 2020 12 25 14 30 03
-1.09252389E-01 2020 12 25 14 35 02
-1.44579857E-01 2020 12 25 14 40 02
-2.47374827E-01 2020 12 25 14 45 02
-1.61948255E-01 2020 12 25 14 50 02
-1.69432173E-01 2020 12 25 14 55 02
-1.16967213E-01 2020 12 25 15 00 02
-2.06585578E-01 2020 12 25 15 05 02
-1.92253657E-01 2020 12 25 15 10 02
-1.61784460E-01 2020 12 25 15 15 02
-1.75559817E-01 2020 12 25 15 20 02
-1.47954982E-01 2020 12 25 15 25 02
-1.89739409E-01 2020 12 25 15 30 03
-1.40798633E-01 2020 12 25 15 35 02
-2.90583734E-01 2020 12 25 15 40 02
-3.33695685E-01 2020 12 25 15 45 02
-3.11157160E-01 2020 12 25 15 50 02
-2.27218491E-01 2020 12 25 15 55 02
-2.54235686E-01 2020 12 25 16 00 02
-2.49769668E-01 2020 12 25 16 05 02
-2.63058582E-01 2020 12 25 16 10 02
-3.88614161E-01 2020 12 25 16 15 02
-2.30457563E-01 2020 12 25 16 20 02
-3.57261809E-01 2020 12 25 16 25 02
-2.51995416E-01 2020 12 25 16 30 02
-3.25148757E-01 2020 12 25 16 35 02
-3.50225247E-01 2020 12 25 16 40 02
-3.18241127E-01 2020 12 25 16 45 02
-4.20525165E-01 2020 12 25 16 50 02
-3.61794940E-01 2020 12 25 16 55 03
-3.48925750E-01 2020 12 25 17 00 02
-3.28908235E-01 2020 12 25 17 05 02
-4.43173240E-01 2020 12 25 17 10 02
-4.13759282E-01 2020 12 25 17 15 02
-4.22144494E-01 2020 12 25 17 20 02
-5.09088065E-01 2020 12 25 17 25 02
-4.99549332E-01 2020 12 25 17 30 02
-4.24649291E-01 2020 12 25 17 35 02
-3.98267714E-01 2020 12 25 17 40 02
-4.44096940E-01 2020 12 25 17 45 02
-5.34485247E-01 2020 12 25 17 50 02
-4.25101792E-01 2020 12 25 17 55 02
-5.66391436E-01 2020 12 25 18 00 02
-5.43294826E-01 2020 12 25 18 05 02
-4.26155809E-01 2020 12 25 18 10 02
-4.82045732E-01 2020 12 25 18 15 02
-5.46500039E-01 2020 12 25 18 20 03
-4.80802769E-01 2020 12 25 18 25 02
-5.73637474E-01 2020 12 25 18 30 02
-6.02250666E-01 2020 12 25 18 35 02
-5.60913958E-01 2020 12 25 18 40 02
-4.33871872E-01 2020 12 25 18 45 02
-5.21571496E-01 2020 12 25 18 50 02
-5.04504080E-01 2020 12 25 18 55 02
-5.59465121E-01 2020 12 25 19 00 02
-5.60792932E-01 2020 12 25 19 05 02
-6.15650704E-01 2020 12 25 19 10 02
-4.99178033E-01 2020 12 25 19 15 02
-5.00331160E-01 2020 12 25 19 20 03
-5.15783189E-01 2020 12 25 19 25 02
-5.77807531E-01 2020 12 25 19 30 02
-7.11921378E-01 2020 12 25 19 35 02
-6.57961347E-01 2020 12 25 19 40 02
-7.30189347E-01 2020 12 25 19 45 03
-6.20297793E-01 2020 12 25 19 50 02
-6.40612252E-01 2020 12 25 19 55 02
-6.68423390E-01 2020 12 25 20 00 02
-7.04239313E-01 2020 12 25 20 05 02
-6.63189509E-01 2020 12 25 20 10 03
-6.83908791E-01 2020 12 25 20 15 02
-6.79480862E-01 2020 12 25 20 20 02
-6.97284285E-01 2020 12 25 20 25 02
-6.56659219E-01 2020 12 25 20 30 02
-6.68181919E-01 2020 12 25 20 35 02
-6.49859111E-01 2020 12 25 20 40 02
-7.00858212E-01 2020 12 25 20 45 02
-7.18167491E-01 2020 12 25 20 50 02
-8.01529692E-01 2020 12 25 20 55 02
-8.09220221E-01 2020 12 25 21 00 02
-8.21385227E-01 2020 12 25 21 05 02
-8.31630376E-01 2020 12 25 21 10 03
-8.43422021E-01 2020 12 25 21 15 02
-9.35866922E-01 2020 12 25 21 20 02
-9.08203147E-01 2020 12 25 21 25 02
-9.13053807E-01 2020 12 25 21 30 02
-8.37845354E-01 2020 12 25 21 35 02
-7.91935632E-01 2020 12 25 21 40 02
-7.66221664E-01 2020 12 25 21 45 02
-6.58772253E-01 2020 12 25 21 50 02
-6.39831765E-01 2020 12 25 21 55 02
-6.78456147E-01 2020 12 25 22 00 02
-6.72571067E-01 2020 12 25 22 05 02
-6.38490956E-01 2020 12 25 22 10 02
-6.77711151E-01 2020 12 25 22 15 02
-6.22752972E-01 2020 12 25 22 20 02
-6.50714243E-01 2020 12 25 22 25 02
-7.21086088E-01 2020 12 25 22 30 02
-7.09814228E-01 2020 12 25 22 35 03
-6.87562514E-01 2020 12 25 22 40 02
-6.83221916E-01 2020 12 25 22 45 02
-6.32715766E-01 2020 12 25 22 50 02
-5.72366359E-01 2020 12 25 22 55 02
-5.46264187E-01 2020 12 25 23 00 03
-4.60730789E-01 2020 12 25 23 05 02
-4.57360186E-01 2020 12 25 23 10 02
-4.39269409E-01 2020 12 25 23 15 02
-3.99176159E-01 2020 12 25 23 20 02
-3.76609883E-01 2020 12 25 23 25 03
-5.36138932E-01 2020 12 25 23 30 02
-5.51040591E-01 2020 12 25 23 35 02
-5.02347305E-01 2020 12 25 23 40 02
-4.53085991E-01 2020 12 25 23 45 02
-5.13712989E-01 2020 12 25 23 50 02
-5.86650534E-01 2020 12 25 23 55 02
