-3.50274198E-01 2020 12 08 00 00 03
-4.13532475E-01 2020 12 08 00 05 02
-4.56170489E-01 2020 12 08 00 10 02
-4.47095213E-01 2020 12 08 00 15 02
-4.66396577E-01 2020 12 08 00 20 02
-4.24880584E-01 2020 12 08 00 25 02
-3.30938928E-01 2020 12 08 00 30 03
-3.84300870E-01 2020 12 08 00 35 02
-3.51658296E-01 2020 12 08 00 40 02
-4.68331270E-01 2020 12 08 00 45 02
-5.24044346E-01 2020 12 08 00 50 02
-5.39967718E-01 2020 12 08 00 55 03
-5.21167732E-01 2020 12 08 01 00 02
-4.88466006E-01 2020 12 08 01 05 02
-5.29688363E-01 2020 12 08 01 10 02
-5.33687682E-01 2020 12 08 01 15 02
-4.92957833E-01 2020 12 08 01 20 02
-5.76771824E-01 2020 12 08 01 25 02
-4.88448051E-01 2020 12 08 01 30 02
-4.60196835E-01 2020 12 08 01 35 02
-4.40154372E-01 2020 12 08 01 40 02
-4.84282472E-01 2020 12 08 01 45 02
-4.82578638E-01 2020 12 08 01 50 02
-5.58435356E-01 2020 12 08 01 55 02
-5.22746380E-01 2020 12 08 02 00 02
-5.40878399E-01 2020 12 08 02 05 02
-5.87587734E-01 2020 12 08 02 10 02
-5.71468381E-01 2020 12 08 02 15 02
-4.99787838E-01 2020 12 08 02 20 03
-5.45054235E-01 2020 12 08 02 25 02
-5.54965275E-01 2020 12 08 02 30 02
-5.66992573E-01 2020 12 08 02 35 02
-5.96606136E-01 2020 12 08 02 40 02
-6.24899905E-01 2020 12 08 02 45 03
-6.51776319E-01 2020 12 08 02 50 02
-6.39982651E-01 2020 12 08 02 55 02
-6.57348888E-01 2020 12 08 03 00 02
-5.99553384E-01 2020 12 08 03 05 02
-5.75758812E-01 2020 12 08 03 10 02
-6.01921458E-01 2020 12 08 03 15 02
-6.42232066E-01 2020 12 08 03 20 02
-6.78105483E-01 2020 12 08 03 25 02
-6.83517759E-01 2020 12 08 03 30 02
-6.78115747E-01 2020 12 08 03 35 02
-7.04208241E-01 2020 12 08 03 40 02
-6.91540384E-01 2020 12 08 03 45 02
-7.13465532E-01 2020 12 08 03 50 02
-7.31846692E-01 2020 12 08 03 55 02
-7.26157291E-01 2020 12 08 04 00 02
-7.20758271E-01 2020 12 08 04 05 02
-7.33733816E-01 2020 12 08 04 10 03
-7.28725873E-01 2020 12 08 04 15 02
-7.05814947E-01 2020 12 08 04 20 02
-7.27483987E-01 2020 12 08 04 25 02
-7.21872626E-01 2020 12 08 04 30 02
-7.29399074E-01 2020 12 08 04 35 03
-7.31069678E-01 2020 12 08 04 40 02
-7.43737289E-01 2020 12 08 04 45 02
-7.39750453E-01 2020 12 08 04 50 02
-7.45687083E-01 2020 12 08 04 55 02
-7.45236115E-01 2020 12 08 05 00 02
-7.48684470E-01 2020 12 08 05 05 02
-7.60176715E-01 2020 12 08 05 10 02
-7.43352698E-01 2020 12 08 05 15 02
-7.71949368E-01 2020 12 08 05 20 02
-7.41262958E-01 2020 12 08 05 25 02
-7.27306991E-01 2020 12 08 05 30 02
-7.33522391E-01 2020 12 08 05 35 02
-7.13403287E-01 2020 12 08 05 40 02
-7.29287995E-01 2020 12 08 05 45 02
-7.21132711E-01 2020 12 08 05 50 02
-8.26638630E-01 2020 12 08 05 55 02
-7.23309113E-01 2020 12 08 06 00 02
-7.21835118E-01 2020 12 08 06 05 02
-7.10742597E-01 2020 12 08 06 10 02
-6.51155776E-01 2020 12 08 06 15 02
-6.90061598E-01 2020 12 08 06 20 02
-6.86632207E-01 2020 12 08 06 25 02
-7.07143996E-01 2020 12 08 06 30 02
-6.88339083E-01 2020 12 08 06 35 02
-6.72555070E-01 2020 12 08 06 40 02
-6.29588797E-01 2020 12 08 06 45 02
-6.91678898E-01 2020 12 08 06 50 03
-6.77069732E-01 2020 12 08 06 55 02
-6.00158608E-01 2020 12 08 07 00 02
-7.05609930E-01 2020 12 08 07 05 02
-6.15742802E-01 2020 12 08 07 10 02
-6.32443630E-01 2020 12 08 07 15 03
-5.71957119E-01 2020 12 08 07 20 02
-5.91343791E-01 2020 12 08 07 25 02
-6.58032743E-01 2020 12 08 07 30 02
-5.64635675E-01 2020 12 08 07 35 02
-6.69592631E-01 2020 12 08 07 40 02
-5.75068094E-01 2020 12 08 07 45 02
-5.93109047E-01 2020 12 08 07 50 02
-5.86590285E-01 2020 12 08 07 55 02
-6.42988077E-01 2020 12 08 08 00 02
-6.14535888E-01 2020 12 08 08 05 02
-5.87252628E-01 2020 12 08 08 10 02
-5.39120880E-01 2020 12 08 08 15 02
-5.72704635E-01 2020 12 08 08 20 02
-6.28273896E-01 2020 12 08 08 25 02
-5.73843346E-01 2020 12 08 08 30 02
-6.28783214E-01 2020 12 08 08 35 02
-6.87471357E-01 2020 12 08 08 40 03
-6.98992245E-01 2020 12 08 08 45 02
-6.90344459E-01 2020 12 08 08 50 02
-6.98525644E-01 2020 12 08 08 55 02
-6.89962600E-01 2020 12 08 09 00 02
-6.09561845E-01 2020 12 08 09 05 03
-5.63553221E-01 2020 12 08 09 10 02
-6.61004406E-01 2020 12 08 09 15 02
-5.69330826E-01 2020 12 08 09 20 02
-6.41377653E-01 2020 12 08 09 25 02
-6.05410073E-01 2020 12 08 09 30 02
-5.99526122E-01 2020 12 08 09 35 02
-5.45540112E-01 2020 12 08 09 40 02
-5.93548549E-01 2020 12 08 09 45 02
-5.71366231E-01 2020 12 08 09 50 02
-5.45526304E-01 2020 12 08 09 55 02
-5.89548339E-01 2020 12 08 10 00 02
-4.43113639E-01 2020 12 08 10 05 02
-5.35043650E-01 2020 12 08 10 10 02
-4.47749478E-01 2020 12 08 10 15 02
-4.83238419E-01 2020 12 08 10 20 02
-6.60393635E-01 2020 12 08 10 25 02
-4.21805796E-01 2020 12 08 10 30 02
-4.68314763E-01 2020 12 08 10 35 02
-4.63435151E-01 2020 12 08 10 40 02
-3.52054662E-01 2020 12 08 10 45 02
-3.13256138E-01 2020 12 08 10 50 02
-3.00800930E-01 2020 12 08 10 55 03
-2.92532088E-01 2020 12 08 11 00 02
-2.58825047E-01 2020 12 08 11 05 02
-3.15323999E-01 2020 12 08 11 10 02
-2.43879774E-01 2020 12 08 11 15 02
-2.86368853E-01 2020 12 08 11 20 03
-1.90586896E-01 2020 12 08 11 25 02
-1.43839182E-01 2020 12 08 11 30 02
-1.07399094E-01 2020 12 08 11 35 02
+9.89732820E-02 2020 12 08 11 40 02
-1.09571198E-01 2020 12 08 11 45 03
-2.90301737E-03 2020 12 08 11 50 02
-1.71089338E-02 2020 12 08 11 55 02
+9.26326449E-02 2020 12 08 12 00 02
+1.34274521E-01 2020 12 08 12 05 02
+2.79159970E-02 2020 12 08 12 10 02
+2.00405767E-01 2020 12 08 12 15 02
+2.03973137E-01 2020 12 08 12 20 02
+1.81314204E-01 2020 12 08 12 25 02
+1.98732779E-01 2020 12 08 12 30 02
+2.94965888E-01 2020 12 08 12 35 02
+3.00015423E-01 2020 12 08 12 40 02
+3.31507224E-01 2020 12 08 12 45 02
+3.22746880E-01 2020 12 08 12 50 02
+2.60877472E-01 2020 12 08 12 55 02
+3.53245326E-01 2020 12 08 13 00 02
+3.05791136E-01 2020 12 08 13 05 02
+2.97588280E-01 2020 12 08 13 10 02
+2.27186101E-01 2020 12 08 13 15 02
+2.44688903E-01 2020 12 08 13 20 02
+2.35804498E-01 2020 12 08 13 25 02
+1.67896060E-01 2020 12 08 13 30 02
+1.78921074E-01 2020 12 08 13 35 03
+1.18196475E-01 2020 12 08 13 40 02
+1.90226804E-01 2020 12 08 13 45 02
+2.05139376E-01 2020 12 08 13 50 02
+1.23172701E-01 2020 12 08 13 55 02
+2.12130434E-01 2020 12 08 14 00 03
+1.37163481E-01 2020 12 08 14 05 02
+1.69047193E-01 2020 12 08 14 10 02
+1.60095926E-01 2020 12 08 14 15 02
+1.79550321E-01 2020 12 08 14 20 02
+1.28596729E-01 2020 12 08 14 25 03
+1.11577240E-01 2020 12 08 14 30 02
+1.42089544E-01 2020 12 08 14 35 02
+1.11074826E-01 2020 12 08 14 40 02
-7.20218309E-03 2020 12 08 14 45 02
-1.51883023E-02 2020 12 08 14 50 02
-5.22885520E-02 2020 12 08 14 55 02
-9.22959297E-02 2020 12 08 15 00 02
-1.62048784E-01 2020 12 08 15 05 02
-1.03883750E-01 2020 12 08 15 10 02
-1.98842946E-01 2020 12 08 15 15 02
-3.71284036E-01 2020 12 08 15 20 02
-2.77312239E-01 2020 12 08 15 25 02
-2.83998999E-01 2020 12 08 15 30 02
-3.18770213E-01 2020 12 08 15 35 02
-3.76435722E-01 2020 12 08 15 40 02
-3.69786875E-01 2020 12 08 15 45 02
-4.44742371E-01 2020 12 08 15 50 03
-4.76435996E-01 2020 12 08 15 55 02
-4.88882811E-01 2020 12 08 16 00 02
-4.88597053E-01 2020 12 08 16 05 02
-5.62558518E-01 2020 12 08 16 10 02
-5.41765595E-01 2020 12 08 16 15 03
-5.16250983E-01 2020 12 08 16 20 02
-5.76887200E-01 2020 12 08 16 25 02
-6.72575162E-01 2020 12 08 16 30 02
-6.66043513E-01 2020 12 08 16 35 02
-7.05173943E-01 2020 12 08 16 40 03
-6.94812766E-01 2020 12 08 16 45 02
-7.05645507E-01 2020 12 08 16 50 02
-7.34944975E-01 2020 12 08 16 55 02
-8.52997051E-01 2020 12 08 17 00 02
-7.88219209E-01 2020 12 08 17 05 02
-7.88299527E-01 2020 12 08 17 10 02
-7.81944466E-01 2020 12 08 17 15 02
-7.93344311E-01 2020 12 08 17 20 02
-7.74517083E-01 2020 12 08 17 25 02
-8.46358773E-01 2020 12 08 17 30 02
-9.41777399E-01 2020 12 08 17 35 02
-8.75518730E-01 2020 12 08 17 40 02
-8.33721757E-01 2020 12 08 17 45 02
-8.12312325E-01 2020 12 08 17 50 02
-8.14837631E-01 2020 12 08 17 55 02
-7.71842568E-01 2020 12 08 18 00 02
-6.92065313E-01 2020 12 08 18 05 03
-6.51953096E-01 2020 12 08 18 10 02
-7.63347148E-01 2020 12 08 18 15 02
-7.35052810E-01 2020 12 08 18 20 02
-7.21628625E-01 2020 12 08 18 25 02
-7.79609833E-01 2020 12 08 18 30 02
-7.71049040E-01 2020 12 08 18 35 02
-8.06961742E-01 2020 12 08 18 40 02
-7.60956029E-01 2020 12 08 18 45 02
-8.26140953E-01 2020 12 08 18 50 02
-7.81688004E-01 2020 12 08 18 55 02
-7.91439037E-01 2020 12 08 19 00 02
-7.83126782E-01 2020 12 08 19 05 02
-7.57020963E-01 2020 12 08 19 10 02
-7.35011805E-01 2020 12 08 19 15 02
-7.88772136E-01 2020 12 08 19 20 02
-8.05429422E-01 2020 12 08 19 25 02
-8.40070635E-01 2020 12 08 19 30 03
-7.80814488E-01 2020 12 08 19 35 02
-8.11734590E-01 2020 12 08 19 40 02
-7.66263759E-01 2020 12 08 19 45 02
-7.52072597E-01 2020 12 08 19 50 02
-7.35144478E-01 2020 12 08 19 55 03
-5.66954244E-01 2020 12 08 20 00 02
-6.14923941E-01 2020 12 08 20 05 02
-6.85525478E-01 2020 12 08 20 10 02
-8.30161478E-01 2020 12 08 20 15 02
-7.65260648E-01 2020 12 08 20 20 03
-7.33402614E-01 2020 12 08 20 25 02
-6.51979781E-01 2020 12 08 20 30 02
-5.97195153E-01 2020 12 08 20 35 02
-5.91899884E-01 2020 12 08 20 40 02
-6.13351645E-01 2020 12 08 20 45 03
-6.18154611E-01 2020 12 08 20 50 02
-6.12407182E-01 2020 12 08 20 55 02
-5.07582027E-01 2020 12 08 21 00 02
-5.15214253E-01 2020 12 08 21 05 02
-5.48128344E-01 2020 12 08 21 10 03
-4.75890552E-01 2020 12 08 21 15 02
-5.07980300E-01 2020 12 08 21 20 02
-5.60809768E-01 2020 12 08 21 25 02
-4.60783307E-01 2020 12 08 21 30 02
-5.35980099E-01 2020 12 08 21 35 02
-4.98489519E-01 2020 12 08 21 40 02
-5.87821305E-01 2020 12 08 21 45 02
-5.97124395E-01 2020 12 08 21 50 02
-5.01945193E-01 2020 12 08 21 55 02
-5.19140657E-01 2020 12 08 22 00 02
-5.10666362E-01 2020 12 08 22 05 02
-5.20209849E-01 2020 12 08 22 10 02
-4.43776863E-01 2020 12 08 22 15 02
-4.55649992E-01 2020 12 08 22 20 02
-3.93478181E-01 2020 12 08 22 25 02
-3.41812182E-01 2020 12 08 22 30 02
-3.66940376E-01 2020 12 08 22 35 03
-3.42011932E-01 2020 12 08 22 40 02
-3.90157392E-01 2020 12 08 22 45 02
-3.99397642E-01 2020 12 08 22 50 02
-3.03109109E-01 2020 12 08 22 55 02
-4.40810783E-01 2020 12 08 23 00 03
-3.64955103E-01 2020 12 08 23 05 02
-3.45394778E-01 2020 12 08 23 10 02
-3.24889352E-01 2020 12 08 23 15 02
-3.36430662E-01 2020 12 08 23 20 02
-3.31308404E-01 2020 12 08 23 25 03
-2.90415192E-01 2020 12 08 23 30 02
-2.90594142E-01 2020 12 08 23 35 02
-3.27915575E-01 2020 12 08 23 40 02
-2.94192156E-01 2020 12 08 23 45 02
-3.31400323E-01 2020 12 08 23 50 03
-3.02763424E-01 2020 12 08 23 55 02
