-9.16735937E-01 2020 12 13 00 00 02
-8.36669521E-01 2020 12 13 00 05 02
-9.54802808E-01 2020 12 13 00 10 02
-9.12807610E-01 2020 12 13 00 15 02
-7.74785455E-01 2020 12 13 00 20 02
-7.80674301E-01 2020 12 13 00 25 02
-8.48013955E-01 2020 12 13 00 30 03
-8.19075991E-01 2020 12 13 00 35 02
-7.33297877E-01 2020 12 13 00 40 02
-7.02970126E-01 2020 12 13 00 45 02
-6.12031080E-01 2020 12 13 00 50 02
-5.57463480E-01 2020 12 13 00 55 03
-5.30577275E-01 2020 12 13 01 00 02
-5.87596768E-01 2020 12 13 01 05 02
-5.61868231E-01 2020 12 13 01 10 02
-5.32915549E-01 2020 12 13 01 15 02
-3.98714383E-01 2020 12 13 01 20 02
-4.55399199E-01 2020 12 13 01 25 02
-4.54563589E-01 2020 12 13 01 30 02
-4.37435120E-01 2020 12 13 01 35 02
-4.11495311E-01 2020 12 13 01 40 02
-4.04818029E-01 2020 12 13 01 45 02
-3.40743397E-01 2020 12 13 01 50 02
-3.21613930E-01 2020 12 13 01 55 03
-3.25289093E-01 2020 12 13 02 00 02
-2.95814535E-01 2020 12 13 02 05 02
-2.55285506E-01 2020 12 13 02 10 02
-2.35819350E-01 2020 12 13 02 15 02
-2.65002807E-01 2020 12 13 02 20 03
-2.32020920E-01 2020 12 13 02 25 02
-1.86166525E-01 2020 12 13 02 30 02
-1.46983389E-01 2020 12 13 02 35 02
-7.05294225E-02 2020 12 13 02 40 02
-7.67843419E-02 2020 12 13 02 45 03
-6.18296176E-02 2020 12 13 02 50 02
-4.44228008E-02 2020 12 13 02 55 02
-5.49264435E-02 2020 12 13 03 00 02
-5.55359789E-02 2020 12 13 03 05 02
+7.22059292E-03 2020 12 13 03 10 02
+7.10772102E-02 2020 12 13 03 15 02
+4.89883366E-02 2020 12 13 03 20 02
+7.21002328E-02 2020 12 13 03 25 02
+4.04253427E-02 2020 12 13 03 30 02
+9.45451685E-02 2020 12 13 03 35 02
+7.04403719E-02 2020 12 13 03 40 02
+5.45180981E-02 2020 12 13 03 45 02
+1.51059648E-01 2020 12 13 03 50 02
+2.15943680E-01 2020 12 13 03 55 02
+1.82895750E-01 2020 12 13 04 00 02
+2.49222668E-01 2020 12 13 04 05 02
+2.40080959E-01 2020 12 13 04 10 02
+2.68948925E-01 2020 12 13 04 15 02
+2.69382873E-01 2020 12 13 04 20 02
+3.54557112E-01 2020 12 13 04 25 02
+2.84791981E-01 2020 12 13 04 30 02
+1.66399158E-01 2020 12 13 04 35 03
+1.77384398E-01 2020 12 13 04 40 02
+2.45809567E-01 2020 12 13 04 45 02
+2.27721320E-01 2020 12 13 04 50 02
+2.32569972E-01 2020 12 13 04 55 02
+2.49107948E-01 2020 12 13 05 00 03
+2.15187829E-01 2020 12 13 05 05 02
+2.53290370E-01 2020 12 13 05 10 02
+2.38029235E-01 2020 12 13 05 15 02
+2.31180362E-01 2020 12 13 05 20 02
+2.31841228E-01 2020 12 13 05 25 03
+2.45304307E-01 2020 12 13 05 30 02
+1.82875161E-01 2020 12 13 05 35 02
+1.60616717E-01 2020 12 13 05 40 02
+1.84700981E-01 2020 12 13 05 45 02
+1.33264578E-01 2020 12 13 05 50 02
+1.22772335E-01 2020 12 13 05 55 02
+1.29268320E-01 2020 12 13 06 00 02
+1.83292731E-01 2020 12 13 06 05 02
+2.17151089E-01 2020 12 13 06 10 02
+2.93779170E-01 2020 12 13 06 15 02
+2.49630595E-01 2020 12 13 06 20 02
+3.35805987E-01 2020 12 13 06 25 02
+2.20131386E-01 2020 12 13 06 30 02
+2.30651894E-01 2020 12 13 06 35 02
+9.14307542E-02 2020 12 13 06 40 02
+8.36266659E-02 2020 12 13 06 45 02
+5.32230269E-02 2020 12 13 06 50 02
+7.28831278E-02 2020 12 13 06 55 02
-2.01361546E-02 2020 12 13 07 00 02
-1.86286694E-02 2020 12 13 07 05 02
-8.29788674E-02 2020 12 13 07 10 02
-1.14890591E-01 2020 12 13 07 15 03
-1.05436904E-01 2020 12 13 07 20 02
-1.86333596E-01 2020 12 13 07 25 02
-2.59011010E-01 2020 12 13 07 30 02
-2.44676657E-01 2020 12 13 07 35 02
-2.46110009E-01 2020 12 13 07 40 03
-2.99057116E-01 2020 12 13 07 45 02
-2.92702181E-01 2020 12 13 07 50 02
-3.75143553E-01 2020 12 13 07 55 02
-4.74718459E-01 2020 12 13 08 00 02
-4.40234035E-01 2020 12 13 08 05 02
-6.34387364E-01 2020 12 13 08 10 02
-5.15009538E-01 2020 12 13 08 15 02
-5.37873133E-01 2020 12 13 08 20 02
-6.26045329E-01 2020 12 13 08 25 02
-5.61254731E-01 2020 12 13 08 30 02
-5.98227606E-01 2020 12 13 08 35 02
-6.44860073E-01 2020 12 13 08 40 02
-7.20792509E-01 2020 12 13 08 45 02
-8.08572474E-01 2020 12 13 08 50 02
-8.15759261E-01 2020 12 13 08 55 02
-8.03892137E-01 2020 12 13 09 00 02
-7.70642707E-01 2020 12 13 09 05 03
-9.20174316E-01 2020 12 13 09 10 02
-9.08676703E-01 2020 12 13 09 15 02
-8.87011150E-01 2020 12 13 09 20 02
-8.87335655E-01 2020 12 13 09 25 02
-9.11916879E-01 2020 12 13 09 30 03
-9.00335526E-01 2020 12 13 09 35 02
-9.44978563E-01 2020 12 13 09 40 02
-9.27449573E-01 2020 12 13 09 45 02
-1.05391035E+00 2020 12 13 09 50 02
-1.06556140E+00 2020 12 13 09 55 02
-1.01404714E+00 2020 12 13 10 00 02
-1.00670464E+00 2020 12 13 10 05 02
-1.09318541E+00 2020 12 13 10 10 02
-1.03858234E+00 2020 12 13 10 15 02
-1.03167294E+00 2020 12 13 10 20 02
-1.16784891E+00 2020 12 13 10 25 02
-1.17358916E+00 2020 12 13 10 30 02
-1.17438448E+00 2020 12 13 10 35 02
-1.13638013E+00 2020 12 13 10 40 02
-1.15557692E+00 2020 12 13 10 45 02
-1.15183008E+00 2020 12 13 10 50 02
-1.07098260E+00 2020 12 13 10 55 03
-1.02321674E+00 2020 12 13 11 00 02
-9.78906597E-01 2020 12 13 11 05 02
-9.17497293E-01 2020 12 13 11 10 02
-8.75451362E-01 2020 12 13 11 15 02
-9.38916578E-01 2020 12 13 11 20 02
-9.58569776E-01 2020 12 13 11 25 02
-9.41014501E-01 2020 12 13 11 30 02
-1.00068731E+00 2020 12 13 11 35 02
-9.67639172E-01 2020 12 13 11 40 02
-8.14377381E-01 2020 12 13 11 45 02
-8.59149151E-01 2020 12 13 11 50 02
-9.51761313E-01 2020 12 13 11 55 02
-8.96599727E-01 2020 12 13 12 00 02
-8.34058263E-01 2020 12 13 12 05 02
-8.47778521E-01 2020 12 13 12 10 02
-8.57887063E-01 2020 12 13 12 15 02
-9.43335032E-01 2020 12 13 12 20 03
-8.61508865E-01 2020 12 13 12 25 02
-8.26388641E-01 2020 12 13 12 30 02
-8.41365924E-01 2020 12 13 12 35 02
-7.24284079E-01 2020 12 13 12 40 02
-9.01221842E-01 2020 12 13 12 45 03
-8.23979591E-01 2020 12 13 12 50 02
-7.41904557E-01 2020 12 13 12 55 02
-7.44985652E-01 2020 12 13 13 00 02
-7.31281113E-01 2020 12 13 13 05 02
-7.57143194E-01 2020 12 13 13 10 03
-7.36426291E-01 2020 12 13 13 15 02
-7.84490172E-01 2020 12 13 13 20 02
-7.38488351E-01 2020 12 13 13 25 02
-7.36029648E-01 2020 12 13 13 30 02
-7.02143004E-01 2020 12 13 13 35 02
-6.42238931E-01 2020 12 13 13 40 02
-6.31239994E-01 2020 12 13 13 45 02
-6.40263362E-01 2020 12 13 13 50 02
-5.96086943E-01 2020 12 13 13 55 02
-6.25355100E-01 2020 12 13 14 00 02
-5.59464773E-01 2020 12 13 14 05 02
-5.17142181E-01 2020 12 13 14 10 03
-5.44183752E-01 2020 12 13 14 15 02
-4.84156547E-01 2020 12 13 14 20 02
-4.64760770E-01 2020 12 13 14 25 02
-5.59775770E-01 2020 12 13 14 30 02
-5.01338783E-01 2020 12 13 14 35 02
-4.52572029E-01 2020 12 13 14 40 02
-4.37776479E-01 2020 12 13 14 45 02
-4.37022661E-01 2020 12 13 14 50 02
-3.94170980E-01 2020 12 13 14 55 02
-3.70357172E-01 2020 12 13 15 00 02
-4.15382657E-01 2020 12 13 15 05 02
-4.20807275E-01 2020 12 13 15 10 03
-3.83193343E-01 2020 12 13 15 15 02
-3.98234141E-01 2020 12 13 15 20 02
-3.90888145E-01 2020 12 13 15 25 02
-3.61853682E-01 2020 12 13 15 30 02
-3.34017066E-01 2020 12 13 15 35 03
-4.32048883E-01 2020 12 13 15 40 02
-3.77715805E-01 2020 12 13 15 45 02
-3.36037125E-01 2020 12 13 15 50 02
-2.63397344E-01 2020 12 13 15 55 02
-4.08805070E-01 2020 12 13 16 00 03
-3.85996993E-01 2020 12 13 16 05 02
-3.93224425E-01 2020 12 13 16 10 02
-3.90747006E-01 2020 12 13 16 15 02
-3.64964053E-01 2020 12 13 16 20 02
-3.46575584E-01 2020 12 13 16 25 02
-3.33899273E-01 2020 12 13 16 30 02
-3.91400834E-01 2020 12 13 16 35 03
-3.71915489E-01 2020 12 13 16 40 02
-3.44391222E-01 2020 12 13 16 45 02
-3.84492749E-01 2020 12 13 16 50 02
-3.56702572E-01 2020 12 13 16 55 02
-3.66806362E-01 2020 12 13 17 00 03
-3.02463168E-01 2020 12 13 17 05 02
-3.65124537E-01 2020 12 13 17 10 02
-3.42013513E-01 2020 12 13 17 15 02
-3.32168974E-01 2020 12 13 17 20 02
-3.75264177E-01 2020 12 13 17 25 03
-3.87289566E-01 2020 12 13 17 30 02
-3.50958856E-01 2020 12 13 17 35 02
-2.89637088E-01 2020 12 13 17 40 02
-3.52112820E-01 2020 12 13 17 45 02
-3.84743542E-01 2020 12 13 17 50 02
-3.09356792E-01 2020 12 13 17 55 02
-3.00438302E-01 2020 12 13 18 00 02
-2.80720525E-01 2020 12 13 18 05 02
-4.27609255E-01 2020 12 13 18 10 02
-3.73095890E-01 2020 12 13 18 15 02
-4.13647426E-01 2020 12 13 18 20 02
-4.54240106E-01 2020 12 13 18 25 02
-4.56652680E-01 2020 12 13 18 30 02
-5.09304201E-01 2020 12 13 18 35 02
-4.68830231E-01 2020 12 13 18 40 02
-5.00059605E-01 2020 12 13 18 45 02
-4.70057956E-01 2020 12 13 18 50 02
-4.86191793E-01 2020 12 13 18 55 02
-5.49499185E-01 2020 12 13 19 00 02
-5.41331293E-01 2020 12 13 19 05 02
-5.64444556E-01 2020 12 13 19 10 02
-5.55326609E-01 2020 12 13 19 15 03
-5.21741551E-01 2020 12 13 19 20 02
-5.89223531E-01 2020 12 13 19 25 02
-6.29215047E-01 2020 12 13 19 30 02
-8.20496411E-01 2020 12 13 19 35 02
-6.99877033E-01 2020 12 13 19 40 03
-7.90963970E-01 2020 12 13 19 45 02
-6.77913967E-01 2020 12 13 19 50 02
-7.18948380E-01 2020 12 13 19 55 02
-7.81328980E-01 2020 12 13 20 00 02
-7.55925260E-01 2020 12 13 20 05 02
-7.65665327E-01 2020 12 13 20 10 02
-8.33228028E-01 2020 12 13 20 15 02
-8.31725369E-01 2020 12 13 20 20 02
-9.09056515E-01 2020 12 13 20 25 02
-8.80297281E-01 2020 12 13 20 30 02
-8.52913309E-01 2020 12 13 20 35 02
-9.31731270E-01 2020 12 13 20 40 02
-9.80513992E-01 2020 12 13 20 45 02
-9.96335862E-01 2020 12 13 20 50 02
-1.03452402E+00 2020 12 13 20 55 02
-9.92816236E-01 2020 12 13 21 00 02
-9.84697862E-01 2020 12 13 21 05 03
-9.92533485E-01 2020 12 13 21 10 02
-9.96677040E-01 2020 12 13 21 15 02
-1.06464580E+00 2020 12 13 21 20 02
-1.01269249E+00 2020 12 13 21 25 02
-1.08490925E+00 2020 12 13 21 30 03
-1.05751845E+00 2020 12 13 21 35 02
-1.12371972E+00 2020 12 13 21 40 02
-1.14082339E+00 2020 12 13 21 45 02
-1.20255462E+00 2020 12 13 21 50 02
-1.12217106E+00 2020 12 13 21 55 02
-1.20037866E+00 2020 12 13 22 00 02
-1.18782016E+00 2020 12 13 22 05 02
-1.25000117E+00 2020 12 13 22 10 02
-1.14020954E+00 2020 12 13 22 15 02
-1.26931196E+00 2020 12 13 22 20 02
-1.22404690E+00 2020 12 13 22 25 02
-1.22887156E+00 2020 12 13 22 30 02
-1.29256230E+00 2020 12 13 22 35 02
-1.25785629E+00 2020 12 13 22 40 02
-1.26470674E+00 2020 12 13 22 45 02
-1.30582602E+00 2020 12 13 22 50 02
-1.29215282E+00 2020 12 13 22 55 03
-1.33705237E+00 2020 12 13 23 00 02
-1.28428417E+00 2020 12 13 23 05 02
-1.24401708E+00 2020 12 13 23 10 02
-1.26273185E+00 2020 12 13 23 15 02
-1.24043806E+00 2020 12 13 23 20 03
-1.32434316E+00 2020 12 13 23 25 02
-1.33682650E+00 2020 12 13 23 30 02
-1.26943143E+00 2020 12 13 23 35 02
-1.20821764E+00 2020 12 13 23 40 02
-1.21455015E+00 2020 12 13 23 45 03
-1.19860430E+00 2020 12 13 23 50 02
-1.18916887E+00 2020 12 13 23 55 02
