-1.01535875E+00 2020 12 02 00 00 02
-1.01127625E+00 2020 12 02 00 05 02
-9.81943131E-01 2020 12 02 00 10 02
-1.08530545E+00 2020 12 02 00 15 02
-9.37796257E-01 2020 12 02 00 20 02
-9.72337330E-01 2020 12 02 00 25 02
-9.87061466E-01 2020 12 02 00 30 02
-1.00005794E+00 2020 12 02 00 35 02
-1.00047175E+00 2020 12 02 00 40 02
-1.01469167E+00 2020 12 02 00 45 02
-1.01885426E+00 2020 12 02 00 50 02
-1.00612626E+00 2020 12 02 00 55 02
-1.01963230E+00 2020 12 02 01 00 02
-1.00983069E+00 2020 12 02 01 05 03
-1.00798594E+00 2020 12 02 01 10 02
-1.00856397E+00 2020 12 02 01 15 02
-9.90096757E-01 2020 12 02 01 20 02
-9.46703906E-01 2020 12 02 01 25 02
-9.62437747E-01 2020 12 02 01 30 03
-9.59008714E-01 2020 12 02 01 35 02
-9.28744223E-01 2020 12 02 01 40 02
-8.88599437E-01 2020 12 02 01 45 02
-8.83948819E-01 2020 12 02 01 50 02
-8.73016231E-01 2020 12 02 01 55 02
-8.66885449E-01 2020 12 02 02 00 02
-8.69027139E-01 2020 12 02 02 05 02
-8.34816706E-01 2020 12 02 02 10 02
-8.06792852E-01 2020 12 02 02 15 02
-7.99389702E-01 2020 12 02 02 20 02
-7.87680178E-01 2020 12 02 02 25 02
-7.69034440E-01 2020 12 02 02 30 02
-7.21044626E-01 2020 12 02 02 35 02
-6.95974327E-01 2020 12 02 02 40 02
-6.86876549E-01 2020 12 02 02 45 02
-6.67298437E-01 2020 12 02 02 50 02
-6.32145520E-01 2020 12 02 02 55 03
-6.01920673E-01 2020 12 02 03 00 02
-5.89325323E-01 2020 12 02 03 05 02
-5.68235669E-01 2020 12 02 03 10 02
-5.52556418E-01 2020 12 02 03 15 02
-5.36204648E-01 2020 12 02 03 20 02
-4.98980595E-01 2020 12 02 03 25 02
-4.53248213E-01 2020 12 02 03 30 02
-4.09251941E-01 2020 12 02 03 35 02
-3.89443588E-01 2020 12 02 03 40 02
-3.63069717E-01 2020 12 02 03 45 02
-3.22865574E-01 2020 12 02 03 50 02
-3.17972844E-01 2020 12 02 03 55 02
-3.08335460E-01 2020 12 02 04 00 02
-2.74345683E-01 2020 12 02 04 05 02
-2.46829947E-01 2020 12 02 04 10 02
-2.10906309E-01 2020 12 02 04 15 02
-1.97872193E-01 2020 12 02 04 20 03
-1.80287832E-01 2020 12 02 04 25 02
-1.45722475E-01 2020 12 02 04 30 02
-1.24238665E-01 2020 12 02 04 35 02
-9.37146022E-02 2020 12 02 04 40 02
-7.81997276E-02 2020 12 02 04 45 03
-3.60736551E-02 2020 12 02 04 50 02
-1.32571309E-02 2020 12 02 04 55 02
+9.08493114E-03 2020 12 02 05 00 02
+4.29518384E-02 2020 12 02 05 05 02
+8.26672993E-02 2020 12 02 05 10 03
+6.48476966E-02 2020 12 02 05 15 02
+8.82663127E-02 2020 12 02 05 20 02
+1.14334645E-01 2020 12 02 05 25 02
+1.56720860E-01 2020 12 02 05 30 02
+1.57612527E-01 2020 12 02 05 35 02
+1.77201165E-01 2020 12 02 05 40 02
+1.59508861E-01 2020 12 02 05 45 02
+1.87725915E-01 2020 12 02 05 50 02
+1.98262102E-01 2020 12 02 05 55 02
+2.34714415E-01 2020 12 02 06 00 02
+2.19734776E-01 2020 12 02 06 05 02
+2.57018077E-01 2020 12 02 06 10 02
+2.64633710E-01 2020 12 02 06 15 02
+2.87545664E-01 2020 12 02 06 20 02
+2.74373716E-01 2020 12 02 06 25 02
+2.82888971E-01 2020 12 02 06 30 02
+2.97253451E-01 2020 12 02 06 35 02
+2.08270233E-01 2020 12 02 06 40 02
+3.02891766E-01 2020 12 02 06 45 02
+2.54875892E-01 2020 12 02 06 50 02
+3.22495458E-01 2020 12 02 06 55 02
+3.42409361E-01 2020 12 02 07 00 03
+3.53618720E-01 2020 12 02 07 05 02
+3.25845606E-01 2020 12 02 07 10 02
+3.41878788E-01 2020 12 02 07 15 02
+3.55390291E-01 2020 12 02 07 20 02
+3.50181305E-01 2020 12 02 07 25 02
+3.40534661E-01 2020 12 02 07 30 02
+3.35627609E-01 2020 12 02 07 35 02
+3.65637769E-01 2020 12 02 07 40 02
+3.03800520E-01 2020 12 02 07 45 02
+2.72091253E-01 2020 12 02 07 50 02
+2.69255492E-01 2020 12 02 07 55 02
+2.57762379E-01 2020 12 02 08 00 02
+2.57713414E-01 2020 12 02 08 05 02
+2.51958940E-01 2020 12 02 08 10 02
+7.68560503E-02 2020 12 02 08 15 02
+1.60317402E-01 2020 12 02 08 20 02
+9.15427091E-02 2020 12 02 08 25 02
+1.07827213E-01 2020 12 02 08 30 02
+6.46542004E-02 2020 12 02 08 35 02
-1.83536427E-02 2020 12 02 08 40 02
-2.57788002E-02 2020 12 02 08 45 02
+2.27523682E-03 2020 12 02 08 50 03
+3.43336368E-02 2020 12 02 08 55 02
-1.78870792E-02 2020 12 02 09 00 02
-3.03886747E-02 2020 12 02 09 05 02
-4.42542632E-02 2020 12 02 09 10 02
-1.20853791E-01 2020 12 02 09 15 03
-1.29617322E-01 2020 12 02 09 20 02
-1.64336795E-01 2020 12 02 09 25 02
-2.23675564E-01 2020 12 02 09 30 02
-2.25903364E-01 2020 12 02 09 35 02
-2.26143335E-01 2020 12 02 09 40 02
-2.90136044E-01 2020 12 02 09 45 02
-3.37144588E-01 2020 12 02 09 50 02
-3.65208076E-01 2020 12 02 09 55 02
-4.81044056E-01 2020 12 02 10 00 02
-4.55255888E-01 2020 12 02 10 05 02
-5.49852202E-01 2020 12 02 10 10 02
-4.84496104E-01 2020 12 02 10 15 02
-5.21915109E-01 2020 12 02 10 20 02
-5.61150346E-01 2020 12 02 10 25 02
-5.69613032E-01 2020 12 02 10 30 02
-6.40513821E-01 2020 12 02 10 35 02
-7.72118985E-01 2020 12 02 10 40 03
-6.48537580E-01 2020 12 02 10 45 02
-6.57186279E-01 2020 12 02 10 50 02
-6.66964967E-01 2020 12 02 10 55 02
-7.53490806E-01 2020 12 02 11 00 02
-6.95673115E-01 2020 12 02 11 05 03
-8.23913347E-01 2020 12 02 11 10 02
-7.89552985E-01 2020 12 02 11 15 02
-7.37361668E-01 2020 12 02 11 20 02
-6.89884441E-01 2020 12 02 11 25 02
-7.15339992E-01 2020 12 02 11 30 02
-7.12174162E-01 2020 12 02 11 35 02
-7.25043740E-01 2020 12 02 11 40 02
-7.83004214E-01 2020 12 02 11 45 02
-7.03063331E-01 2020 12 02 11 50 02
-6.92877695E-01 2020 12 02 11 55 02
-7.04784540E-01 2020 12 02 12 00 02
-7.04209725E-01 2020 12 02 12 05 02
-7.52700194E-01 2020 12 02 12 10 02
-6.41264214E-01 2020 12 02 12 15 02
-6.31805102E-01 2020 12 02 12 20 02
-6.34655032E-01 2020 12 02 12 25 02
-7.98754997E-01 2020 12 02 12 30 03
-6.41635515E-01 2020 12 02 12 35 02
-5.98793418E-01 2020 12 02 12 40 02
-5.86897829E-01 2020 12 02 12 45 02
-5.60900662E-01 2020 12 02 12 50 02
-6.61021514E-01 2020 12 02 12 55 03
-6.62004905E-01 2020 12 02 13 00 02
-6.25053773E-01 2020 12 02 13 05 02
-5.90887715E-01 2020 12 02 13 10 02
-5.43723592E-01 2020 12 02 13 15 02
-6.64516532E-01 2020 12 02 13 20 02
-6.41191055E-01 2020 12 02 13 25 02
-7.49899554E-01 2020 12 02 13 30 02
-6.83549460E-01 2020 12 02 13 35 02
-7.45149585E-01 2020 12 02 13 40 02
-6.45751720E-01 2020 12 02 13 45 02
-7.05011608E-01 2020 12 02 13 50 02
-7.40823593E-01 2020 12 02 13 55 02
-7.17581739E-01 2020 12 02 14 00 02
-7.47958211E-01 2020 12 02 14 05 02
-6.62919644E-01 2020 12 02 14 10 02
-6.42947142E-01 2020 12 02 14 15 02
-6.79244912E-01 2020 12 02 14 20 03
-7.30656423E-01 2020 12 02 14 25 02
-7.52186039E-01 2020 12 02 14 30 02
-7.31467189E-01 2020 12 02 14 35 02
-8.24021095E-01 2020 12 02 14 40 02
-8.05906443E-01 2020 12 02 14 45 03
-8.34671985E-01 2020 12 02 14 50 02
-7.55762329E-01 2020 12 02 14 55 02
-7.49841744E-01 2020 12 02 15 00 02
-7.50839115E-01 2020 12 02 15 05 02
-7.32941179E-01 2020 12 02 15 10 03
-8.77767698E-01 2020 12 02 15 15 02
-7.77243900E-01 2020 12 02 15 20 02
-7.86059615E-01 2020 12 02 15 25 02
-6.77827371E-01 2020 12 02 15 30 02
-7.16189826E-01 2020 12 02 15 35 02
-7.12654287E-01 2020 12 02 15 40 02
-7.08788509E-01 2020 12 02 15 45 02
-7.49124031E-01 2020 12 02 15 50 02
-6.83237618E-01 2020 12 02 15 55 02
-7.82172970E-01 2020 12 02 16 00 02
-6.09699058E-01 2020 12 02 16 05 02
-6.34502666E-01 2020 12 02 16 10 02
-6.77395917E-01 2020 12 02 16 15 02
-5.95547258E-01 2020 12 02 16 20 02
-6.34114037E-01 2020 12 02 16 25 02
-5.95165122E-01 2020 12 02 16 30 02
-5.55389400E-01 2020 12 02 16 35 03
-5.70385522E-01 2020 12 02 16 40 02
-5.48525010E-01 2020 12 02 16 45 02
-5.21971368E-01 2020 12 02 16 50 02
-4.67109323E-01 2020 12 02 16 55 02
-4.95905796E-01 2020 12 02 17 00 03
-4.28537201E-01 2020 12 02 17 05 02
-4.94610714E-01 2020 12 02 17 10 02
-4.43318460E-01 2020 12 02 17 15 02
-5.03970297E-01 2020 12 02 17 20 02
-4.43848478E-01 2020 12 02 17 25 03
-4.18198329E-01 2020 12 02 17 30 02
-3.59132400E-01 2020 12 02 17 35 02
-4.80125506E-01 2020 12 02 17 40 02
-3.93143632E-01 2020 12 02 17 45 02
-4.15340427E-01 2020 12 02 17 50 02
-3.54801966E-01 2020 12 02 17 55 02
-3.08189071E-01 2020 12 02 18 00 02
-2.65914053E-01 2020 12 02 18 05 02
-2.34248656E-01 2020 12 02 18 10 02
-2.92345021E-01 2020 12 02 18 15 02
-2.58879690E-01 2020 12 02 18 20 02
-2.79321315E-01 2020 12 02 18 25 02
-3.60234527E-01 2020 12 02 18 30 02
-3.35147945E-01 2020 12 02 18 35 02
-3.39468880E-01 2020 12 02 18 40 02
-2.52049831E-01 2020 12 02 18 45 02
-2.64273083E-01 2020 12 02 18 50 03
-3.63308771E-01 2020 12 02 18 55 02
-2.78619218E-01 2020 12 02 19 00 02
-2.73398795E-01 2020 12 02 19 05 02
-2.79755293E-01 2020 12 02 19 10 02
-2.78008525E-01 2020 12 02 19 15 03
-3.39315222E-01 2020 12 02 19 20 02
-2.96212754E-01 2020 12 02 19 25 02
-2.83522937E-01 2020 12 02 19 30 02
-2.45571156E-01 2020 12 02 19 35 02
-3.02434313E-01 2020 12 02 19 40 02
-2.42119649E-01 2020 12 02 19 45 02
-2.47597618E-01 2020 12 02 19 50 02
-3.25732189E-01 2020 12 02 19 55 02
-3.03313228E-01 2020 12 02 20 00 02
-3.17884327E-01 2020 12 02 20 05 02
-3.34475684E-01 2020 12 02 20 10 02
-3.78772477E-01 2020 12 02 20 15 02
-3.30631788E-01 2020 12 02 20 20 02
-3.21548648E-01 2020 12 02 20 25 02
-3.43681233E-01 2020 12 02 20 30 02
-3.18866708E-01 2020 12 02 20 35 02
-3.92027688E-01 2020 12 02 20 40 03
-3.87984917E-01 2020 12 02 20 45 02
-4.26309827E-01 2020 12 02 20 50 02
-4.24649302E-01 2020 12 02 20 55 02
-4.88205561E-01 2020 12 02 21 00 02
-4.90534737E-01 2020 12 02 21 05 03
-4.45698211E-01 2020 12 02 21 10 02
-4.14244977E-01 2020 12 02 21 15 02
-4.96032495E-01 2020 12 02 21 20 02
-5.09139167E-01 2020 12 02 21 25 02
-5.22098788E-01 2020 12 02 21 30 02
-5.38615133E-01 2020 12 02 21 35 02
-6.10736938E-01 2020 12 02 21 40 02
-6.21588578E-01 2020 12 02 21 45 02
-6.62903410E-01 2020 12 02 21 50 02
-6.06716225E-01 2020 12 02 21 55 02
-6.22615966E-01 2020 12 02 22 00 02
-6.33665318E-01 2020 12 02 22 05 02
-6.15103651E-01 2020 12 02 22 10 02
-6.48843659E-01 2020 12 02 22 15 02
-6.42116708E-01 2020 12 02 22 20 02
-7.00869214E-01 2020 12 02 22 25 02
-6.84484845E-01 2020 12 02 22 30 03
-7.45282361E-01 2020 12 02 22 35 02
-7.48903271E-01 2020 12 02 22 40 02
-7.96345730E-01 2020 12 02 22 45 02
-8.52890506E-01 2020 12 02 22 50 02
-7.90849753E-01 2020 12 02 22 55 03
-8.17057974E-01 2020 12 02 23 00 02
-8.21764714E-01 2020 12 02 23 05 02
-7.81889207E-01 2020 12 02 23 10 02
-8.15066675E-01 2020 12 02 23 15 02
-8.27713800E-01 2020 12 02 23 20 03
-8.51543439E-01 2020 12 02 23 25 02
-9.55170892E-01 2020 12 02 23 30 02
-9.22148242E-01 2020 12 02 23 35 02
-9.17146525E-01 2020 12 02 23 40 02
-9.35800946E-01 2020 12 02 23 45 02
-9.50704854E-01 2020 12 02 23 50 02
-9.62068715E-01 2020 12 02 23 55 02
