-1.68522012E-01 2020 12 22 00 00 03
-1.86105671E-01 2020 12 22 00 05 02
-2.61105653E-01 2020 12 22 00 10 02
-2.46022182E-01 2020 12 22 00 15 02
-1.78970356E-01 2020 12 22 00 20 02
-2.58161080E-01 2020 12 22 00 25 02
-2.62583162E-01 2020 12 22 00 30 02
-2.63164232E-01 2020 12 22 00 35 02
-3.06772488E-01 2020 12 22 00 40 02
-2.86156968E-01 2020 12 22 00 45 02
-3.48429178E-01 2020 12 22 00 50 02
-2.77896780E-01 2020 12 22 00 55 03
-2.92047790E-01 2020 12 22 01 00 02
-3.29054438E-01 2020 12 22 01 05 02
-3.68060529E-01 2020 12 22 01 10 02
-3.76300606E-01 2020 12 22 01 15 02
-3.74347602E-01 2020 12 22 01 20 03
-3.79198767E-01 2020 12 22 01 25 02
-3.71647367E-01 2020 12 22 01 30 02
-3.83889274E-01 2020 12 22 01 35 02
-3.69517419E-01 2020 12 22 01 40 02
-3.91988126E-01 2020 12 22 01 45 02
-4.21808144E-01 2020 12 22 01 50 02
-3.92476120E-01 2020 12 22 01 55 02
-3.99493732E-01 2020 12 22 02 00 02
-4.18399943E-01 2020 12 22 02 05 02
-4.35760354E-01 2020 12 22 02 10 02
-4.93690456E-01 2020 12 22 02 15 02
-5.21724830E-01 2020 12 22 02 20 02
-4.95870871E-01 2020 12 22 02 25 02
-4.42505098E-01 2020 12 22 02 30 02
-4.38848012E-01 2020 12 22 02 35 02
-4.87162503E-01 2020 12 22 02 40 02
-5.12848326E-01 2020 12 22 02 45 02
-5.26105287E-01 2020 12 22 02 50 02
-5.31483035E-01 2020 12 22 02 55 02
-5.00215061E-01 2020 12 22 03 00 02
-5.29562575E-01 2020 12 22 03 05 02
-5.22358193E-01 2020 12 22 03 10 03
-5.71316146E-01 2020 12 22 03 15 02
-5.36490258E-01 2020 12 22 03 20 02
-5.81259345E-01 2020 12 22 03 25 02
-5.57896244E-01 2020 12 22 03 30 02
-6.09323718E-01 2020 12 22 03 35 03
-6.39897986E-01 2020 12 22 03 40 02
-5.93284711E-01 2020 12 22 03 45 02
-6.56686548E-01 2020 12 22 03 50 02
-6.31596556E-01 2020 12 22 03 55 02
-5.82156609E-01 2020 12 22 04 00 03
-5.89043212E-01 2020 12 22 04 05 02
-5.17594099E-01 2020 12 22 04 10 02
-5.28605808E-01 2020 12 22 04 15 02
-4.84136368E-01 2020 12 22 04 20 02
-4.27526288E-01 2020 12 22 04 25 02
-3.94554027E-01 2020 12 22 04 30 02
-4.40380548E-01 2020 12 22 04 35 02
-4.74171090E-01 2020 12 22 04 40 02
-5.17015590E-01 2020 12 22 04 45 02
-5.47551625E-01 2020 12 22 04 50 02
-6.42528025E-01 2020 12 22 04 55 02
-7.58746002E-01 2020 12 22 05 00 02
-7.44667197E-01 2020 12 22 05 05 02
-6.51440847E-01 2020 12 22 05 10 02
-6.92213398E-01 2020 12 22 05 15 02
-7.34728957E-01 2020 12 22 05 20 02
-7.49265713E-01 2020 12 22 05 25 03
-6.32377879E-01 2020 12 22 05 30 02
-5.57788496E-01 2020 12 22 05 35 02
-5.71985172E-01 2020 12 22 05 40 02
-5.91562684E-01 2020 12 22 05 45 02
-6.60585444E-01 2020 12 22 05 50 03
-5.58318855E-01 2020 12 22 05 55 02
-5.46540943E-01 2020 12 22 06 00 02
-4.82815933E-01 2020 12 22 06 05 02
-7.14347714E-01 2020 12 22 06 10 02
-5.97506846E-01 2020 12 22 06 15 03
-8.17439267E-01 2020 12 22 06 20 02
-7.54746049E-01 2020 12 22 06 25 02
-7.42494599E-01 2020 12 22 06 30 02
-6.14223401E-01 2020 12 22 06 35 02
-6.96061527E-01 2020 12 22 06 40 02
-8.64650178E-01 2020 12 22 06 45 02
-6.24987962E-01 2020 12 22 06 50 02
-4.81041229E-01 2020 12 22 06 55 02
-4.63250848E-01 2020 12 22 07 00 02
-1.96391209E-01 2020 12 22 07 05 02
-5.39147332E-01 2020 12 22 07 10 02
-5.73121501E-01 2020 12 22 07 15 02
-3.60802783E-01 2020 12 22 07 20 02
-8.80628629E-01 2020 12 22 07 25 02
-5.00506196E-01 2020 12 22 07 30 02
-4.56592581E-01 2020 12 22 07 35 02
-1.40635043E-01 2020 12 22 07 40 03
-2.06627229E-01 2020 12 22 07 45 02
-3.61719412E-02 2020 12 22 07 50 02
-9.42387969E-02 2020 12 22 07 55 02
-1.55211974E-02 2020 12 22 08 00 02
+1.99590649E-01 2020 12 22 08 05 03
+5.47928482E-02 2020 12 22 08 10 02
+3.00001794E-02 2020 12 22 08 15 02
-3.43120777E-01 2020 12 22 08 20 02
-3.88665065E-01 2020 12 22 08 25 02
-3.39374991E-01 2020 12 22 08 30 02
-1.85345769E-01 2020 12 22 08 35 02
-3.98387279E-01 2020 12 22 08 40 02
-3.96159534E-01 2020 12 22 08 45 02
-3.25114325E-01 2020 12 22 08 50 02
-2.75552831E-01 2020 12 22 08 55 02
-2.87191323E-01 2020 12 22 09 00 02
-6.18039008E-01 2020 12 22 09 05 02
-8.13931968E-01 2020 12 22 09 10 02
-5.98954095E-01 2020 12 22 09 15 02
-8.03067322E-01 2020 12 22 09 20 02
-6.01503768E-01 2020 12 22 09 25 02
-6.17576646E-01 2020 12 22 09 30 03
-4.97030888E-01 2020 12 22 09 35 02
-5.86512112E-01 2020 12 22 09 40 02
-4.23784807E-01 2020 12 22 09 45 02
-1.80549950E-01 2020 12 22 09 50 02
-3.06765253E-01 2020 12 22 09 55 03
-4.41340822E-01 2020 12 22 10 00 02
-2.87094646E-01 2020 12 22 10 05 02
-3.93283128E-01 2020 12 22 10 10 02
-3.23516687E-01 2020 12 22 10 15 02
-3.42225256E-01 2020 12 22 10 20 02
-4.05282555E-01 2020 12 22 10 25 02
-3.35373215E-01 2020 12 22 10 30 02
-6.60028810E-01 2020 12 22 10 35 02
-3.60610874E-01 2020 12 22 10 40 02
-3.26246160E-01 2020 12 22 10 45 02
-2.32758286E-01 2020 12 22 10 50 02
-3.59722299E-01 2020 12 22 10 55 02
-4.35640493E-01 2020 12 22 11 00 02
-4.30851589E-01 2020 12 22 11 05 02
-5.20628692E-01 2020 12 22 11 10 02
-2.97132140E-01 2020 12 22 11 15 02
-3.48182300E-01 2020 12 22 11 20 03
-2.44843332E-01 2020 12 22 11 25 02
-2.90728562E-01 2020 12 22 11 30 02
-3.20762661E-01 2020 12 22 11 35 02
-2.47208112E-01 2020 12 22 11 40 02
-2.25014099E-01 2020 12 22 11 45 03
-4.45156389E-01 2020 12 22 11 50 02
-4.80680781E-01 2020 12 22 11 55 02
-2.02270392E-01 2020 12 22 12 00 02
-2.98623456E-01 2020 12 22 12 05 02
-2.59508752E-01 2020 12 22 12 10 03
-2.07407224E-01 2020 12 22 12 15 02
-9.61066968E-02 2020 12 22 12 20 02
-6.57302133E-02 2020 12 22 12 25 02
-4.00052968E-02 2020 12 22 12 30 02
-1.11518575E-01 2020 12 22 12 35 02
-1.50051981E-01 2020 12 22 12 40 02
-8.09402705E-02 2020 12 22 12 45 02
+1.10980744E-01 2020 12 22 12 50 02
-1.70410017E-02 2020 12 22 12 55 02
+3.85022194E-02 2020 12 22 13 00 02
+1.72767356E-01 2020 12 22 13 05 02
+1.70765857E-01 2020 12 22 13 10 02
+3.96395295E-02 2020 12 22 13 15 02
+1.35170796E-02 2020 12 22 13 20 02
+3.57883828E-02 2020 12 22 13 25 02
-6.93219267E-02 2020 12 22 13 30 02
-1.31399194E-01 2020 12 22 13 35 02
-1.38346612E-01 2020 12 22 13 40 02
-2.94706557E-01 2020 12 22 13 45 02
-4.15358355E-01 2020 12 22 13 50 02
-3.25403581E-01 2020 12 22 13 55 02
-3.70893697E-01 2020 12 22 14 00 03
-1.60584178E-01 2020 12 22 14 05 02
-2.69583188E-01 2020 12 22 14 10 02
-3.08553885E-01 2020 12 22 14 15 02
-1.38543758E-01 2020 12 22 14 20 02
-1.07298120E-01 2020 12 22 14 25 03
-1.42283376E-01 2020 12 22 14 30 02
-1.35691424E-02 2020 12 22 14 35 02
-2.07932092E-01 2020 12 22 14 40 02
-1.05324476E-01 2020 12 22 14 45 02
+5.55486911E-02 2020 12 22 14 50 03
-1.32031761E-02 2020 12 22 14 55 02
-3.24025919E-02 2020 12 22 15 00 02
-6.24233415E-02 2020 12 22 15 05 02
-2.76586586E-01 2020 12 22 15 10 02
-3.89555525E-01 2020 12 22 15 15 02
-3.32670547E-01 2020 12 22 15 20 02
-3.93728394E-01 2020 12 22 15 25 02
-3.72599013E-01 2020 12 22 15 30 02
-4.31670117E-01 2020 12 22 15 35 02
-4.37737748E-01 2020 12 22 15 40 02
-5.08908233E-01 2020 12 22 15 45 02
-6.55225365E-01 2020 12 22 15 50 02
-4.27581966E-01 2020 12 22 15 55 02
-6.10648286E-01 2020 12 22 16 00 02
-6.81823573E-01 2020 12 22 16 05 02
-4.75718596E-01 2020 12 22 16 10 02
-5.58649947E-01 2020 12 22 16 15 02
-4.88656396E-01 2020 12 22 16 20 02
-4.18228459E-01 2020 12 22 16 25 02
-6.12588662E-01 2020 12 22 16 30 02
-7.12828147E-01 2020 12 22 16 35 02
-6.72998517E-01 2020 12 22 16 40 03
-8.71839893E-01 2020 12 22 16 45 02
-7.56434226E-01 2020 12 22 16 50 02
-7.54861531E-01 2020 12 22 16 55 02
-8.42494881E-01 2020 12 22 17 00 02
-8.41396603E-01 2020 12 22 17 05 03
-9.18057456E-01 2020 12 22 17 10 02
-7.37767588E-01 2020 12 22 17 15 02
-8.36334264E-01 2020 12 22 17 20 02
-7.52677057E-01 2020 12 22 17 25 02
-8.09355975E-01 2020 12 22 17 30 02
-8.01261274E-01 2020 12 22 17 35 02
-8.75977743E-01 2020 12 22 17 40 02
-7.96465262E-01 2020 12 22 17 45 02
-9.30584796E-01 2020 12 22 17 50 02
-9.31671192E-01 2020 12 22 17 55 02
-8.60691966E-01 2020 12 22 18 00 02
-8.35886165E-01 2020 12 22 18 05 02
-7.72418303E-01 2020 12 22 18 10 02
-8.55386698E-01 2020 12 22 18 15 02
-7.69740879E-01 2020 12 22 18 20 02
-6.72866204E-01 2020 12 22 18 25 02
-7.83710174E-01 2020 12 22 18 30 03
-8.60667085E-01 2020 12 22 18 35 02
-8.94823161E-01 2020 12 22 18 40 02
-9.69104845E-01 2020 12 22 18 45 02
-9.76183606E-01 2020 12 22 18 50 02
-9.68116539E-01 2020 12 22 18 55 03
-1.10803325E+00 2020 12 22 19 00 02
-1.07817859E+00 2020 12 22 19 05 02
-9.83333153E-01 2020 12 22 19 10 02
-9.05255370E-01 2020 12 22 19 15 02
-9.64211234E-01 2020 12 22 19 20 02
-7.40583039E-01 2020 12 22 19 25 02
-6.38642599E-01 2020 12 22 19 30 02
-6.34531703E-01 2020 12 22 19 35 02
-6.09827690E-01 2020 12 22 19 40 02
-5.38683165E-01 2020 12 22 19 45 02
-6.19201209E-01 2020 12 22 19 50 02
-5.82193757E-01 2020 12 22 19 55 03
-4.91318928E-01 2020 12 22 20 00 02
-5.32892895E-01 2020 12 22 20 05 02
-6.01724161E-01 2020 12 22 20 10 02
-5.93825955E-01 2020 12 22 20 15 02
-6.71744800E-01 2020 12 22 20 20 03
-6.18184752E-01 2020 12 22 20 25 02
-5.72507681E-01 2020 12 22 20 30 02
-3.55940555E-01 2020 12 22 20 35 02
-5.06455249E-01 2020 12 22 20 40 02
-6.43505786E-01 2020 12 22 20 45 02
-5.87812249E-01 2020 12 22 20 50 02
-6.29748687E-01 2020 12 22 20 55 02
-4.09078091E-01 2020 12 22 21 00 02
-7.27552518E-01 2020 12 22 21 05 02
-5.39065266E-01 2020 12 22 21 10 02
-4.45633039E-01 2020 12 22 21 15 02
-6.44665290E-01 2020 12 22 21 20 02
-5.61816521E-01 2020 12 22 21 25 02
-5.32928737E-01 2020 12 22 21 30 02
-4.46755638E-01 2020 12 22 21 35 02
-5.56156952E-01 2020 12 22 21 40 02
-5.13378679E-01 2020 12 22 21 45 02
-4.53824600E-01 2020 12 22 21 50 02
-6.61273222E-01 2020 12 22 21 55 02
-7.54715400E-01 2020 12 22 22 00 02
-5.96861662E-01 2020 12 22 22 05 02
-5.55648654E-01 2020 12 22 22 10 03
-3.53040953E-01 2020 12 22 22 15 02
-3.41746087E-01 2020 12 22 22 20 02
-1.96929948E-01 2020 12 22 22 25 02
-2.21312665E-01 2020 12 22 22 30 02
-1.63131045E-01 2020 12 22 22 35 03
-2.77247927E-02 2020 12 22 22 40 02
-1.73449633E-01 2020 12 22 22 45 02
-1.00331500E-01 2020 12 22 22 50 02
-1.14900312E-01 2020 12 22 22 55 02
-2.11644178E-01 2020 12 22 23 00 03
-1.61573146E-01 2020 12 22 23 05 02
-2.15653432E-01 2020 12 22 23 10 02
-4.53353653E-01 2020 12 22 23 15 02
-3.59764171E-01 2020 12 22 23 20 02
-3.82850645E-01 2020 12 22 23 25 02
-5.18529454E-01 2020 12 22 23 30 02
-4.56561561E-01 2020 12 22 23 35 02
-4.83629610E-01 2020 12 22 23 40 02
-4.68328507E-01 2020 12 22 23 45 02
-5.98367097E-01 2020 12 22 23 50 02
-5.78989292E-01 2020 12 22 23 55 02
