-9.58796915E-01 2020 12 03 00 00 02
-9.49451454E-01 2020 12 03 00 05 03
-9.40526629E-01 2020 12 03 00 10 02
-1.01190553E+00 2020 12 03 00 15 02
-9.84283309E-01 2020 12 03 00 20 02
-1.00223711E+00 2020 12 03 00 25 02
-9.67853478E-01 2020 12 03 00 30 03
-9.86784699E-01 2020 12 03 00 35 02
-9.68000092E-01 2020 12 03 00 40 02
-9.89871121E-01 2020 12 03 00 45 02
-1.03270368E+00 2020 12 03 00 50 02
-9.96903364E-01 2020 12 03 00 55 02
-9.96246143E-01 2020 12 03 01 00 02
-9.80457128E-01 2020 12 03 01 05 02
-9.53646764E-01 2020 12 03 01 10 02
-1.01881786E+00 2020 12 03 01 15 02
-1.01113290E+00 2020 12 03 01 20 02
-1.00990551E+00 2020 12 03 01 25 02
-1.01214617E+00 2020 12 03 01 30 02
-1.01765914E+00 2020 12 03 01 35 02
-1.02755620E+00 2020 12 03 01 40 02
-9.61991310E-01 2020 12 03 01 45 02
-9.80830374E-01 2020 12 03 01 50 02
-1.01848190E+00 2020 12 03 01 55 03
-9.52354448E-01 2020 12 03 02 00 02
-9.91617062E-01 2020 12 03 02 05 02
-9.61151026E-01 2020 12 03 02 10 02
-8.16937719E-01 2020 12 03 02 15 02
-8.26008677E-01 2020 12 03 02 20 03
-9.18173837E-01 2020 12 03 02 25 02
-8.73616050E-01 2020 12 03 02 30 02
-8.76539135E-01 2020 12 03 02 35 02
-8.35187732E-01 2020 12 03 02 40 02
-8.77212173E-01 2020 12 03 02 45 03
-8.29260953E-01 2020 12 03 02 50 02
-7.91633669E-01 2020 12 03 02 55 02
-8.17004418E-01 2020 12 03 03 00 02
-7.53319223E-01 2020 12 03 03 05 02
-7.26478609E-01 2020 12 03 03 10 02
-7.03351376E-01 2020 12 03 03 15 02
-6.93288117E-01 2020 12 03 03 20 02
-6.89720756E-01 2020 12 03 03 25 02
-6.76554014E-01 2020 12 03 03 30 02
-6.01929901E-01 2020 12 03 03 35 02
-6.11852196E-01 2020 12 03 03 40 02
-5.80147226E-01 2020 12 03 03 45 02
-5.59943767E-01 2020 12 03 03 50 02
-5.61859569E-01 2020 12 03 03 55 02
-4.58663715E-01 2020 12 03 04 00 02
-4.93355791E-01 2020 12 03 04 05 02
-4.76194474E-01 2020 12 03 04 10 02
-4.48037265E-01 2020 12 03 04 15 02
-4.50757763E-01 2020 12 03 04 20 02
-3.15669268E-01 2020 12 03 04 25 02
-3.98546070E-01 2020 12 03 04 30 02
-3.54195929E-01 2020 12 03 04 35 02
-3.43674461E-01 2020 12 03 04 40 02
-2.91825042E-01 2020 12 03 04 45 02
-2.71352499E-01 2020 12 03 04 50 02
-2.57664983E-01 2020 12 03 04 55 02
-1.78411440E-01 2020 12 03 05 00 02
-1.86349488E-01 2020 12 03 05 05 02
-1.84773624E-01 2020 12 03 05 10 02
-2.26436925E-01 2020 12 03 05 15 02
-1.49996567E-01 2020 12 03 05 20 02
-1.04330735E-01 2020 12 03 05 25 03
-1.09095235E-01 2020 12 03 05 30 02
-1.33701765E-01 2020 12 03 05 35 02
-4.30166801E-02 2020 12 03 05 40 02
-1.79885517E-02 2020 12 03 05 45 02
+6.08387066E-02 2020 12 03 05 50 03
+2.53100110E-02 2020 12 03 05 55 02
+3.81347158E-02 2020 12 03 06 00 02
+7.31480620E-02 2020 12 03 06 05 02
+7.05046206E-02 2020 12 03 06 10 02
+1.13297242E-01 2020 12 03 06 15 03
+1.44324499E-01 2020 12 03 06 20 02
+1.31511349E-01 2020 12 03 06 25 02
+1.00994290E-01 2020 12 03 06 30 02
+1.34172567E-01 2020 12 03 06 35 02
+1.06222576E-01 2020 12 03 06 40 02
+2.12316352E-01 2020 12 03 06 45 02
+2.26420227E-01 2020 12 03 06 50 02
+2.54005654E-01 2020 12 03 06 55 02
+2.38075436E-01 2020 12 03 07 00 02
+2.51255498E-01 2020 12 03 07 05 02
+2.15366715E-01 2020 12 03 07 10 02
+2.40579866E-01 2020 12 03 07 15 02
+2.98299516E-01 2020 12 03 07 20 02
+2.97194891E-01 2020 12 03 07 25 02
+2.24387769E-01 2020 12 03 07 30 02
+6.30529387E-02 2020 12 03 07 35 02
+1.40793958E-01 2020 12 03 07 40 03
+2.43404947E-01 2020 12 03 07 45 02
+2.68252957E-01 2020 12 03 07 50 02
+3.11003961E-01 2020 12 03 07 55 02
+3.12050878E-01 2020 12 03 08 00 02
+3.46914736E-01 2020 12 03 08 05 02
+2.40716740E-01 2020 12 03 08 10 02
+2.23522055E-01 2020 12 03 08 15 02
+2.19266174E-01 2020 12 03 08 20 02
+1.87414419E-01 2020 12 03 08 25 02
+1.97884846E-01 2020 12 03 08 30 02
+1.13322023E-01 2020 12 03 08 35 02
+6.69194624E-02 2020 12 03 08 40 02
+1.06980330E-01 2020 12 03 08 45 02
+1.24188966E-01 2020 12 03 08 50 02
+8.08205149E-02 2020 12 03 08 55 02
+6.18404532E-02 2020 12 03 09 00 02
+1.04058116E-01 2020 12 03 09 05 03
+1.11130248E-01 2020 12 03 09 10 02
-4.28598116E-02 2020 12 03 09 15 02
-1.35122314E-01 2020 12 03 09 20 02
-1.33729768E-01 2020 12 03 09 25 02
-8.00136280E-02 2020 12 03 09 30 03
-1.20183457E-01 2020 12 03 09 35 02
-1.59444481E-01 2020 12 03 09 40 02
-1.77770280E-01 2020 12 03 09 45 02
-2.42362852E-01 2020 12 03 09 50 02
-2.75437179E-01 2020 12 03 09 55 02
-3.04090838E-01 2020 12 03 10 00 02
-1.91127618E-01 2020 12 03 10 05 02
-2.18692517E-01 2020 12 03 10 10 02
-2.07034288E-01 2020 12 03 10 15 02
-2.03006207E-01 2020 12 03 10 20 02
-3.44472914E-01 2020 12 03 10 25 02
-2.62203722E-01 2020 12 03 10 30 03
-2.96905274E-01 2020 12 03 10 35 02
-3.32363947E-01 2020 12 03 10 40 02
-3.95193576E-01 2020 12 03 10 45 02
-3.17224741E-01 2020 12 03 10 50 02
-3.30089955E-01 2020 12 03 10 55 03
-4.09634157E-01 2020 12 03 11 00 02
-3.66109820E-01 2020 12 03 11 05 02
-4.15745288E-01 2020 12 03 11 10 02
-4.12643566E-01 2020 12 03 11 15 02
-4.11717809E-01 2020 12 03 11 20 02
-4.35428406E-01 2020 12 03 11 25 02
-4.75336306E-01 2020 12 03 11 30 02
-4.99401032E-01 2020 12 03 11 35 02
-5.10752851E-01 2020 12 03 11 40 02
-5.97554912E-01 2020 12 03 11 45 02
-5.59141977E-01 2020 12 03 11 50 02
-6.08726877E-01 2020 12 03 11 55 02
-4.82399087E-01 2020 12 03 12 00 02
-6.07382335E-01 2020 12 03 12 05 02
-6.10202690E-01 2020 12 03 12 10 02
-5.90047302E-01 2020 12 03 12 15 02
-6.37278524E-01 2020 12 03 12 20 03
-7.66630463E-01 2020 12 03 12 25 02
-6.97924354E-01 2020 12 03 12 30 02
-6.57406478E-01 2020 12 03 12 35 02
-7.46115635E-01 2020 12 03 12 40 02
-7.04886364E-01 2020 12 03 12 45 03
-7.04747668E-01 2020 12 03 12 50 02
-8.03138074E-01 2020 12 03 12 55 02
-8.12047632E-01 2020 12 03 13 00 02
-8.19299588E-01 2020 12 03 13 05 02
-6.96547210E-01 2020 12 03 13 10 03
-7.81982547E-01 2020 12 03 13 15 02
-8.03932547E-01 2020 12 03 13 20 02
-7.89613478E-01 2020 12 03 13 25 02
-8.63088821E-01 2020 12 03 13 30 02
-8.93010925E-01 2020 12 03 13 35 02
-8.02536404E-01 2020 12 03 13 40 02
-8.31807024E-01 2020 12 03 13 45 02
-8.83131071E-01 2020 12 03 13 50 02
-8.29674159E-01 2020 12 03 13 55 02
-7.71389772E-01 2020 12 03 14 00 02
-8.06138744E-01 2020 12 03 14 05 02
-8.05497066E-01 2020 12 03 14 10 03
-8.82964284E-01 2020 12 03 14 15 02
-7.33283640E-01 2020 12 03 14 20 02
-7.30389516E-01 2020 12 03 14 25 02
-7.84451478E-01 2020 12 03 14 30 02
-6.39565640E-01 2020 12 03 14 35 03
-6.80500177E-01 2020 12 03 14 40 02
-6.69720086E-01 2020 12 03 14 45 02
-7.17915606E-01 2020 12 03 14 50 02
-6.64875982E-01 2020 12 03 14 55 02
-7.48219418E-01 2020 12 03 15 00 02
-6.60154323E-01 2020 12 03 15 05 02
-6.23397407E-01 2020 12 03 15 10 02
-7.83540600E-01 2020 12 03 15 15 02
-6.88494349E-01 2020 12 03 15 20 02
-6.82253163E-01 2020 12 03 15 25 02
-6.22754371E-01 2020 12 03 15 30 02
-6.96981430E-01 2020 12 03 15 35 02
-6.76774118E-01 2020 12 03 15 40 02
-6.77436089E-01 2020 12 03 15 45 02
-7.48131739E-01 2020 12 03 15 50 02
-7.07870140E-01 2020 12 03 15 55 02
-8.29105204E-01 2020 12 03 16 00 03
-6.39237949E-01 2020 12 03 16 05 02
-8.26575001E-01 2020 12 03 16 10 02
-7.43078760E-01 2020 12 03 16 15 02
-7.83192519E-01 2020 12 03 16 20 02
-8.14827800E-01 2020 12 03 16 25 03
-8.13582044E-01 2020 12 03 16 30 02
-8.10240777E-01 2020 12 03 16 35 02
-7.82394230E-01 2020 12 03 16 40 02
-7.47384532E-01 2020 12 03 16 45 02
-7.12616215E-01 2020 12 03 16 50 03
-6.95642956E-01 2020 12 03 16 55 02
-6.73579352E-01 2020 12 03 17 00 02
-6.94414301E-01 2020 12 03 17 05 02
-6.39522289E-01 2020 12 03 17 10 02
-6.14584241E-01 2020 12 03 17 15 02
-6.24112085E-01 2020 12 03 17 20 02
-6.68306357E-01 2020 12 03 17 25 02
-5.68455521E-01 2020 12 03 17 30 02
-5.48003486E-01 2020 12 03 17 35 02
-6.43712828E-01 2020 12 03 17 40 02
-4.91218660E-01 2020 12 03 17 45 02
-5.63541139E-01 2020 12 03 17 50 02
-4.97011160E-01 2020 12 03 17 55 02
-4.24977142E-01 2020 12 03 18 00 02
-4.01525646E-01 2020 12 03 18 05 02
-4.04547901E-01 2020 12 03 18 10 02
-4.18726306E-01 2020 12 03 18 15 02
-4.39786006E-01 2020 12 03 18 20 02
-4.07763414E-01 2020 12 03 18 25 02
-4.99865990E-01 2020 12 03 18 30 02
-5.21741711E-01 2020 12 03 18 35 02
-4.37054779E-01 2020 12 03 18 40 03
-4.45791798E-01 2020 12 03 18 45 02
-3.26039307E-01 2020 12 03 18 50 02
-3.61176912E-01 2020 12 03 18 55 02
-3.12239441E-01 2020 12 03 19 00 02
-2.78131707E-01 2020 12 03 19 05 03
-4.29482148E-01 2020 12 03 19 10 02
-3.55603240E-01 2020 12 03 19 15 02
-3.53871231E-01 2020 12 03 19 20 02
-4.15189197E-01 2020 12 03 19 25 02
-3.10260181E-01 2020 12 03 19 30 02
-3.48696829E-01 2020 12 03 19 35 02
-4.25475666E-01 2020 12 03 19 40 02
-4.19256751E-01 2020 12 03 19 45 02
-4.23893029E-01 2020 12 03 19 50 02
-3.58523590E-01 2020 12 03 19 55 02
-3.43912939E-01 2020 12 03 20 00 02
-4.17750482E-01 2020 12 03 20 05 02
-4.18014312E-01 2020 12 03 20 10 02
-3.77706665E-01 2020 12 03 20 15 02
-5.06289712E-01 2020 12 03 20 20 02
-3.89600011E-01 2020 12 03 20 25 02
-4.24277094E-01 2020 12 03 20 30 03
-3.41665422E-01 2020 12 03 20 35 02
-2.97001807E-01 2020 12 03 20 40 02
-4.53107158E-01 2020 12 03 20 45 02
-4.16764041E-01 2020 12 03 20 50 02
-4.26867696E-01 2020 12 03 20 55 03
-3.54499761E-01 2020 12 03 21 00 02
-4.59653804E-01 2020 12 03 21 05 02
-3.83282179E-01 2020 12 03 21 10 02
-4.04920777E-01 2020 12 03 21 15 02
-4.67491796E-01 2020 12 03 21 20 02
-4.73749020E-01 2020 12 03 21 25 02
-4.70459767E-01 2020 12 03 21 30 02
-4.56761570E-01 2020 12 03 21 35 02
-4.70526358E-01 2020 12 03 21 40 02
-4.78555267E-01 2020 12 03 21 45 02
-5.11548422E-01 2020 12 03 21 50 02
-4.46147103E-01 2020 12 03 21 55 02
-4.82686455E-01 2020 12 03 22 00 02
-5.05243502E-01 2020 12 03 22 05 02
-5.03219647E-01 2020 12 03 22 10 02
-5.09581222E-01 2020 12 03 22 15 02
-5.05828700E-01 2020 12 03 22 20 03
-5.24546272E-01 2020 12 03 22 25 02
-5.70589822E-01 2020 12 03 22 30 02
-5.98167047E-01 2020 12 03 22 35 02
-5.43246252E-01 2020 12 03 22 40 02
-5.36166197E-01 2020 12 03 22 45 03
-5.27938516E-01 2020 12 03 22 50 02
-4.46645053E-01 2020 12 03 22 55 02
-5.47876558E-01 2020 12 03 23 00 02
-5.73855640E-01 2020 12 03 23 05 02
-6.59551138E-01 2020 12 03 23 10 03
-6.53399834E-01 2020 12 03 23 15 02
-7.61582274E-01 2020 12 03 23 20 02
-8.73719350E-01 2020 12 03 23 25 02
-8.59458267E-01 2020 12 03 23 30 02
-8.85254064E-01 2020 12 03 23 35 03
-9.07300571E-01 2020 12 03 23 40 02
-9.62448753E-01 2020 12 03 23 45 02
-1.03135046E+00 2020 12 03 23 50 02
-9.66937320E-01 2020 12 03 23 55 02
