-1.01200974E+00 2020 12 17 00 00 02
-9.73173933E-01 2020 12 17 00 05 02
-9.68663034E-01 2020 12 17 00 10 02
-1.02787420E+00 2020 12 17 00 15 02
-1.00218661E+00 2020 12 17 00 20 02
-1.00766551E+00 2020 12 17 00 25 03
-1.00222163E+00 2020 12 17 00 30 02
-1.03215359E+00 2020 12 17 00 35 02
-1.02374724E+00 2020 12 17 00 40 02
-1.02373385E+00 2020 12 17 00 45 02
-1.03679497E+00 2020 12 17 00 50 02
-1.01405048E+00 2020 12 17 00 55 02
-1.02829132E+00 2020 12 17 01 00 02
-8.91869144E-01 2020 12 17 01 05 02
-8.13944054E-01 2020 12 17 01 10 02
-8.50364246E-01 2020 12 17 01 15 02
-9.10910010E-01 2020 12 17 01 20 02
-9.76551507E-01 2020 12 17 01 25 02
-9.79564855E-01 2020 12 17 01 30 02
-9.27000590E-01 2020 12 17 01 35 02
-1.02367070E+00 2020 12 17 01 40 02
-1.08377721E+00 2020 12 17 01 45 02
-1.07782890E+00 2020 12 17 01 50 02
-1.05058560E+00 2020 12 17 01 55 02
-9.82025992E-01 2020 12 17 02 00 02
-9.91073906E-01 2020 12 17 02 05 02
-9.84067491E-01 2020 12 17 02 10 02
-9.97394440E-01 2020 12 17 02 15 03
-9.73145333E-01 2020 12 17 02 20 02
-9.63338358E-01 2020 12 17 02 25 02
-9.38299528E-01 2020 12 17 02 30 02
-9.08478157E-01 2020 12 17 02 35 02
-8.69281194E-01 2020 12 17 02 40 03
-8.53661559E-01 2020 12 17 02 45 02
-8.49370750E-01 2020 12 17 02 50 02
-8.41448028E-01 2020 12 17 02 55 02
-8.28031372E-01 2020 12 17 03 00 02
-7.93477157E-01 2020 12 17 03 05 02
-7.58734937E-01 2020 12 17 03 10 02
-7.31897322E-01 2020 12 17 03 15 02
-7.08601741E-01 2020 12 17 03 20 02
-6.76676317E-01 2020 12 17 03 25 02
-6.41069313E-01 2020 12 17 03 30 02
-6.30987051E-01 2020 12 17 03 35 02
-5.89154543E-01 2020 12 17 03 40 02
-5.72731178E-01 2020 12 17 03 45 02
-5.31912088E-01 2020 12 17 03 50 02
-4.59048536E-01 2020 12 17 03 55 02
-4.31832468E-01 2020 12 17 04 00 02
-4.29640516E-01 2020 12 17 04 05 03
-4.22261589E-01 2020 12 17 04 10 02
-3.87383500E-01 2020 12 17 04 15 02
-3.36643509E-01 2020 12 17 04 20 02
-2.84513168E-01 2020 12 17 04 25 02
-2.20029191E-01 2020 12 17 04 30 03
-1.89999399E-01 2020 12 17 04 35 02
-1.89700674E-01 2020 12 17 04 40 02
-1.91517193E-01 2020 12 17 04 45 02
-1.65112498E-01 2020 12 17 04 50 02
-1.18768452E-01 2020 12 17 04 55 02
-1.14141469E-01 2020 12 17 05 00 02
-1.05205425E-01 2020 12 17 05 05 02
-4.54944177E-02 2020 12 17 05 10 02
-1.53602567E-02 2020 12 17 05 15 02
+7.86910720E-03 2020 12 17 05 20 02
+3.56852872E-02 2020 12 17 05 25 02
+7.18136412E-02 2020 12 17 05 30 02
+1.01929589E-01 2020 12 17 05 35 02
+1.43110400E-01 2020 12 17 05 40 02
+1.58919188E-01 2020 12 17 05 45 02
+2.07109475E-01 2020 12 17 05 50 02
+2.00485036E-01 2020 12 17 05 55 02
+1.76154156E-01 2020 12 17 06 00 02
+2.54713907E-01 2020 12 17 06 05 02
+2.67622773E-01 2020 12 17 06 10 02
+3.51099742E-01 2020 12 17 06 15 02
+3.36620442E-01 2020 12 17 06 20 03
+3.49591362E-01 2020 12 17 06 25 02
+3.45105366E-01 2020 12 17 06 30 02
+3.47036820E-01 2020 12 17 06 35 02
+3.46126724E-01 2020 12 17 06 40 02
+3.65449704E-01 2020 12 17 06 45 03
+3.06591791E-01 2020 12 17 06 50 02
+3.77282527E-01 2020 12 17 06 55 02
+4.31474651E-01 2020 12 17 07 00 02
+4.13344536E-01 2020 12 17 07 05 02
+4.01751589E-01 2020 12 17 07 10 02
+4.22369061E-01 2020 12 17 07 15 02
+4.53713120E-01 2020 12 17 07 20 02
+3.87711483E-01 2020 12 17 07 25 02
+3.65263040E-01 2020 12 17 07 30 02
+4.06654923E-01 2020 12 17 07 35 02
+3.76358341E-01 2020 12 17 07 40 02
+3.26486401E-01 2020 12 17 07 45 03
+3.23614366E-01 2020 12 17 07 50 02
+3.11484655E-01 2020 12 17 07 55 02
+3.03751818E-01 2020 12 17 08 00 02
+3.03272130E-01 2020 12 17 08 05 02
+3.72168644E-01 2020 12 17 08 10 03
+3.16528363E-01 2020 12 17 08 15 02
+2.94829574E-01 2020 12 17 08 20 02
+2.91804581E-01 2020 12 17 08 25 02
+2.72043148E-01 2020 12 17 08 30 02
+1.99783623E-01 2020 12 17 08 35 03
+2.65380442E-01 2020 12 17 08 40 02
+2.82242157E-01 2020 12 17 08 45 02
+2.53502028E-01 2020 12 17 08 50 02
+2.45736745E-01 2020 12 17 08 55 02
+1.89415084E-01 2020 12 17 09 00 02
+1.88271125E-01 2020 12 17 09 05 02
+1.40681295E-01 2020 12 17 09 10 02
+1.33402143E-01 2020 12 17 09 15 02
+1.20267419E-01 2020 12 17 09 20 02
+6.67986917E-02 2020 12 17 09 25 02
+8.07943367E-02 2020 12 17 09 30 02
+5.33846625E-02 2020 12 17 09 35 02
+1.24367299E-02 2020 12 17 09 40 02
+1.67389299E-02 2020 12 17 09 45 02
+1.78259981E-02 2020 12 17 09 50 02
+2.05944408E-02 2020 12 17 09 55 02
-1.19954312E-01 2020 12 17 10 00 02
+1.42700532E-02 2020 12 17 10 05 02
-3.75063707E-02 2020 12 17 10 10 02
-9.49345617E-02 2020 12 17 10 15 02
-1.34261787E-01 2020 12 17 10 20 02
-9.78017807E-02 2020 12 17 10 25 03
-9.17578204E-02 2020 12 17 10 30 02
-2.16216841E-01 2020 12 17 10 35 02
-2.14538221E-01 2020 12 17 10 40 02
-8.85892566E-02 2020 12 17 10 45 02
-1.35279790E-01 2020 12 17 10 50 03
-1.35140257E-01 2020 12 17 10 55 02
-1.71914731E-01 2020 12 17 11 00 02
-1.23652914E-01 2020 12 17 11 05 02
-1.09516995E-01 2020 12 17 11 10 02
-1.95558757E-01 2020 12 17 11 15 03
-1.68700671E-01 2020 12 17 11 20 02
-1.72816267E-01 2020 12 17 11 25 02
-1.33612294E-01 2020 12 17 11 30 02
-1.26869982E-01 2020 12 17 11 35 02
-1.16108680E-01 2020 12 17 11 40 02
-1.77876484E-01 2020 12 17 11 45 02
-1.49280968E-01 2020 12 17 11 50 02
-1.09741682E-01 2020 12 17 11 55 02
-2.81617679E-02 2020 12 17 12 00 02
-1.09423112E-01 2020 12 17 12 05 02
-1.28443203E-01 2020 12 17 12 10 02
-1.25405361E-01 2020 12 17 12 15 02
-2.99415879E-01 2020 12 17 12 20 02
-2.22032271E-01 2020 12 17 12 25 02
-2.59090289E-01 2020 12 17 12 30 02
-2.18951593E-01 2020 12 17 12 35 02
-3.41400943E-01 2020 12 17 12 40 03
-2.62425544E-01 2020 12 17 12 45 02
-2.63691174E-01 2020 12 17 12 50 02
-4.04540503E-01 2020 12 17 12 55 02
-3.45945217E-01 2020 12 17 13 00 02
-3.72826184E-01 2020 12 17 13 05 03
-3.95497395E-01 2020 12 17 13 10 02
-4.83980696E-01 2020 12 17 13 15 02
-4.43146398E-01 2020 12 17 13 20 02
-5.08275560E-01 2020 12 17 13 25 02
-6.08184807E-01 2020 12 17 13 30 02
-5.24348924E-01 2020 12 17 13 35 02
-5.90871672E-01 2020 12 17 13 40 02
-5.11858076E-01 2020 12 17 13 45 02
-5.13941766E-01 2020 12 17 13 50 02
-5.88037894E-01 2020 12 17 13 55 02
-5.42156563E-01 2020 12 17 14 00 02
-6.54489892E-01 2020 12 17 14 05 02
-6.01233007E-01 2020 12 17 14 10 02
-6.46996394E-01 2020 12 17 14 15 02
-6.57782293E-01 2020 12 17 14 20 02
-6.72849138E-01 2020 12 17 14 25 02
-7.34066796E-01 2020 12 17 14 30 03
-6.78000591E-01 2020 12 17 14 35 02
-7.52287567E-01 2020 12 17 14 40 02
-7.06915526E-01 2020 12 17 14 45 02
-7.93334516E-01 2020 12 17 14 50 02
-6.60238471E-01 2020 12 17 14 55 03
-6.90125282E-01 2020 12 17 15 00 02
-6.81976877E-01 2020 12 17 15 05 02
-6.99774943E-01 2020 12 17 15 10 02
-8.12531332E-01 2020 12 17 15 15 02
-7.45399780E-01 2020 12 17 15 20 03
-7.73981888E-01 2020 12 17 15 25 02
-6.86505762E-01 2020 12 17 15 30 02
-7.12353678E-01 2020 12 17 15 35 02
-7.26360168E-01 2020 12 17 15 40 02
-6.86610640E-01 2020 12 17 15 45 02
-7.84777919E-01 2020 12 17 15 50 02
-7.66613523E-01 2020 12 17 15 55 02
-7.15151651E-01 2020 12 17 16 00 02
-6.86472373E-01 2020 12 17 16 05 02
-7.35760129E-01 2020 12 17 16 10 02
-6.48931495E-01 2020 12 17 16 15 02
-6.83957802E-01 2020 12 17 16 20 02
-7.33058637E-01 2020 12 17 16 25 02
-6.90554081E-01 2020 12 17 16 30 02
-6.15686242E-01 2020 12 17 16 35 02
-6.49547546E-01 2020 12 17 16 40 02
-6.17300520E-01 2020 12 17 16 45 02
-6.01839134E-01 2020 12 17 16 50 02
-5.79153086E-01 2020 12 17 16 55 02
-6.05657860E-01 2020 12 17 17 00 02
-5.60336916E-01 2020 12 17 17 05 02
-6.40630021E-01 2020 12 17 17 10 03
-5.69110925E-01 2020 12 17 17 15 02
-5.40499897E-01 2020 12 17 17 20 02
-5.63199617E-01 2020 12 17 17 25 02
-5.03588275E-01 2020 12 17 17 30 02
-5.15935408E-01 2020 12 17 17 35 03
-5.00646457E-01 2020 12 17 17 40 02
-4.21599471E-01 2020 12 17 17 45 02
-4.57183367E-01 2020 12 17 17 50 02
-4.53122825E-01 2020 12 17 17 55 02
-4.47035809E-01 2020 12 17 18 00 03
-4.26072133E-01 2020 12 17 18 05 02
-4.68324952E-01 2020 12 17 18 10 02
-4.62634749E-01 2020 12 17 18 15 02
-3.40178193E-01 2020 12 17 18 20 02
-3.51685426E-01 2020 12 17 18 25 02
-3.85540230E-01 2020 12 17 18 30 02
-3.93633718E-01 2020 12 17 18 35 02
-3.67574471E-01 2020 12 17 18 40 02
-4.01093051E-01 2020 12 17 18 45 02
-3.40888940E-01 2020 12 17 18 50 02
-3.20118444E-01 2020 12 17 18 55 02
-3.29576187E-01 2020 12 17 19 00 02
-2.60496935E-01 2020 12 17 19 05 02
-2.78007858E-01 2020 12 17 19 10 02
-2.39861548E-01 2020 12 17 19 15 02
-2.93786051E-01 2020 12 17 19 20 02
-3.17295519E-01 2020 12 17 19 25 02
-2.06556801E-01 2020 12 17 19 30 02
-1.73749499E-01 2020 12 17 19 35 02
-1.80785881E-01 2020 12 17 19 40 02
-2.19207379E-01 2020 12 17 19 45 02
-2.11991274E-01 2020 12 17 19 50 03
-1.95605358E-01 2020 12 17 19 55 02
-1.55459384E-01 2020 12 17 20 00 02
-2.16076016E-01 2020 12 17 20 05 02
-1.83164692E-01 2020 12 17 20 10 02
-1.97256257E-01 2020 12 17 20 15 03
-1.88335953E-01 2020 12 17 20 20 02
-1.74518472E-01 2020 12 17 20 25 02
-1.84207780E-01 2020 12 17 20 30 02
-1.05063437E-01 2020 12 17 20 35 02
-1.73805270E-01 2020 12 17 20 40 02
-1.88813868E-01 2020 12 17 20 45 02
-2.43926244E-01 2020 12 17 20 50 02
-3.31042688E-01 2020 12 17 20 55 02
-2.21545375E-01 2020 12 17 21 00 02
-2.98058579E-01 2020 12 17 21 05 02
-2.43458914E-01 2020 12 17 21 10 02
-2.74346238E-01 2020 12 17 21 15 02
-2.60063493E-01 2020 12 17 21 20 02
-3.24718140E-01 2020 12 17 21 25 02
-3.08461670E-01 2020 12 17 21 30 02
-2.49075586E-01 2020 12 17 21 35 02
-2.60977463E-01 2020 12 17 21 40 03
-3.04971908E-01 2020 12 17 21 45 02
-2.66558948E-01 2020 12 17 21 50 02
-2.53234113E-01 2020 12 17 21 55 02
-3.42303875E-01 2020 12 17 22 00 02
-3.48956926E-01 2020 12 17 22 05 03
-3.95164227E-01 2020 12 17 22 10 02
-3.68506321E-01 2020 12 17 22 15 02
-3.95516030E-01 2020 12 17 22 20 02
-3.98825666E-01 2020 12 17 22 25 02
-4.14911479E-01 2020 12 17 22 30 02
-4.47027970E-01 2020 12 17 22 35 02
-4.98240831E-01 2020 12 17 22 40 02
-5.22350169E-01 2020 12 17 22 45 02
-4.98783536E-01 2020 12 17 22 50 02
-5.56652957E-01 2020 12 17 22 55 02
-5.73624518E-01 2020 12 17 23 00 02
-5.53495697E-01 2020 12 17 23 05 02
-5.77336077E-01 2020 12 17 23 10 02
-5.69255456E-01 2020 12 17 23 15 02
-6.19478005E-01 2020 12 17 23 20 02
-6.77235717E-01 2020 12 17 23 25 02
-6.53050339E-01 2020 12 17 23 30 03
-7.16343039E-01 2020 12 17 23 35 02
-7.28034931E-01 2020 12 17 23 40 02
-7.00963260E-01 2020 12 17 23 45 02
-8.18447825E-01 2020 12 17 23 50 02
-7.67274420E-01 2020 12 17 23 55 03
