-5.12451863E-01 2020 12 26 00 00 02
-4.88623075E-01 2020 12 26 00 05 02
-4.18210237E-01 2020 12 26 00 10 02
-3.59456042E-01 2020 12 26 00 15 02
-3.51239735E-01 2020 12 26 00 20 02
-3.78611154E-01 2020 12 26 00 25 03
-3.61344970E-01 2020 12 26 00 30 02
-3.86366083E-01 2020 12 26 00 35 02
-3.34083309E-01 2020 12 26 00 40 02
-2.62468804E-01 2020 12 26 00 45 02
-3.12776631E-01 2020 12 26 00 50 02
-3.11371832E-01 2020 12 26 00 55 02
-3.58979693E-01 2020 12 26 01 00 02
-3.56298707E-01 2020 12 26 01 05 02
-2.70713605E-01 2020 12 26 01 10 02
-1.91606500E-01 2020 12 26 01 15 02
-1.28188124E-01 2020 12 26 01 20 02
-1.31536165E-01 2020 12 26 01 25 03
-1.04466200E-01 2020 12 26 01 30 02
-1.51428712E-01 2020 12 26 01 35 02
-2.75620050E-01 2020 12 26 01 40 02
-2.17579401E-01 2020 12 26 01 45 02
-1.60032431E-01 2020 12 26 01 50 02
-1.39870292E-01 2020 12 26 01 55 02
-9.13705682E-02 2020 12 26 02 00 02
-1.96571822E-01 2020 12 26 02 05 02
-1.81851702E-01 2020 12 26 02 10 02
-1.23132069E-01 2020 12 26 02 15 02
-1.14241825E-01 2020 12 26 02 20 02
-1.23672832E-01 2020 12 26 02 25 02
-5.15882562E-02 2020 12 26 02 30 02
-6.54756656E-03 2020 12 26 02 35 02
+3.81553523E-02 2020 12 26 02 40 02
-3.19796875E-03 2020 12 26 02 45 02
-5.95028612E-02 2020 12 26 02 50 03
-2.46002266E-02 2020 12 26 02 55 02
-3.88916264E-02 2020 12 26 03 00 02
-1.21722215E-02 2020 12 26 03 05 02
+2.95279367E-02 2020 12 26 03 10 02
-4.38859473E-03 2020 12 26 03 15 03
+1.35696913E-02 2020 12 26 03 20 02
-3.33998866E-02 2020 12 26 03 25 02
-6.52615318E-02 2020 12 26 03 30 02
-7.16952802E-03 2020 12 26 03 35 02
+3.27375650E-02 2020 12 26 03 40 02
+2.00436494E-02 2020 12 26 03 45 02
+4.01318155E-02 2020 12 26 03 50 02
+4.91416964E-02 2020 12 26 03 55 02
+5.66830990E-02 2020 12 26 04 00 02
+8.18871236E-02 2020 12 26 04 05 02
+2.21611629E-02 2020 12 26 04 10 02
+6.35536771E-02 2020 12 26 04 15 02
+6.10198239E-02 2020 12 26 04 20 02
+3.27204030E-02 2020 12 26 04 25 02
+2.41926964E-02 2020 12 26 04 30 02
+1.60326195E-02 2020 12 26 04 35 02
-6.12226302E-03 2020 12 26 04 40 03
+1.90246491E-02 2020 12 26 04 45 02
+2.55124172E-03 2020 12 26 04 50 02
+8.40324750E-03 2020 12 26 04 55 02
+6.88047778E-03 2020 12 26 05 00 02
-2.96780840E-03 2020 12 26 05 05 03
-3.08976986E-02 2020 12 26 05 10 02
-1.43035724E-02 2020 12 26 05 15 02
-3.94061580E-02 2020 12 26 05 20 02
-5.06250399E-02 2020 12 26 05 25 02
-4.19031923E-02 2020 12 26 05 30 02
-1.57301373E-02 2020 12 26 05 35 02
-5.20100007E-02 2020 12 26 05 40 02
-1.00412914E-01 2020 12 26 05 45 02
-8.38330591E-02 2020 12 26 05 50 02
-1.44934095E-01 2020 12 26 05 55 02
-1.46455730E-01 2020 12 26 06 00 02
-1.27847565E-01 2020 12 26 06 05 02
-1.22824700E-01 2020 12 26 06 10 02
-1.48824110E-01 2020 12 26 06 15 02
-2.21491258E-01 2020 12 26 06 20 02
-1.62089507E-01 2020 12 26 06 25 02
-2.39566740E-01 2020 12 26 06 30 03
-2.03119464E-01 2020 12 26 06 35 02
-2.19910906E-01 2020 12 26 06 40 02
-2.39180778E-01 2020 12 26 06 45 02
-2.71273035E-01 2020 12 26 06 50 02
-3.25033403E-01 2020 12 26 06 55 02
-4.07428400E-01 2020 12 26 07 00 02
-3.03726536E-01 2020 12 26 07 05 03
-3.05996213E-01 2020 12 26 07 10 02
-3.51750685E-01 2020 12 26 07 15 02
-3.45091835E-01 2020 12 26 07 20 02
-4.00630678E-01 2020 12 26 07 25 02
-4.12808681E-01 2020 12 26 07 30 03
-3.74606922E-01 2020 12 26 07 35 02
-3.60708875E-01 2020 12 26 07 40 02
-4.53408403E-01 2020 12 26 07 45 02
-4.46034226E-01 2020 12 26 07 50 02
-4.55800881E-01 2020 12 26 07 55 02
-4.71543800E-01 2020 12 26 08 00 02
-5.52924855E-01 2020 12 26 08 05 02
-5.82715897E-01 2020 12 26 08 10 02
-5.45405446E-01 2020 12 26 08 15 02
-5.27800770E-01 2020 12 26 08 20 02
-5.02321322E-01 2020 12 26 08 25 02
-6.53254208E-01 2020 12 26 08 30 02
-5.80239968E-01 2020 12 26 08 35 02
-6.69819445E-01 2020 12 26 08 40 02
-6.88450272E-01 2020 12 26 08 45 02
-6.76595574E-01 2020 12 26 08 50 02
-6.65550480E-01 2020 12 26 08 55 03
-7.75991461E-01 2020 12 26 09 00 02
-7.41157954E-01 2020 12 26 09 05 02
-7.39507716E-01 2020 12 26 09 10 02
-8.47590806E-01 2020 12 26 09 15 02
-7.97193551E-01 2020 12 26 09 20 02
-8.16977657E-01 2020 12 26 09 25 02
-7.26436553E-01 2020 12 26 09 30 02
-8.25489779E-01 2020 12 26 09 35 02
-8.36178744E-01 2020 12 26 09 40 02
-8.09753417E-01 2020 12 26 09 45 02
-9.16504048E-01 2020 12 26 09 50 02
-8.51891604E-01 2020 12 26 09 55 03
-8.73122928E-01 2020 12 26 10 00 02
-8.70528408E-01 2020 12 26 10 05 02
-8.80247600E-01 2020 12 26 10 10 02
-9.45052190E-01 2020 12 26 10 15 02
-9.27821432E-01 2020 12 26 10 20 02
-1.04490213E+00 2020 12 26 10 25 02
-8.97645697E-01 2020 12 26 10 30 02
-8.99101123E-01 2020 12 26 10 35 02
-8.10605790E-01 2020 12 26 10 40 02
-8.41099935E-01 2020 12 26 10 45 02
-8.66082025E-01 2020 12 26 10 50 02
-8.43505656E-01 2020 12 26 10 55 03
-8.66436471E-01 2020 12 26 11 00 02
-8.59476036E-01 2020 12 26 11 05 02
-8.18512200E-01 2020 12 26 11 10 02
-8.06243166E-01 2020 12 26 11 15 02
-7.66072907E-01 2020 12 26 11 20 02
-7.36403959E-01 2020 12 26 11 25 02
-6.87921476E-01 2020 12 26 11 30 02
-7.69297837E-01 2020 12 26 11 35 02
-6.22321813E-01 2020 12 26 11 40 02
-6.64213735E-01 2020 12 26 11 45 02
-5.47194480E-01 2020 12 26 11 50 02
-5.09323600E-01 2020 12 26 11 55 02
-5.70870179E-01 2020 12 26 12 00 02
-4.81394702E-01 2020 12 26 12 05 02
-5.10837087E-01 2020 12 26 12 10 02
-5.02447402E-01 2020 12 26 12 15 02
-4.59006515E-01 2020 12 26 12 20 03
-4.36282540E-01 2020 12 26 12 25 02
-4.12137800E-01 2020 12 26 12 30 02
-4.51376667E-01 2020 12 26 12 35 02
-4.15838123E-01 2020 12 26 12 40 02
-4.26183912E-01 2020 12 26 12 45 02
-4.03786339E-01 2020 12 26 12 50 02
-3.56498382E-01 2020 12 26 12 55 02
-3.95494288E-01 2020 12 26 13 00 02
-4.38491811E-01 2020 12 26 13 05 02
-4.49882356E-01 2020 12 26 13 10 02
-2.96508122E-01 2020 12 26 13 15 02
-3.70492566E-01 2020 12 26 13 20 02
-2.76973976E-01 2020 12 26 13 25 02
-2.21066415E-01 2020 12 26 13 30 02
-2.97780349E-01 2020 12 26 13 35 02
-2.95000172E-01 2020 12 26 13 40 02
-2.54403714E-01 2020 12 26 13 45 03
-3.32438549E-01 2020 12 26 13 50 02
-3.60085411E-01 2020 12 26 13 55 02
-3.52082862E-01 2020 12 26 14 00 02
-3.73157855E-01 2020 12 26 14 05 02
-2.57864116E-01 2020 12 26 14 10 03
-1.86089874E-01 2020 12 26 14 15 02
-2.33460925E-01 2020 12 26 14 20 02
-2.71831847E-01 2020 12 26 14 25 02
-2.15821119E-01 2020 12 26 14 30 02
-1.31006373E-01 2020 12 26 14 35 02
-2.61665660E-01 2020 12 26 14 40 02
-2.25602710E-01 2020 12 26 14 45 02
-1.96891903E-01 2020 12 26 14 50 02
-1.50202378E-01 2020 12 26 14 55 02
-1.82279059E-01 2020 12 26 15 00 02
-1.49227283E-01 2020 12 26 15 05 02
-1.18982425E-01 2020 12 26 15 10 02
-1.34034379E-01 2020 12 26 15 15 02
-1.02175670E-01 2020 12 26 15 20 02
-1.84237068E-01 2020 12 26 15 25 02
-1.62927814E-01 2020 12 26 15 30 02
-2.09677559E-01 2020 12 26 15 35 03
-3.18416001E-01 2020 12 26 15 40 02
-2.58128042E-01 2020 12 26 15 45 02
-2.60383277E-01 2020 12 26 15 50 02
-2.94303630E-01 2020 12 26 15 55 02
-3.11384619E-01 2020 12 26 16 00 03
-3.08154053E-01 2020 12 26 16 05 02
-4.17792285E-01 2020 12 26 16 10 02
-3.55014548E-01 2020 12 26 16 15 02
-2.98468370E-01 2020 12 26 16 20 02
-3.22485110E-01 2020 12 26 16 25 02
-3.25424793E-01 2020 12 26 16 30 02
-3.78718795E-01 2020 12 26 16 35 02
-4.54542341E-01 2020 12 26 16 40 02
-3.60721458E-01 2020 12 26 16 45 02
-3.69217723E-01 2020 12 26 16 50 02
-3.83256739E-01 2020 12 26 16 55 02
-3.88221381E-01 2020 12 26 17 00 02
-3.16915155E-01 2020 12 26 17 05 02
-4.74926336E-01 2020 12 26 17 10 02
-3.98040379E-01 2020 12 26 17 15 02
-4.05254342E-01 2020 12 26 17 20 02
-4.98438863E-01 2020 12 26 17 25 02
-4.42467199E-01 2020 12 26 17 30 02
-4.15433518E-01 2020 12 26 17 35 02
-5.24376030E-01 2020 12 26 17 40 02
-4.31808864E-01 2020 12 26 17 45 02
-3.95342673E-01 2020 12 26 17 50 03
-4.12918112E-01 2020 12 26 17 55 02
-4.40214725E-01 2020 12 26 18 00 02
-3.75953742E-01 2020 12 26 18 05 02
-4.46757205E-01 2020 12 26 18 10 02
-4.85738272E-01 2020 12 26 18 15 03
-5.11086400E-01 2020 12 26 18 20 02
-5.30743171E-01 2020 12 26 18 25 02
-5.38415709E-01 2020 12 26 18 30 02
-4.58086084E-01 2020 12 26 18 35 02
-4.74657961E-01 2020 12 26 18 40 02
-4.65040915E-01 2020 12 26 18 45 02
-5.55734986E-01 2020 12 26 18 50 02
-5.61667725E-01 2020 12 26 18 55 02
-5.37218130E-01 2020 12 26 19 00 02
-6.45970086E-01 2020 12 26 19 05 02
-6.06972847E-01 2020 12 26 19 10 02
-5.80608681E-01 2020 12 26 19 15 03
-5.88754705E-01 2020 12 26 19 20 02
-6.55119907E-01 2020 12 26 19 25 02
-6.06067840E-01 2020 12 26 19 30 02
-6.49070964E-01 2020 12 26 19 35 02
-6.59625739E-01 2020 12 26 19 40 02
-6.53499701E-01 2020 12 26 19 45 02
-6.63067091E-01 2020 12 26 19 50 02
-6.37399063E-01 2020 12 26 19 55 02
-6.62564695E-01 2020 12 26 20 00 02
-6.88287368E-01 2020 12 26 20 05 02
-7.39306571E-01 2020 12 26 20 10 02
-7.48090737E-01 2020 12 26 20 15 02
-7.62379755E-01 2020 12 26 20 20 02
-8.00360013E-01 2020 12 26 20 25 02
-7.84875010E-01 2020 12 26 20 30 02
-7.32692646E-01 2020 12 26 20 35 02
-7.74870840E-01 2020 12 26 20 40 03
-7.68769376E-01 2020 12 26 20 45 02
-7.96896989E-01 2020 12 26 20 50 02
-8.69960014E-01 2020 12 26 20 55 02
-8.14922077E-01 2020 12 26 21 00 02
-9.01639000E-01 2020 12 26 21 05 03
-8.25949659E-01 2020 12 26 21 10 02
-8.05266721E-01 2020 12 26 21 15 02
-8.24741674E-01 2020 12 26 21 20 02
-7.60558292E-01 2020 12 26 21 25 02
-8.44808171E-01 2020 12 26 21 30 02
-7.97429778E-01 2020 12 26 21 35 02
-8.42168893E-01 2020 12 26 21 40 02
-9.70759116E-01 2020 12 26 21 45 02
-8.47284496E-01 2020 12 26 21 50 02
-8.47922657E-01 2020 12 26 21 55 02
-8.73147054E-01 2020 12 26 22 00 02
-8.03118802E-01 2020 12 26 22 05 02
-8.44746675E-01 2020 12 26 22 10 02
-8.71236897E-01 2020 12 26 22 15 02
-9.83060946E-01 2020 12 26 22 20 02
-8.92264004E-01 2020 12 26 22 25 02
-8.72789837E-01 2020 12 26 22 30 03
-8.53540366E-01 2020 12 26 22 35 02
-8.05933187E-01 2020 12 26 22 40 02
-7.72250960E-01 2020 12 26 22 45 02
-8.11027570E-01 2020 12 26 22 50 02
-8.41018441E-01 2020 12 26 22 55 03
-8.29003222E-01 2020 12 26 23 00 02
-6.41966582E-01 2020 12 26 23 05 02
-7.99037033E-01 2020 12 26 23 10 02
-7.90369236E-01 2020 12 26 23 15 02
-7.00512012E-01 2020 12 26 23 20 02
-7.58478058E-01 2020 12 26 23 25 02
-8.23867373E-01 2020 12 26 23 30 02
-7.18479421E-01 2020 12 26 23 35 02
-6.66048200E-01 2020 12 26 23 40 02
-6.01110266E-01 2020 12 26 23 45 02
-4.81053475E-01 2020 12 26 23 50 02
-6.52926488E-01 2020 12 26 23 55 03
