-2.84479987E-01 2020 12 24 00 00 02
-2.82281016E-01 2020 12 24 00 05 02
-3.66726284E-01 2020 12 24 00 10 02
-4.91063946E-01 2020 12 24 00 15 02
-4.48819919E-01 2020 12 24 00 20 02
-4.92802404E-01 2020 12 24 00 25 02
-4.12267986E-01 2020 12 24 00 30 02
-3.98686432E-01 2020 12 24 00 35 02
-4.70929460E-01 2020 12 24 00 40 02
-4.28994310E-01 2020 12 24 00 45 03
-3.61729363E-01 2020 12 24 00 50 02
-3.86964346E-01 2020 12 24 00 55 02
-3.91015529E-01 2020 12 24 01 00 02
-4.42183603E-01 2020 12 24 01 05 02
-4.40740753E-01 2020 12 24 01 10 02
-3.64231902E-01 2020 12 24 01 15 02
-3.40919880E-01 2020 12 24 01 20 02
-3.20110980E-01 2020 12 24 01 25 02
-3.93323820E-01 2020 12 24 01 30 02
-3.57659173E-01 2020 12 24 01 35 02
-3.76163134E-01 2020 12 24 01 40 02
-3.61840947E-01 2020 12 24 01 45 02
-3.41429499E-01 2020 12 24 01 50 02
-3.86709358E-01 2020 12 24 01 55 02
-3.93793629E-01 2020 12 24 02 00 02
-3.57295564E-01 2020 12 24 02 05 02
-3.75405767E-01 2020 12 24 02 10 03
-4.29398615E-01 2020 12 24 02 15 02
-4.35209857E-01 2020 12 24 02 20 02
-4.08729119E-01 2020 12 24 02 25 02
-3.68557417E-01 2020 12 24 02 30 02
-3.57585369E-01 2020 12 24 02 35 03
-4.52769908E-01 2020 12 24 02 40 02
-4.71404269E-01 2020 12 24 02 45 02
-4.40748406E-01 2020 12 24 02 50 02
-3.91164169E-01 2020 12 24 02 55 02
-3.47938500E-01 2020 12 24 03 00 02
-3.44789186E-01 2020 12 24 03 05 02
-3.79596378E-01 2020 12 24 03 10 02
-3.60631744E-01 2020 12 24 03 15 02
-4.33359191E-01 2020 12 24 03 20 02
-4.59565940E-01 2020 12 24 03 25 02
-3.76743141E-01 2020 12 24 03 30 02
-3.44176380E-01 2020 12 24 03 35 02
-3.11224460E-01 2020 12 24 03 40 02
-3.65313231E-01 2020 12 24 03 45 02
-4.01253203E-01 2020 12 24 03 50 02
-4.33613421E-01 2020 12 24 03 55 02
-4.46346105E-01 2020 12 24 04 00 03
-3.48534706E-01 2020 12 24 04 05 02
-3.41844298E-01 2020 12 24 04 10 02
-3.83197818E-01 2020 12 24 04 15 02
-4.36653877E-01 2020 12 24 04 20 02
-4.67479270E-01 2020 12 24 04 25 02
-4.68342717E-01 2020 12 24 04 30 02
-3.61588961E-01 2020 12 24 04 35 02
-3.73722208E-01 2020 12 24 04 40 02
-3.23011136E-01 2020 12 24 04 45 02
-5.10137106E-01 2020 12 24 04 50 02
-4.88787760E-01 2020 12 24 04 55 02
-4.93190065E-01 2020 12 24 05 00 02
-4.66237953E-01 2020 12 24 05 05 02
-4.76904514E-01 2020 12 24 05 10 02
-4.94837847E-01 2020 12 24 05 15 02
-5.39152032E-01 2020 12 24 05 20 02
-5.10645408E-01 2020 12 24 05 25 03
-5.12183326E-01 2020 12 24 05 30 02
-5.63952289E-01 2020 12 24 05 35 02
-4.36800013E-01 2020 12 24 05 40 02
-5.70297546E-01 2020 12 24 05 45 02
-5.51146950E-01 2020 12 24 05 50 02
-6.37404824E-01 2020 12 24 05 55 02
-4.82643484E-01 2020 12 24 06 00 02
-4.88500743E-01 2020 12 24 06 05 02
-5.86520273E-01 2020 12 24 06 10 02
-4.77922790E-01 2020 12 24 06 15 02
-5.17227765E-01 2020 12 24 06 20 02
-4.49698543E-01 2020 12 24 06 25 02
-5.11523849E-01 2020 12 24 06 30 02
-5.54185629E-01 2020 12 24 06 35 02
-5.23852582E-01 2020 12 24 06 40 02
-6.21743866E-01 2020 12 24 06 45 02
-5.41103670E-01 2020 12 24 06 50 03
-5.05006889E-01 2020 12 24 06 55 02
-5.89420719E-01 2020 12 24 07 00 02
-6.03477344E-01 2020 12 24 07 05 02
-5.68873684E-01 2020 12 24 07 10 02
-5.89237872E-01 2020 12 24 07 15 03
-5.76664540E-01 2020 12 24 07 20 02
-6.64335199E-01 2020 12 24 07 25 02
-6.42792929E-01 2020 12 24 07 30 02
-7.71696102E-01 2020 12 24 07 35 02
-8.05283416E-01 2020 12 24 07 40 03
-7.84891899E-01 2020 12 24 07 45 02
-7.20507883E-01 2020 12 24 07 50 02
-7.75190978E-01 2020 12 24 07 55 02
-7.98102042E-01 2020 12 24 08 00 02
-7.93391195E-01 2020 12 24 08 05 02
-8.75879032E-01 2020 12 24 08 10 02
-7.86652765E-01 2020 12 24 08 15 02
-8.87068888E-01 2020 12 24 08 20 02
-8.44268822E-01 2020 12 24 08 25 02
-7.95150416E-01 2020 12 24 08 30 02
-8.79147321E-01 2020 12 24 08 35 02
-1.02018962E+00 2020 12 24 08 40 02
-1.00075665E+00 2020 12 24 08 45 02
-1.06622161E+00 2020 12 24 08 50 02
-9.02889986E-01 2020 12 24 08 55 02
-9.21156489E-01 2020 12 24 09 00 02
-1.05265539E+00 2020 12 24 09 05 03
-1.01922432E+00 2020 12 24 09 10 02
-9.84716415E-01 2020 12 24 09 15 02
-8.71454900E-01 2020 12 24 09 20 02
-1.00232691E+00 2020 12 24 09 25 02
-1.03273318E+00 2020 12 24 09 30 03
-9.92037850E-01 2020 12 24 09 35 02
-9.50415963E-01 2020 12 24 09 40 02
-9.14201621E-01 2020 12 24 09 45 02
-9.56680723E-01 2020 12 24 09 50 02
-1.03545293E+00 2020 12 24 09 55 03
-9.49215764E-01 2020 12 24 10 00 02
-9.19921451E-01 2020 12 24 10 05 02
-9.85231727E-01 2020 12 24 10 10 02
-9.45872627E-01 2020 12 24 10 15 02
-9.30846642E-01 2020 12 24 10 20 02
-9.59939915E-01 2020 12 24 10 25 02
-8.04628289E-01 2020 12 24 10 30 02
-9.57049871E-01 2020 12 24 10 35 02
-8.96696332E-01 2020 12 24 10 40 02
-7.36341884E-01 2020 12 24 10 45 02
-7.38804450E-01 2020 12 24 10 50 02
-7.54103616E-01 2020 12 24 10 55 02
-7.90298080E-01 2020 12 24 11 00 02
-6.85842010E-01 2020 12 24 11 05 02
-7.71513188E-01 2020 12 24 11 10 02
-6.60145405E-01 2020 12 24 11 15 02
-5.48815711E-01 2020 12 24 11 20 03
-4.89244693E-01 2020 12 24 11 25 02
-4.98126353E-01 2020 12 24 11 30 02
-5.35255003E-01 2020 12 24 11 35 02
-4.46568562E-01 2020 12 24 11 40 02
-4.92838368E-01 2020 12 24 11 45 03
-4.58888517E-01 2020 12 24 11 50 02
-3.71902637E-01 2020 12 24 11 55 02
-3.47107439E-01 2020 12 24 12 00 02
-4.21633192E-01 2020 12 24 12 05 02
-4.04230857E-01 2020 12 24 12 10 03
-3.31850760E-01 2020 12 24 12 15 02
-4.35350688E-01 2020 12 24 12 20 02
-3.12386681E-01 2020 12 24 12 25 02
-3.38624768E-01 2020 12 24 12 30 02
-2.32924583E-01 2020 12 24 12 35 02
-2.13421758E-01 2020 12 24 12 40 02
-2.43183413E-01 2020 12 24 12 45 03
-1.86125521E-01 2020 12 24 12 50 02
-2.62849429E-01 2020 12 24 12 55 02
-2.39157791E-01 2020 12 24 13 00 02
-2.98258324E-01 2020 12 24 13 05 02
-2.27597806E-01 2020 12 24 13 10 03
-3.33494083E-01 2020 12 24 13 15 02
-3.67843116E-01 2020 12 24 13 20 02
-3.97340336E-01 2020 12 24 13 25 02
-4.60608934E-01 2020 12 24 13 30 02
-3.50782356E-01 2020 12 24 13 35 02
-3.72442864E-01 2020 12 24 13 40 02
-3.40689196E-01 2020 12 24 13 45 02
-3.18377029E-01 2020 12 24 13 50 02
-2.22837043E-01 2020 12 24 13 55 02
-1.97799877E-01 2020 12 24 14 00 02
-2.88876733E-01 2020 12 24 14 05 02
-1.63284965E-01 2020 12 24 14 10 03
-2.01010258E-01 2020 12 24 14 15 02
-1.55588203E-01 2020 12 24 14 20 02
-9.72713610E-02 2020 12 24 14 25 02
-1.87187996E-01 2020 12 24 14 30 02
-1.32012328E-01 2020 12 24 14 35 03
-6.15291920E-02 2020 12 24 14 40 02
-2.41222451E-01 2020 12 24 14 45 02
-1.84411640E-01 2020 12 24 14 50 02
-2.92433207E-01 2020 12 24 14 55 02
-3.01943672E-01 2020 12 24 15 00 02
-2.76199039E-01 2020 12 24 15 05 02
-2.64221195E-01 2020 12 24 15 10 02
-3.71966583E-01 2020 12 24 15 15 02
-4.21448761E-01 2020 12 24 15 20 02
-3.67606407E-01 2020 12 24 15 25 02
-3.88352996E-01 2020 12 24 15 30 02
-4.51683868E-01 2020 12 24 15 35 03
-4.86940508E-01 2020 12 24 15 40 02
-5.70261166E-01 2020 12 24 15 45 02
-5.78387087E-01 2020 12 24 15 50 02
-5.26433905E-01 2020 12 24 15 55 02
-5.25795846E-01 2020 12 24 16 00 03
-4.39693254E-01 2020 12 24 16 05 02
-5.69210320E-01 2020 12 24 16 10 02
-5.59304512E-01 2020 12 24 16 15 02
-5.32192547E-01 2020 12 24 16 20 02
-5.96496848E-01 2020 12 24 16 25 03
-5.63939733E-01 2020 12 24 16 30 02
-5.58482073E-01 2020 12 24 16 35 02
-6.65928212E-01 2020 12 24 16 40 02
-6.34770278E-01 2020 12 24 16 45 02
-6.74960369E-01 2020 12 24 16 50 02
-5.98108023E-01 2020 12 24 16 55 02
-7.88575570E-01 2020 12 24 17 00 02
-7.88880210E-01 2020 12 24 17 05 02
-7.35829464E-01 2020 12 24 17 10 02
-7.93901006E-01 2020 12 24 17 15 02
-8.33094485E-01 2020 12 24 17 20 02
-8.27410917E-01 2020 12 24 17 25 03
-7.94135913E-01 2020 12 24 17 30 02
-9.16529466E-01 2020 12 24 17 35 02
-9.18359616E-01 2020 12 24 17 40 02
-7.47443393E-01 2020 12 24 17 45 02
-9.07616634E-01 2020 12 24 17 50 03
-8.89072101E-01 2020 12 24 17 55 02
-8.12120407E-01 2020 12 24 18 00 02
-8.32943406E-01 2020 12 24 18 05 02
-7.26877652E-01 2020 12 24 18 10 02
-6.94075074E-01 2020 12 24 18 15 02
-6.37131083E-01 2020 12 24 18 20 02
-6.53640125E-01 2020 12 24 18 25 02
-6.62785484E-01 2020 12 24 18 30 02
-6.36376244E-01 2020 12 24 18 35 02
-6.92805196E-01 2020 12 24 18 40 02
-7.56117540E-01 2020 12 24 18 45 02
-7.29521804E-01 2020 12 24 18 50 02
-5.23458223E-01 2020 12 24 18 55 02
-5.26668931E-01 2020 12 24 19 00 02
-4.65753641E-01 2020 12 24 19 05 02
-5.31289441E-01 2020 12 24 19 10 02
-4.02126859E-01 2020 12 24 19 15 03
-6.14560733E-01 2020 12 24 19 20 02
-5.45455594E-01 2020 12 24 19 25 02
-6.73099495E-01 2020 12 24 19 30 02
-6.38571197E-01 2020 12 24 19 35 02
-5.63001412E-01 2020 12 24 19 40 02
-6.89512424E-01 2020 12 24 19 45 02
-7.06490111E-01 2020 12 24 19 50 02
-7.30010604E-01 2020 12 24 19 55 02
-8.60210470E-01 2020 12 24 20 00 02
-8.53527296E-01 2020 12 24 20 05 02
-9.00559493E-01 2020 12 24 20 10 02
-7.40067315E-01 2020 12 24 20 15 02
-8.81110272E-01 2020 12 24 20 20 02
-8.90747571E-01 2020 12 24 20 25 02
-7.20854947E-01 2020 12 24 20 30 02
-8.48494617E-01 2020 12 24 20 35 02
-8.29179258E-01 2020 12 24 20 40 03
-9.51439989E-01 2020 12 24 20 45 02
-7.22741931E-01 2020 12 24 20 50 02
-5.86537943E-01 2020 12 24 20 55 02
-5.56199209E-01 2020 12 24 21 00 02
-2.86728255E-01 2020 12 24 21 05 02
-1.95636246E-01 2020 12 24 21 10 02
-5.35985236E-02 2020 12 24 21 15 02
+7.57567980E-02 2020 12 24 21 20 02
-2.77103497E-01 2020 12 24 21 25 02
-1.53348030E-01 2020 12 24 21 30 02
-3.14757236E-01 2020 12 24 21 35 02
-5.69781427E-01 2020 12 24 21 40 02
-8.43745201E-01 2020 12 24 21 45 02
-8.79131829E-01 2020 12 24 21 50 02
-9.57430081E-01 2020 12 24 21 55 02
-8.48961777E-01 2020 12 24 22 00 02
-7.88639929E-01 2020 12 24 22 05 03
-8.04188640E-01 2020 12 24 22 10 02
-8.33663914E-01 2020 12 24 22 15 02
-8.18436028E-01 2020 12 24 22 20 02
-6.99071490E-01 2020 12 24 22 25 02
-7.96584550E-01 2020 12 24 22 30 02
-8.85380312E-01 2020 12 24 22 35 02
-8.61679554E-01 2020 12 24 22 40 02
-8.98471711E-01 2020 12 24 22 45 02
-7.74652762E-01 2020 12 24 22 50 02
-8.72578764E-01 2020 12 24 22 55 02
-7.94121468E-01 2020 12 24 23 00 02
-8.17658355E-01 2020 12 24 23 05 02
-7.04021158E-01 2020 12 24 23 10 02
-5.45823620E-01 2020 12 24 23 15 02
-4.56641410E-01 2020 12 24 23 20 02
-4.58937480E-01 2020 12 24 23 25 02
-3.30676529E-01 2020 12 24 23 30 02
-3.70172950E-01 2020 12 24 23 35 02
-3.50515118E-01 2020 12 24 23 40 02
-2.77273379E-01 2020 12 24 23 45 02
-3.95612287E-01 2020 12 24 23 50 02
-4.77622566E-01 2020 12 24 23 55 03
