-2.78154615E-01 2020 12 09 00 00 02
-3.00406924E-01 2020 12 09 00 05 02
-2.72886845E-01 2020 12 09 00 10 03
-3.18370792E-01 2020 12 09 00 15 02
-2.78793558E-01 2020 12 09 00 20 02
-3.36651908E-01 2020 12 09 00 25 02
-3.04727528E-01 2020 12 09 00 30 02
-2.75633518E-01 2020 12 09 00 35 02
-3.06062232E-01 2020 12 09 00 40 02
-3.31541705E-01 2020 12 09 00 45 02
-2.79717228E-01 2020 12 09 00 50 02
-2.59952342E-01 2020 12 09 00 55 02
-2.35386000E-01 2020 12 09 01 00 02
-2.42146539E-01 2020 12 09 01 05 02
-2.79772188E-01 2020 12 09 01 10 02
-3.40475229E-01 2020 12 09 01 15 02
-3.47566927E-01 2020 12 09 01 20 02
-3.51070016E-01 2020 12 09 01 25 02
-3.45239645E-01 2020 12 09 01 30 02
-3.29949115E-01 2020 12 09 01 35 02
-3.42173170E-01 2020 12 09 01 40 02
-3.21272653E-01 2020 12 09 01 45 02
-3.40388134E-01 2020 12 09 01 50 02
-3.41952303E-01 2020 12 09 01 55 02
-3.60797487E-01 2020 12 09 02 00 03
-3.31209915E-01 2020 12 09 02 05 02
-3.62780794E-01 2020 12 09 02 10 02
-3.88392498E-01 2020 12 09 02 15 02
-3.57916101E-01 2020 12 09 02 20 02
-3.36086428E-01 2020 12 09 02 25 03
-5.09671058E-01 2020 12 09 02 30 02
-4.92644463E-01 2020 12 09 02 35 02
-4.12179764E-01 2020 12 09 02 40 02
-4.10440286E-01 2020 12 09 02 45 02
-4.16191761E-01 2020 12 09 02 50 03
-3.40751496E-01 2020 12 09 02 55 02
-4.55789225E-01 2020 12 09 03 00 02
-4.55970252E-01 2020 12 09 03 05 02
-4.39165427E-01 2020 12 09 03 10 02
-5.02475474E-01 2020 12 09 03 15 02
-4.51393833E-01 2020 12 09 03 20 02
-3.59595744E-01 2020 12 09 03 25 02
-3.24212418E-01 2020 12 09 03 30 02
-2.07732414E-01 2020 12 09 03 35 02
-3.92441668E-01 2020 12 09 03 40 02
-4.01901950E-01 2020 12 09 03 45 02
-4.18775914E-01 2020 12 09 03 50 02
-3.57477931E-01 2020 12 09 03 55 02
-4.63820262E-01 2020 12 09 04 00 02
-4.92812820E-01 2020 12 09 04 05 02
-4.92341454E-01 2020 12 09 04 10 02
-5.44882190E-01 2020 12 09 04 15 02
-5.84973829E-01 2020 12 09 04 20 02
-6.09191584E-01 2020 12 09 04 25 02
-6.28827452E-01 2020 12 09 04 30 02
-6.54594868E-01 2020 12 09 04 35 02
-6.48095028E-01 2020 12 09 04 40 03
-6.52240877E-01 2020 12 09 04 45 02
-6.38947442E-01 2020 12 09 04 50 02
-6.51300911E-01 2020 12 09 04 55 02
-6.51509549E-01 2020 12 09 05 00 02
-6.73981632E-01 2020 12 09 05 05 03
-6.66810778E-01 2020 12 09 05 10 02
-6.31231627E-01 2020 12 09 05 15 02
-6.79234311E-01 2020 12 09 05 20 02
-6.79263541E-01 2020 12 09 05 25 02
-7.10511151E-01 2020 12 09 05 30 02
-6.91609709E-01 2020 12 09 05 35 02
-7.18547375E-01 2020 12 09 05 40 02
-7.14282228E-01 2020 12 09 05 45 02
-6.85346010E-01 2020 12 09 05 50 02
-8.21132449E-01 2020 12 09 05 55 02
-7.27940284E-01 2020 12 09 06 00 02
-6.73964156E-01 2020 12 09 06 05 02
-6.93870906E-01 2020 12 09 06 10 02
-7.27524439E-01 2020 12 09 06 15 02
-7.10743558E-01 2020 12 09 06 20 02
-7.05185598E-01 2020 12 09 06 25 02
-7.70650363E-01 2020 12 09 06 30 03
-7.00664645E-01 2020 12 09 06 35 02
-6.86812499E-01 2020 12 09 06 40 02
-6.11014681E-01 2020 12 09 06 45 02
-7.04022226E-01 2020 12 09 06 50 02
-6.95829139E-01 2020 12 09 06 55 03
-6.89317245E-01 2020 12 09 07 00 02
-7.10005835E-01 2020 12 09 07 05 02
-7.13875218E-01 2020 12 09 07 10 02
-7.15375693E-01 2020 12 09 07 15 02
-7.13533078E-01 2020 12 09 07 20 02
-7.35228754E-01 2020 12 09 07 25 02
-6.94969272E-01 2020 12 09 07 30 02
-7.65140857E-01 2020 12 09 07 35 02
-8.53464063E-01 2020 12 09 07 40 02
-8.29658666E-01 2020 12 09 07 45 02
-8.11956780E-01 2020 12 09 07 50 02
-7.99460717E-01 2020 12 09 07 55 02
-7.48147757E-01 2020 12 09 08 00 02
-7.73487714E-01 2020 12 09 08 05 02
-7.37013164E-01 2020 12 09 08 10 02
-7.01635325E-01 2020 12 09 08 15 02
-7.67491093E-01 2020 12 09 08 20 03
-7.64290918E-01 2020 12 09 08 25 02
-6.96126874E-01 2020 12 09 08 30 02
-8.39154289E-01 2020 12 09 08 35 02
-8.98884699E-01 2020 12 09 08 40 02
-8.68484499E-01 2020 12 09 08 45 03
-8.72607477E-01 2020 12 09 08 50 02
-9.42693425E-01 2020 12 09 08 55 02
-8.73524832E-01 2020 12 09 09 00 02
-9.53437384E-01 2020 12 09 09 05 02
-8.20800781E-01 2020 12 09 09 10 03
-7.83479751E-01 2020 12 09 09 15 02
-7.76682174E-01 2020 12 09 09 20 02
-8.27450317E-01 2020 12 09 09 25 02
-7.97915209E-01 2020 12 09 09 30 02
-7.93006660E-01 2020 12 09 09 35 02
-7.89481531E-01 2020 12 09 09 40 02
-8.64923949E-01 2020 12 09 09 45 02
-8.65350367E-01 2020 12 09 09 50 02
-7.43420814E-01 2020 12 09 09 55 02
-8.91534543E-01 2020 12 09 10 00 02
-8.39402574E-01 2020 12 09 10 05 02
-8.38618646E-01 2020 12 09 10 10 03
-7.17867642E-01 2020 12 09 10 15 02
-7.24235537E-01 2020 12 09 10 20 02
-7.13269353E-01 2020 12 09 10 25 02
-6.70412740E-01 2020 12 09 10 30 02
-7.28423946E-01 2020 12 09 10 35 03
-6.48547369E-01 2020 12 09 10 40 02
-6.30885721E-01 2020 12 09 10 45 02
-5.01747087E-01 2020 12 09 10 50 02
-5.18832734E-01 2020 12 09 10 55 02
-4.50507150E-01 2020 12 09 11 00 03
-4.12194743E-01 2020 12 09 11 05 02
-4.61791628E-01 2020 12 09 11 10 02
-4.20554697E-01 2020 12 09 11 15 02
-2.69068608E-01 2020 12 09 11 20 02
-1.89070406E-01 2020 12 09 11 25 02
-1.33918528E-01 2020 12 09 11 30 02
-1.16981318E-01 2020 12 09 11 35 02
-4.19734474E-02 2020 12 09 11 40 02
-3.72083353E-02 2020 12 09 11 45 02
+9.23263279E-02 2020 12 09 11 50 02
+6.93694493E-02 2020 12 09 11 55 02
+1.23046962E-01 2020 12 09 12 00 02
+1.70900924E-01 2020 12 09 12 05 02
+1.81354134E-01 2020 12 09 12 10 02
+1.67401579E-01 2020 12 09 12 15 02
+1.70454140E-01 2020 12 09 12 20 02
+1.83161815E-01 2020 12 09 12 25 02
+2.39665032E-01 2020 12 09 12 30 02
+2.84047845E-01 2020 12 09 12 35 02
+2.17061441E-01 2020 12 09 12 40 02
+1.80220082E-01 2020 12 09 12 45 02
+2.36578907E-01 2020 12 09 12 50 03
+1.02918850E-01 2020 12 09 12 55 02
+1.15219149E-01 2020 12 09 13 00 02
+2.13458341E-01 2020 12 09 13 05 02
+1.07471634E-01 2020 12 09 13 10 02
+1.44469488E-01 2020 12 09 13 15 03
+8.07024930E-02 2020 12 09 13 20 02
+1.03594186E-01 2020 12 09 13 25 02
+7.60822708E-02 2020 12 09 13 30 02
+5.22898854E-02 2020 12 09 13 35 02
-7.97798105E-03 2020 12 09 13 40 02
+3.57735605E-02 2020 12 09 13 45 02
-2.27854340E-02 2020 12 09 13 50 02
-2.16391239E-02 2020 12 09 13 55 02
+4.99215896E-02 2020 12 09 14 00 02
-2.23917701E-02 2020 12 09 14 05 02
+4.81060397E-02 2020 12 09 14 10 02
-5.09271873E-02 2020 12 09 14 15 02
+5.29933961E-02 2020 12 09 14 20 02
-1.13366704E-02 2020 12 09 14 25 02
+2.27626968E-02 2020 12 09 14 30 02
+9.05688541E-02 2020 12 09 14 35 02
-1.70715174E-01 2020 12 09 14 40 03
-1.71349362E-01 2020 12 09 14 45 02
-1.90157996E-01 2020 12 09 14 50 02
-1.42269930E-01 2020 12 09 14 55 02
-8.12968436E-02 2020 12 09 15 00 02
-9.50232735E-02 2020 12 09 15 05 02
-3.52788600E-02 2020 12 09 15 10 02
-8.36953848E-02 2020 12 09 15 15 02
-9.75229077E-02 2020 12 09 15 20 02
-1.27399982E-01 2020 12 09 15 25 02
-1.14210770E-01 2020 12 09 15 30 02
-1.99202316E-01 2020 12 09 15 35 02
-2.24800075E-01 2020 12 09 15 40 02
-2.89412750E-01 2020 12 09 15 45 02
-3.28219775E-01 2020 12 09 15 50 02
-3.89503626E-01 2020 12 09 15 55 02
-4.32583552E-01 2020 12 09 16 00 02
-4.27530348E-01 2020 12 09 16 05 03
-4.55497365E-01 2020 12 09 16 10 02
-4.24881688E-01 2020 12 09 16 15 02
-3.43744376E-01 2020 12 09 16 20 02
-4.49565078E-01 2020 12 09 16 25 02
-5.48657020E-01 2020 12 09 16 30 03
-5.08088730E-01 2020 12 09 16 35 02
-6.05127747E-01 2020 12 09 16 40 02
-5.05187108E-01 2020 12 09 16 45 02
-6.42498611E-01 2020 12 09 16 50 02
-6.22807035E-01 2020 12 09 16 55 02
-6.95388626E-01 2020 12 09 17 00 02
-7.88673474E-01 2020 12 09 17 05 02
-7.05169971E-01 2020 12 09 17 10 02
-7.15141204E-01 2020 12 09 17 15 02
-7.21500410E-01 2020 12 09 17 20 02
-6.93813201E-01 2020 12 09 17 25 02
-6.77770656E-01 2020 12 09 17 30 03
-6.93713692E-01 2020 12 09 17 35 02
-6.92391194E-01 2020 12 09 17 40 02
-5.74768583E-01 2020 12 09 17 45 02
-7.65466564E-01 2020 12 09 17 50 02
-7.11969793E-01 2020 12 09 17 55 03
-7.04443294E-01 2020 12 09 18 00 02
-7.67401945E-01 2020 12 09 18 05 02
-7.45698162E-01 2020 12 09 18 10 02
-7.18010598E-01 2020 12 09 18 15 02
-7.48038213E-01 2020 12 09 18 20 02
-8.14762148E-01 2020 12 09 18 25 02
-7.92279449E-01 2020 12 09 18 30 02
-8.07162694E-01 2020 12 09 18 35 02
-7.59584607E-01 2020 12 09 18 40 02
-8.07803067E-01 2020 12 09 18 45 02
-7.03395117E-01 2020 12 09 18 50 02
-7.91490281E-01 2020 12 09 18 55 02
-8.31739551E-01 2020 12 09 19 00 02
-7.72623699E-01 2020 12 09 19 05 02
-8.04499078E-01 2020 12 09 19 10 02
-9.02455082E-01 2020 12 09 19 15 02
-8.88953648E-01 2020 12 09 19 20 02
-8.77368359E-01 2020 12 09 19 25 02
-7.82959696E-01 2020 12 09 19 30 02
-9.19286638E-01 2020 12 09 19 35 02
-8.77241558E-01 2020 12 09 19 40 02
-8.73808047E-01 2020 12 09 19 45 02
-9.76250638E-01 2020 12 09 19 50 02
-9.40658769E-01 2020 12 09 19 55 02
-7.97206485E-01 2020 12 09 20 00 02
-8.10073898E-01 2020 12 09 20 05 02
-8.44593289E-01 2020 12 09 20 10 02
-7.76685313E-01 2020 12 09 20 15 02
-9.38457892E-01 2020 12 09 20 20 02
-7.43430650E-01 2020 12 09 20 25 02
-8.56607387E-01 2020 12 09 20 30 02
-7.98866363E-01 2020 12 09 20 35 02
-8.89161420E-01 2020 12 09 20 40 02
-9.85456425E-01 2020 12 09 20 45 03
-8.03677579E-01 2020 12 09 20 50 02
-7.80222298E-01 2020 12 09 20 55 02
-7.89127785E-01 2020 12 09 21 00 02
-7.35388692E-01 2020 12 09 21 05 02
-8.58980518E-01 2020 12 09 21 10 03
-7.87890238E-01 2020 12 09 21 15 02
-8.16754564E-01 2020 12 09 21 20 02
-7.72588750E-01 2020 12 09 21 25 02
-7.88977810E-01 2020 12 09 21 30 02
-6.30772485E-01 2020 12 09 21 35 02
-7.61679682E-01 2020 12 09 21 40 02
-8.16713603E-01 2020 12 09 21 45 02
-8.29179497E-01 2020 12 09 21 50 02
-7.43110607E-01 2020 12 09 21 55 02
-7.21929206E-01 2020 12 09 22 00 02
-7.42012226E-01 2020 12 09 22 05 02
-6.86683268E-01 2020 12 09 22 10 02
-6.66366384E-01 2020 12 09 22 15 02
-6.52894543E-01 2020 12 09 22 20 02
-6.68058810E-01 2020 12 09 22 25 02
-7.16714582E-01 2020 12 09 22 30 02
-6.30187189E-01 2020 12 09 22 35 03
-6.02063148E-01 2020 12 09 22 40 02
-5.81161897E-01 2020 12 09 22 45 02
-6.27012640E-01 2020 12 09 22 50 02
-5.64137560E-01 2020 12 09 22 55 02
-5.88041732E-01 2020 12 09 23 00 03
-5.07503713E-01 2020 12 09 23 05 02
-5.87143683E-01 2020 12 09 23 10 02
-5.22175457E-01 2020 12 09 23 15 02
-5.15858785E-01 2020 12 09 23 20 02
-5.42402613E-01 2020 12 09 23 25 03
-5.23529264E-01 2020 12 09 23 30 02
-4.93087141E-01 2020 12 09 23 35 02
-5.13446821E-01 2020 12 09 23 40 02
-5.92836131E-01 2020 12 09 23 45 02
-5.20173495E-01 2020 12 09 23 50 02
-4.39807600E-01 2020 12 09 23 55 02
