-6.67506767E-01 2020 12 12 00 00 02
-7.00076561E-01 2020 12 12 00 05 02
-6.63817105E-01 2020 12 12 00 10 02
-6.73171636E-01 2020 12 12 00 15 02
-6.19927473E-01 2020 12 12 00 20 02
-5.90566232E-01 2020 12 12 00 25 03
-6.12071450E-01 2020 12 12 00 30 02
-5.63416604E-01 2020 12 12 00 35 02
-4.83596360E-01 2020 12 12 00 40 02
-5.04743419E-01 2020 12 12 00 45 02
-4.58911239E-01 2020 12 12 00 50 03
-4.87494308E-01 2020 12 12 00 55 02
-4.49687649E-01 2020 12 12 01 00 02
-5.01989548E-01 2020 12 12 01 05 02
-4.81948112E-01 2020 12 12 01 10 02
-4.74735738E-01 2020 12 12 01 15 03
-4.40190560E-01 2020 12 12 01 20 02
-4.15596508E-01 2020 12 12 01 25 02
-4.28666534E-01 2020 12 12 01 30 02
-3.18249585E-01 2020 12 12 01 35 02
-8.17196490E-02 2020 12 12 01 40 02
-1.41645009E-01 2020 12 12 01 45 02
-1.03562265E-01 2020 12 12 01 50 02
-1.76781095E-01 2020 12 12 01 55 02
-1.97160615E-01 2020 12 12 02 00 02
-2.14546448E-01 2020 12 12 02 05 02
-2.69351957E-01 2020 12 12 02 10 02
-2.72494052E-01 2020 12 12 02 15 02
-2.38688567E-01 2020 12 12 02 20 02
-2.00835312E-01 2020 12 12 02 25 02
-1.44323380E-01 2020 12 12 02 30 02
-5.93711000E-02 2020 12 12 02 35 02
+9.13351394E-02 2020 12 12 02 40 03
+4.42954503E-02 2020 12 12 02 45 02
-1.74954000E-03 2020 12 12 02 50 02
-3.24026048E-02 2020 12 12 02 55 02
-1.97643636E-02 2020 12 12 03 00 02
-2.36895956E-03 2020 12 12 03 05 03
-9.95450706E-03 2020 12 12 03 10 02
-3.13856522E-02 2020 12 12 03 15 02
-7.65349501E-03 2020 12 12 03 20 02
-3.83954950E-03 2020 12 12 03 25 02
+6.37278256E-03 2020 12 12 03 30 02
-2.67515126E-02 2020 12 12 03 35 02
+2.65646257E-02 2020 12 12 03 40 02
+1.63940199E-02 2020 12 12 03 45 02
+2.00405080E-02 2020 12 12 03 50 02
+5.06514511E-02 2020 12 12 03 55 02
+2.72663083E-02 2020 12 12 04 00 02
+9.62233676E-02 2020 12 12 04 05 02
+8.52165209E-02 2020 12 12 04 10 02
+3.56721496E-02 2020 12 12 04 15 02
+3.50015830E-02 2020 12 12 04 20 02
+3.47539014E-02 2020 12 12 04 25 02
+5.74223887E-02 2020 12 12 04 30 03
+5.52670538E-02 2020 12 12 04 35 02
+7.33704974E-02 2020 12 12 04 40 02
+8.50006606E-02 2020 12 12 04 45 02
+2.08277619E-02 2020 12 12 04 50 02
+2.37311415E-02 2020 12 12 04 55 03
+5.04141449E-02 2020 12 12 05 00 02
+1.35145292E-01 2020 12 12 05 05 02
+1.79113037E-01 2020 12 12 05 10 02
+2.08863198E-01 2020 12 12 05 15 02
+9.85754188E-02 2020 12 12 05 20 02
+1.84682586E-01 2020 12 12 05 25 02
+1.46898621E-01 2020 12 12 05 30 02
+1.31282689E-01 2020 12 12 05 35 02
+8.64177511E-02 2020 12 12 05 40 02
+8.03854664E-02 2020 12 12 05 45 02
-1.30607825E-02 2020 12 12 05 50 02
-1.16370645E-01 2020 12 12 05 55 02
-1.94007132E-01 2020 12 12 06 00 02
-1.86519383E-01 2020 12 12 06 05 02
-2.27775754E-01 2020 12 12 06 10 02
-2.52168996E-01 2020 12 12 06 15 02
-1.90723566E-01 2020 12 12 06 20 03
-1.96504063E-01 2020 12 12 06 25 02
-2.10835801E-01 2020 12 12 06 30 02
-1.72062180E-01 2020 12 12 06 35 02
-1.82885199E-01 2020 12 12 06 40 02
-2.69205989E-01 2020 12 12 06 45 03
-2.27087389E-01 2020 12 12 06 50 02
-2.46386997E-01 2020 12 12 06 55 02
-2.73238187E-01 2020 12 12 07 00 02
-3.71246560E-01 2020 12 12 07 05 02
-2.99277344E-01 2020 12 12 07 10 02
-3.80478477E-01 2020 12 12 07 15 02
-3.70335960E-01 2020 12 12 07 20 02
-4.28789714E-01 2020 12 12 07 25 02
-4.10458429E-01 2020 12 12 07 30 02
-4.92410104E-01 2020 12 12 07 35 02
-5.21292723E-01 2020 12 12 07 40 02
-6.57050897E-01 2020 12 12 07 45 02
-6.10256606E-01 2020 12 12 07 50 02
-6.25804764E-01 2020 12 12 07 55 02
-6.60120310E-01 2020 12 12 08 00 02
-6.96477112E-01 2020 12 12 08 05 02
-6.18733485E-01 2020 12 12 08 10 02
-6.89153015E-01 2020 12 12 08 15 02
-6.28377382E-01 2020 12 12 08 20 02
-7.99859267E-01 2020 12 12 08 25 02
-8.75292364E-01 2020 12 12 08 30 02
-7.25354370E-01 2020 12 12 08 35 03
-8.50425168E-01 2020 12 12 08 40 02
-8.83905425E-01 2020 12 12 08 45 02
-8.54247291E-01 2020 12 12 08 50 02
-8.00085054E-01 2020 12 12 08 55 02
-1.05637745E+00 2020 12 12 09 00 03
-9.75336570E-01 2020 12 12 09 05 02
-9.56031848E-01 2020 12 12 09 10 02
-1.02687347E+00 2020 12 12 09 15 02
-1.02632982E+00 2020 12 12 09 20 02
-1.13660285E+00 2020 12 12 09 25 03
-1.02787201E+00 2020 12 12 09 30 02
-1.08168279E+00 2020 12 12 09 35 02
-1.32722991E+00 2020 12 12 09 40 02
-1.10336487E+00 2020 12 12 09 45 02
-1.26600541E+00 2020 12 12 09 50 02
-1.17637742E+00 2020 12 12 09 55 02
-1.27443525E+00 2020 12 12 10 00 02
-1.13912691E+00 2020 12 12 10 05 02
-1.15483861E+00 2020 12 12 10 10 02
-1.14954445E+00 2020 12 12 10 15 02
-1.15029273E+00 2020 12 12 10 20 02
-1.18437486E+00 2020 12 12 10 25 02
-1.20352719E+00 2020 12 12 10 30 02
-1.21540337E+00 2020 12 12 10 35 02
-1.16568407E+00 2020 12 12 10 40 02
-1.19179197E+00 2020 12 12 10 45 02
-1.20130578E+00 2020 12 12 10 50 02
-1.14717697E+00 2020 12 12 10 55 02
-1.12757532E+00 2020 12 12 11 00 02
-1.14224934E+00 2020 12 12 11 05 02
-1.12590091E+00 2020 12 12 11 10 02
-1.06414817E+00 2020 12 12 11 15 03
-1.06420392E+00 2020 12 12 11 20 02
-9.95222269E-01 2020 12 12 11 25 02
-9.87607289E-01 2020 12 12 11 30 02
-9.71525508E-01 2020 12 12 11 35 02
-9.74005442E-01 2020 12 12 11 40 03
-9.70166774E-01 2020 12 12 11 45 02
-8.49547901E-01 2020 12 12 11 50 02
-8.63215359E-01 2020 12 12 11 55 02
-8.76966918E-01 2020 12 12 12 00 02
-6.84535675E-01 2020 12 12 12 05 02
-7.91485753E-01 2020 12 12 12 10 02
-7.15113414E-01 2020 12 12 12 15 02
-7.02366907E-01 2020 12 12 12 20 02
-6.47676728E-01 2020 12 12 12 25 02
-6.82865467E-01 2020 12 12 12 30 02
-6.41183288E-01 2020 12 12 12 35 02
-6.10261523E-01 2020 12 12 12 40 02
-6.61660691E-01 2020 12 12 12 45 02
-6.25737245E-01 2020 12 12 12 50 02
-5.30659841E-01 2020 12 12 12 55 02
-5.09483558E-01 2020 12 12 13 00 02
-6.48033418E-01 2020 12 12 13 05 03
-6.41230719E-01 2020 12 12 13 10 02
-4.53934473E-01 2020 12 12 13 15 02
-4.82704480E-01 2020 12 12 13 20 02
-3.92787882E-01 2020 12 12 13 25 02
-2.94903457E-01 2020 12 12 13 30 03
-3.50728102E-01 2020 12 12 13 35 02
-3.56662639E-01 2020 12 12 13 40 02
-3.63517000E-01 2020 12 12 13 45 02
-3.87568903E-01 2020 12 12 13 50 02
-4.05525168E-01 2020 12 12 13 55 02
-4.21816565E-01 2020 12 12 14 00 02
-3.99133803E-01 2020 12 12 14 05 02
-3.50825890E-01 2020 12 12 14 10 02
-2.66098860E-01 2020 12 12 14 15 02
-3.11056066E-01 2020 12 12 14 20 02
-2.76035157E-01 2020 12 12 14 25 02
-2.34584221E-01 2020 12 12 14 30 02
-1.69586952E-01 2020 12 12 14 35 02
-1.14171348E-01 2020 12 12 14 40 02
-1.02073850E-01 2020 12 12 14 45 02
-7.80814184E-02 2020 12 12 14 50 02
-7.92410800E-02 2020 12 12 14 55 03
-1.40669392E-01 2020 12 12 15 00 02
-2.29176892E-01 2020 12 12 15 05 02
-1.25037545E-02 2020 12 12 15 10 02
-8.59110965E-02 2020 12 12 15 15 02
-4.13248998E-02 2020 12 12 15 20 03
-1.02178688E-01 2020 12 12 15 25 02
-1.23709473E-01 2020 12 12 15 30 02
-1.72117508E-01 2020 12 12 15 35 02
-2.09184577E-01 2020 12 12 15 40 02
-2.01166920E-01 2020 12 12 15 45 02
-2.02521787E-01 2020 12 12 15 50 02
-1.59345056E-01 2020 12 12 15 55 02
-1.75852060E-01 2020 12 12 16 00 02
-1.28549883E-01 2020 12 12 16 05 02
-2.29839155E-01 2020 12 12 16 10 02
-2.41488756E-01 2020 12 12 16 15 02
-1.41650659E-01 2020 12 12 16 20 02
-2.23884246E-01 2020 12 12 16 25 02
-2.04299955E-01 2020 12 12 16 30 02
-1.36344168E-01 2020 12 12 16 35 02
-1.56376390E-01 2020 12 12 16 40 02
-2.16093498E-01 2020 12 12 16 45 03
-2.10000937E-01 2020 12 12 16 50 02
-2.22470939E-01 2020 12 12 16 55 02
-3.11327377E-01 2020 12 12 17 00 02
-3.20316514E-01 2020 12 12 17 05 02
-3.51299437E-01 2020 12 12 17 10 03
-3.55290268E-01 2020 12 12 17 15 02
-2.57488218E-01 2020 12 12 17 20 02
-3.05523187E-01 2020 12 12 17 25 02
-3.33132490E-01 2020 12 12 17 30 02
-1.74505429E-01 2020 12 12 17 35 02
-2.14715355E-01 2020 12 12 17 40 02
-1.83826360E-01 2020 12 12 17 45 02
-3.65374204E-01 2020 12 12 17 50 02
-3.08098638E-01 2020 12 12 17 55 02
-2.96444254E-01 2020 12 12 18 00 02
-2.61521526E-01 2020 12 12 18 05 02
-3.65195723E-01 2020 12 12 18 10 02
-3.30714874E-01 2020 12 12 18 15 02
-3.67505731E-01 2020 12 12 18 20 02
-3.61685958E-01 2020 12 12 18 25 02
-4.72066040E-01 2020 12 12 18 30 02
-5.35494312E-01 2020 12 12 18 35 02
-5.89612339E-01 2020 12 12 18 40 02
-5.09428052E-01 2020 12 12 18 45 02
-5.05046337E-01 2020 12 12 18 50 02
-4.77774033E-01 2020 12 12 18 55 02
-4.51008634E-01 2020 12 12 19 00 03
-5.27584533E-01 2020 12 12 19 05 02
-6.01546116E-01 2020 12 12 19 10 02
-5.41213312E-01 2020 12 12 19 15 02
-6.09152126E-01 2020 12 12 19 20 02
-7.51873377E-01 2020 12 12 19 25 03
-7.79391877E-01 2020 12 12 19 30 02
-7.50143209E-01 2020 12 12 19 35 02
-7.94195309E-01 2020 12 12 19 40 02
-7.85579013E-01 2020 12 12 19 45 02
-8.00295476E-01 2020 12 12 19 50 03
-7.81687392E-01 2020 12 12 19 55 02
-8.81926799E-01 2020 12 12 20 00 02
-8.34181307E-01 2020 12 12 20 05 02
-8.94786597E-01 2020 12 12 20 10 02
-9.08319528E-01 2020 12 12 20 15 02
-8.93487027E-01 2020 12 12 20 20 02
-1.01109150E+00 2020 12 12 20 25 02
-9.31798806E-01 2020 12 12 20 30 02
-9.02017523E-01 2020 12 12 20 35 02
-9.18238409E-01 2020 12 12 20 40 02
-9.63829398E-01 2020 12 12 20 45 02
-9.57146554E-01 2020 12 12 20 50 02
-9.98594964E-01 2020 12 12 20 55 02
-1.03933698E+00 2020 12 12 21 00 02
-1.03367968E+00 2020 12 12 21 05 02
-1.05525063E+00 2020 12 12 21 10 02
-1.03709108E+00 2020 12 12 21 15 02
-1.08247200E+00 2020 12 12 21 20 02
-1.09496762E+00 2020 12 12 21 25 02
-1.07228861E+00 2020 12 12 21 30 02
-1.13914420E+00 2020 12 12 21 35 02
-1.10505375E+00 2020 12 12 21 40 03
-1.15391028E+00 2020 12 12 21 45 02
-1.13389106E+00 2020 12 12 21 50 02
-1.04901316E+00 2020 12 12 21 55 02
-1.24840779E+00 2020 12 12 22 00 02
-1.11903556E+00 2020 12 12 22 05 03
-1.08097150E+00 2020 12 12 22 10 02
-1.15852980E+00 2020 12 12 22 15 02
-1.14501646E+00 2020 12 12 22 20 02
-1.15901445E+00 2020 12 12 22 25 02
-1.01562107E+00 2020 12 12 22 30 02
-1.15497972E+00 2020 12 12 22 35 02
-1.01158966E+00 2020 12 12 22 40 02
-9.93032845E-01 2020 12 12 22 45 02
-1.00854839E+00 2020 12 12 22 50 02
-1.14445401E+00 2020 12 12 22 55 02
-1.08862945E+00 2020 12 12 23 00 02
-1.09037494E+00 2020 12 12 23 05 02
-1.01199444E+00 2020 12 12 23 10 02
-1.03133783E+00 2020 12 12 23 15 02
-9.39028328E-01 2020 12 12 23 20 02
-9.60808240E-01 2020 12 12 23 25 02
-8.00271240E-01 2020 12 12 23 30 03
-1.07833540E+00 2020 12 12 23 35 02
-1.12136266E+00 2020 12 12 23 40 02
-9.32515286E-01 2020 12 12 23 45 02
-8.59041346E-01 2020 12 12 23 50 02
-8.82311751E-01 2020 12 12 23 55 03
