-2.17773364E-01 2020 12 21 00 00 02
-2.17537659E-01 2020 12 21 00 05 03
-2.33198504E-01 2020 12 21 00 10 02
-2.88011128E-01 2020 12 21 00 15 02
-1.61694541E-01 2020 12 21 00 20 02
-2.50123462E-01 2020 12 21 00 25 02
-2.83495540E-01 2020 12 21 00 30 03
-2.80993855E-01 2020 12 21 00 35 02
-2.80858246E-01 2020 12 21 00 40 02
-2.42174733E-01 2020 12 21 00 45 02
-2.89277959E-01 2020 12 21 00 50 02
-2.67114689E-01 2020 12 21 00 55 02
-2.58779739E-01 2020 12 21 01 00 02
-3.12648911E-01 2020 12 21 01 05 02
-3.53183395E-01 2020 12 21 01 10 02
-2.33355950E-01 2020 12 21 01 15 02
-2.85082522E-01 2020 12 21 01 20 02
-3.26964370E-01 2020 12 21 01 25 02
-3.66102931E-01 2020 12 21 01 30 02
-3.30197437E-01 2020 12 21 01 35 02
-3.57615548E-01 2020 12 21 01 40 02
-4.60907979E-01 2020 12 21 01 45 02
-5.03398588E-01 2020 12 21 01 50 02
-5.16154682E-01 2020 12 21 01 55 03
-5.12340109E-01 2020 12 21 02 00 02
-5.29443499E-01 2020 12 21 02 05 02
-5.52132333E-01 2020 12 21 02 10 02
-5.51062951E-01 2020 12 21 02 15 02
-5.38294187E-01 2020 12 21 02 20 03
-5.34506370E-01 2020 12 21 02 25 02
-5.76469000E-01 2020 12 21 02 30 02
-5.64752253E-01 2020 12 21 02 35 02
-5.46279164E-01 2020 12 21 02 40 02
-5.59199839E-01 2020 12 21 02 45 03
-6.11603392E-01 2020 12 21 02 50 02
-6.03265146E-01 2020 12 21 02 55 02
-5.96529201E-01 2020 12 21 03 00 02
-5.85930305E-01 2020 12 21 03 05 02
-5.84842273E-01 2020 12 21 03 10 02
-6.18405861E-01 2020 12 21 03 15 02
-5.91896064E-01 2020 12 21 03 20 02
-5.62034967E-01 2020 12 21 03 25 02
-6.19018640E-01 2020 12 21 03 30 02
-5.94769648E-01 2020 12 21 03 35 02
-5.80931557E-01 2020 12 21 03 40 02
-5.94518826E-01 2020 12 21 03 45 02
-5.79085235E-01 2020 12 21 03 50 02
-5.88119025E-01 2020 12 21 03 55 02
-5.92603302E-01 2020 12 21 04 00 02
-5.91971162E-01 2020 12 21 04 05 02
-5.50692571E-01 2020 12 21 04 10 03
-6.22387251E-01 2020 12 21 04 15 02
-6.10960922E-01 2020 12 21 04 20 02
-5.69426674E-01 2020 12 21 04 25 02
-5.62662321E-01 2020 12 21 04 30 02
-5.72839985E-01 2020 12 21 04 35 03
-5.76636977E-01 2020 12 21 04 40 02
-5.62479179E-01 2020 12 21 04 45 02
-5.77231221E-01 2020 12 21 04 50 02
-6.08721565E-01 2020 12 21 04 55 02
-5.67803192E-01 2020 12 21 05 00 02
-5.79818220E-01 2020 12 21 05 05 02
-5.52445323E-01 2020 12 21 05 10 02
-5.36121991E-01 2020 12 21 05 15 02
-5.47281440E-01 2020 12 21 05 20 02
-5.54236864E-01 2020 12 21 05 25 02
-5.26496729E-01 2020 12 21 05 30 02
-5.01198454E-01 2020 12 21 05 35 02
-5.20897187E-01 2020 12 21 05 40 02
-5.69366913E-01 2020 12 21 05 45 02
-5.48454533E-01 2020 12 21 05 50 02
-5.23495854E-01 2020 12 21 05 55 02
-5.69728851E-01 2020 12 21 06 00 02
-5.86786918E-01 2020 12 21 06 05 02
-4.63839692E-01 2020 12 21 06 10 02
-4.29250858E-01 2020 12 21 06 15 02
-4.07165323E-01 2020 12 21 06 20 02
-3.17517091E-01 2020 12 21 06 25 03
-3.26580641E-01 2020 12 21 06 30 02
-4.69521759E-01 2020 12 21 06 35 02
-4.61365166E-01 2020 12 21 06 40 02
-3.50748269E-01 2020 12 21 06 45 02
-4.48952352E-01 2020 12 21 06 50 03
-4.07101243E-01 2020 12 21 06 55 02
-3.55035992E-01 2020 12 21 07 00 02
-3.86018816E-01 2020 12 21 07 05 02
-4.20797971E-01 2020 12 21 07 10 02
-4.27550053E-01 2020 12 21 07 15 03
-5.12213891E-01 2020 12 21 07 20 02
-3.70246319E-01 2020 12 21 07 25 02
-3.95557145E-01 2020 12 21 07 30 02
-3.16981059E-01 2020 12 21 07 35 02
-2.74537288E-01 2020 12 21 07 40 02
-3.66092713E-01 2020 12 21 07 45 02
-3.86343564E-01 2020 12 21 07 50 02
-3.90251597E-01 2020 12 21 07 55 02
-3.44175978E-01 2020 12 21 08 00 02
-3.30370382E-01 2020 12 21 08 05 02
-3.83304176E-01 2020 12 21 08 10 02
-4.24321460E-01 2020 12 21 08 15 02
-3.89365039E-01 2020 12 21 08 20 02
-3.05760835E-01 2020 12 21 08 25 02
-2.70296568E-01 2020 12 21 08 30 02
-2.83361144E-01 2020 12 21 08 35 02
-2.57524087E-01 2020 12 21 08 40 03
-2.74582441E-01 2020 12 21 08 45 02
-3.10077511E-01 2020 12 21 08 50 02
-2.47554457E-01 2020 12 21 08 55 02
-1.79503923E-01 2020 12 21 09 00 02
-2.41584247E-01 2020 12 21 09 05 03
-2.80824525E-01 2020 12 21 09 10 02
-2.09241964E-01 2020 12 21 09 15 02
-2.77071215E-01 2020 12 21 09 20 02
-2.55087473E-01 2020 12 21 09 25 02
-2.55330147E-01 2020 12 21 09 30 02
-1.36864570E-01 2020 12 21 09 35 02
-1.47285240E-01 2020 12 21 09 40 02
-2.47411925E-01 2020 12 21 09 45 02
-1.70171208E-01 2020 12 21 09 50 02
-1.39447281E-01 2020 12 21 09 55 02
-2.78306322E-01 2020 12 21 10 00 02
-2.49600978E-01 2020 12 21 10 05 02
-2.58799969E-01 2020 12 21 10 10 02
-2.08420579E-01 2020 12 21 10 15 02
-2.13561679E-01 2020 12 21 10 20 02
-2.23036826E-01 2020 12 21 10 25 02
-2.02898154E-01 2020 12 21 10 30 03
-1.79102909E-01 2020 12 21 10 35 02
-1.56354487E-01 2020 12 21 10 40 02
-9.70461244E-02 2020 12 21 10 45 02
-5.44568957E-02 2020 12 21 10 50 02
+6.66533563E-03 2020 12 21 10 55 03
-5.65082049E-02 2020 12 21 11 00 02
+2.18608275E-02 2020 12 21 11 05 02
-1.60825092E-01 2020 12 21 11 10 02
-1.58962379E-02 2020 12 21 11 15 02
-6.05404064E-02 2020 12 21 11 20 03
-6.48470742E-03 2020 12 21 11 25 02
-5.64306966E-02 2020 12 21 11 30 02
-6.38822106E-02 2020 12 21 11 35 02
-9.03976702E-03 2020 12 21 11 40 02
-1.08827649E-01 2020 12 21 11 45 02
-1.48185928E-02 2020 12 21 11 50 02
-4.78537652E-02 2020 12 21 11 55 02
+9.26217408E-03 2020 12 21 12 00 02
+6.42854156E-02 2020 12 21 12 05 02
+9.69649331E-02 2020 12 21 12 10 02
+1.95763259E-01 2020 12 21 12 15 02
+1.24758423E-01 2020 12 21 12 20 02
+1.59009732E-01 2020 12 21 12 25 02
+8.78925396E-02 2020 12 21 12 30 02
+1.49985317E-01 2020 12 21 12 35 02
-1.16227987E-02 2020 12 21 12 40 02
+4.81309297E-02 2020 12 21 12 45 02
+1.14700220E-01 2020 12 21 12 50 02
+5.01978370E-02 2020 12 21 12 55 02
+9.58147155E-02 2020 12 21 13 00 02
+1.87333715E-01 2020 12 21 13 05 02
+1.26025826E-01 2020 12 21 13 10 03
+8.26048083E-02 2020 12 21 13 15 02
+3.01585719E-02 2020 12 21 13 20 02
+2.69683261E-02 2020 12 21 13 25 02
+4.77833957E-02 2020 12 21 13 30 02
+6.15202734E-02 2020 12 21 13 35 03
-5.21513690E-02 2020 12 21 13 40 02
-2.39946160E-03 2020 12 21 13 45 02
-1.14318940E-01 2020 12 21 13 50 02
-2.12204721E-01 2020 12 21 13 55 02
-1.97125827E-01 2020 12 21 14 00 03
-2.59304854E-01 2020 12 21 14 05 02
-1.93617469E-01 2020 12 21 14 10 02
-2.34042072E-01 2020 12 21 14 15 02
-3.15660294E-01 2020 12 21 14 20 02
-2.18135762E-01 2020 12 21 14 25 02
-2.38946609E-01 2020 12 21 14 30 02
-1.40519091E-01 2020 12 21 14 35 02
-2.44026295E-01 2020 12 21 14 40 02
-1.66424041E-01 2020 12 21 14 45 02
-1.81049723E-01 2020 12 21 14 50 02
-2.49196576E-01 2020 12 21 14 55 02
-4.13275890E-01 2020 12 21 15 00 02
-4.13520332E-01 2020 12 21 15 05 02
-3.37663904E-01 2020 12 21 15 10 02
-4.55536199E-01 2020 12 21 15 15 02
-3.61305638E-01 2020 12 21 15 20 02
-3.15546053E-01 2020 12 21 15 25 03
-3.49916445E-01 2020 12 21 15 30 02
-3.34652084E-01 2020 12 21 15 35 02
-4.37950191E-01 2020 12 21 15 40 02
-4.84491366E-01 2020 12 21 15 45 02
-5.27357514E-01 2020 12 21 15 50 03
-5.92647602E-01 2020 12 21 15 55 02
-6.04483240E-01 2020 12 21 16 00 02
-6.27681018E-01 2020 12 21 16 05 02
-7.11941801E-01 2020 12 21 16 10 02
-6.35223530E-01 2020 12 21 16 15 02
-6.51170693E-01 2020 12 21 16 20 02
-7.07446669E-01 2020 12 21 16 25 02
-6.28650912E-01 2020 12 21 16 30 02
-5.49898621E-01 2020 12 21 16 35 02
-7.08618637E-01 2020 12 21 16 40 02
-6.89535407E-01 2020 12 21 16 45 02
-6.92752644E-01 2020 12 21 16 50 02
-6.57303773E-01 2020 12 21 16 55 02
-7.12929740E-01 2020 12 21 17 00 02
-6.44960619E-01 2020 12 21 17 05 02
-7.45707028E-01 2020 12 21 17 10 02
-7.41003193E-01 2020 12 21 17 15 02
-7.85841901E-01 2020 12 21 17 20 02
-7.57131460E-01 2020 12 21 17 25 02
-6.74108955E-01 2020 12 21 17 30 02
-7.12921996E-01 2020 12 21 17 35 02
-7.22688646E-01 2020 12 21 17 40 03
-6.66407222E-01 2020 12 21 17 45 02
-7.70363517E-01 2020 12 21 17 50 02
-6.97075022E-01 2020 12 21 17 55 02
-5.24754056E-01 2020 12 21 18 00 02
-5.47607582E-01 2020 12 21 18 05 03
-5.75218438E-01 2020 12 21 18 10 02
-5.43259862E-01 2020 12 21 18 15 02
-6.61386486E-01 2020 12 21 18 20 02
-7.78738927E-01 2020 12 21 18 25 02
-7.74500263E-01 2020 12 21 18 30 02
-6.54446377E-01 2020 12 21 18 35 02
-6.02908501E-01 2020 12 21 18 40 02
-5.79352848E-01 2020 12 21 18 45 02
-5.75995977E-01 2020 12 21 18 50 02
-9.08307940E-01 2020 12 21 18 55 02
-4.02821101E-01 2020 12 21 19 00 02
-5.98468317E-01 2020 12 21 19 05 02
-5.36618571E-01 2020 12 21 19 10 02
-6.06478881E-01 2020 12 21 19 15 02
-6.37331627E-01 2020 12 21 19 20 02
-6.51604739E-01 2020 12 21 19 25 02
-5.88635149E-01 2020 12 21 19 30 03
-5.94576579E-01 2020 12 21 19 35 02
-6.32912973E-01 2020 12 21 19 40 02
-5.30964021E-01 2020 12 21 19 45 02
-5.17667750E-01 2020 12 21 19 50 02
-5.31431267E-01 2020 12 21 19 55 03
-5.30295752E-01 2020 12 21 20 00 02
-4.73427971E-01 2020 12 21 20 05 02
-6.26086448E-01 2020 12 21 20 10 02
-4.84705688E-01 2020 12 21 20 15 02
-5.07225680E-01 2020 12 21 20 20 02
-4.78175936E-01 2020 12 21 20 25 02
-4.61173570E-01 2020 12 21 20 30 02
-4.68510251E-01 2020 12 21 20 35 02
-4.99408604E-01 2020 12 21 20 40 02
-5.54027282E-01 2020 12 21 20 45 02
-5.13242756E-01 2020 12 21 20 50 02
-5.43731267E-01 2020 12 21 20 55 02
-4.51285590E-01 2020 12 21 21 00 02
-4.51730991E-01 2020 12 21 21 05 02
-6.13791100E-01 2020 12 21 21 10 02
-4.94155379E-01 2020 12 21 21 15 02
-4.75407056E-01 2020 12 21 21 20 03
-5.12200026E-01 2020 12 21 21 25 02
-4.30751172E-01 2020 12 21 21 30 02
-2.89980219E-01 2020 12 21 21 35 02
-3.75257599E-01 2020 12 21 21 40 02
-3.75557846E-01 2020 12 21 21 45 03
-4.35413578E-01 2020 12 21 21 50 02
-4.12701575E-01 2020 12 21 21 55 02
-4.38508378E-01 2020 12 21 22 00 02
-3.67941970E-01 2020 12 21 22 05 02
-4.08001414E-01 2020 12 21 22 10 03
-3.93388771E-01 2020 12 21 22 15 02
-4.04501214E-01 2020 12 21 22 20 02
-4.05743291E-01 2020 12 21 22 25 02
-4.71727913E-01 2020 12 21 22 30 02
-3.46907965E-01 2020 12 21 22 35 02
-3.21068728E-01 2020 12 21 22 40 02
-4.08724876E-01 2020 12 21 22 45 02
-2.90948871E-01 2020 12 21 22 50 02
-4.11346075E-01 2020 12 21 22 55 02
-5.14864080E-01 2020 12 21 23 00 02
-3.07484154E-01 2020 12 21 23 05 02
-3.67740740E-01 2020 12 21 23 10 02
-4.31710106E-01 2020 12 21 23 15 02
-7.32298023E-02 2020 12 21 23 20 02
-2.07639104E-01 2020 12 21 23 25 02
-3.65701126E-01 2020 12 21 23 30 02
-2.06626736E-01 2020 12 21 23 35 02
-4.63500316E-01 2020 12 21 23 40 02
-4.29668470E-01 2020 12 21 23 45 02
-6.15700589E-01 2020 12 21 23 50 02
-4.34575824E-01 2020 12 21 23 55 02
