-1.02073750E+00 2020 12 01 00 00 02
-9.76670113E-01 2020 12 01 00 05 02
-1.00217964E+00 2020 12 01 00 10 02
-1.05531755E+00 2020 12 01 00 15 02
-1.08645307E+00 2020 12 01 00 20 02
-1.01857144E+00 2020 12 01 00 25 02
-1.00394382E+00 2020 12 01 00 30 02
-1.00700490E+00 2020 12 01 00 35 02
-9.52126973E-01 2020 12 01 00 40 02
-9.72213276E-01 2020 12 01 00 45 02
-9.23026786E-01 2020 12 01 00 50 02
-8.69131371E-01 2020 12 01 00 55 02
-8.55227222E-01 2020 12 01 01 00 02
-8.25953486E-01 2020 12 01 01 05 02
-8.32990601E-01 2020 12 01 01 10 02
-7.95076682E-01 2020 12 01 01 15 02
-9.15162496E-01 2020 12 01 01 20 02
-9.57902443E-01 2020 12 01 01 25 02
-8.79107945E-01 2020 12 01 01 30 02
-8.45111338E-01 2020 12 01 01 35 02
-8.17416568E-01 2020 12 01 01 40 02
-7.85141908E-01 2020 12 01 01 45 02
-7.84784333E-01 2020 12 01 01 50 03
-7.84425545E-01 2020 12 01 01 55 02
-7.53343863E-01 2020 12 01 02 00 02
-7.32222834E-01 2020 12 01 02 05 02
-6.89847342E-01 2020 12 01 02 10 02
-6.52408330E-01 2020 12 01 02 15 03
-6.29998936E-01 2020 12 01 02 20 02
-5.71061527E-01 2020 12 01 02 25 02
-5.34896416E-01 2020 12 01 02 30 02
-5.36651687E-01 2020 12 01 02 35 02
-4.69954774E-01 2020 12 01 02 40 03
-4.29773001E-01 2020 12 01 02 45 02
-4.71686508E-01 2020 12 01 02 50 02
-5.39177250E-01 2020 12 01 02 55 02
-4.86327803E-01 2020 12 01 03 00 02
-4.23629695E-01 2020 12 01 03 05 02
-3.82352126E-01 2020 12 01 03 10 02
-3.42820157E-01 2020 12 01 03 15 02
-2.89680471E-01 2020 12 01 03 20 02
-2.49956829E-01 2020 12 01 03 25 02
-2.29824450E-01 2020 12 01 03 30 02
-1.79070717E-01 2020 12 01 03 35 02
-1.53645793E-01 2020 12 01 03 40 02
-1.57903363E-01 2020 12 01 03 45 02
-1.48241673E-01 2020 12 01 03 50 02
-1.03363039E-01 2020 12 01 03 55 02
-7.40324183E-02 2020 12 01 04 00 02
-3.54337504E-02 2020 12 01 04 05 02
+3.86500146E-03 2020 12 01 04 10 02
+1.43322282E-03 2020 12 01 04 15 02
-9.55653392E-04 2020 12 01 04 20 02
+1.47180516E-02 2020 12 01 04 25 02
+4.18343611E-02 2020 12 01 04 30 03
+3.82513391E-02 2020 12 01 04 35 02
+3.86689424E-02 2020 12 01 04 40 02
+5.21582501E-02 2020 12 01 04 45 02
+7.15117566E-02 2020 12 01 04 50 02
+8.84926412E-02 2020 12 01 04 55 03
+1.12684317E-01 2020 12 01 05 00 02
+1.05929987E-01 2020 12 01 05 05 02
+1.14223501E-01 2020 12 01 05 10 02
+1.46713702E-01 2020 12 01 05 15 02
+1.77240576E-01 2020 12 01 05 20 02
+1.67580006E-01 2020 12 01 05 25 02
+2.08994734E-01 2020 12 01 05 30 02
+3.24622887E-01 2020 12 01 05 35 02
+2.93844226E-01 2020 12 01 05 40 02
+3.01595340E-01 2020 12 01 05 45 02
+2.86643969E-01 2020 12 01 05 50 02
+2.39644742E-01 2020 12 01 05 55 02
+2.58730151E-01 2020 12 01 06 00 02
+3.07192173E-01 2020 12 01 06 05 02
+2.59335782E-01 2020 12 01 06 10 02
+3.10926142E-01 2020 12 01 06 15 02
+3.14772894E-01 2020 12 01 06 20 02
+3.09750627E-01 2020 12 01 06 25 02
+2.71748176E-01 2020 12 01 06 30 02
+3.28222319E-01 2020 12 01 06 35 02
+2.85846399E-01 2020 12 01 06 40 02
+2.63100633E-01 2020 12 01 06 45 02
+2.37903413E-01 2020 12 01 06 50 02
+2.77683925E-01 2020 12 01 06 55 02
+3.35834649E-01 2020 12 01 07 00 02
+3.72213135E-01 2020 12 01 07 05 02
+3.64297170E-01 2020 12 01 07 10 02
+3.55572642E-01 2020 12 01 07 15 02
+3.79171332E-01 2020 12 01 07 20 02
+3.39701661E-01 2020 12 01 07 25 02
+3.46554673E-01 2020 12 01 07 30 02
+2.95427261E-01 2020 12 01 07 35 02
+2.79932482E-01 2020 12 01 07 40 02
+3.40101522E-01 2020 12 01 07 45 02
+3.34003719E-01 2020 12 01 07 50 02
+2.85794215E-01 2020 12 01 07 55 02
+2.38348392E-01 2020 12 01 08 00 02
+2.20995753E-01 2020 12 01 08 05 02
+1.20780702E-01 2020 12 01 08 10 02
+9.88542659E-02 2020 12 01 08 15 02
+1.22340946E-01 2020 12 01 08 20 02
+1.35257182E-01 2020 12 01 08 25 03
+1.50499794E-01 2020 12 01 08 30 02
+6.64704501E-02 2020 12 01 08 35 02
+9.76428290E-02 2020 12 01 08 40 02
+8.30019900E-03 2020 12 01 08 45 02
-3.45923759E-02 2020 12 01 08 50 03
-5.96741056E-02 2020 12 01 08 55 02
-7.60630549E-02 2020 12 01 09 00 02
-1.21388331E-01 2020 12 01 09 05 02
-1.30723532E-01 2020 12 01 09 10 02
-1.87563768E-01 2020 12 01 09 15 03
-2.17204596E-01 2020 12 01 09 20 02
-2.18755849E-01 2020 12 01 09 25 02
-2.65540221E-01 2020 12 01 09 30 02
-2.94338574E-01 2020 12 01 09 35 02
-3.06743410E-01 2020 12 01 09 40 03
-4.29462638E-01 2020 12 01 09 45 02
-3.67216274E-01 2020 12 01 09 50 02
-3.84249435E-01 2020 12 01 09 55 02
-5.15789646E-01 2020 12 01 10 00 02
-3.75021700E-01 2020 12 01 10 05 02
-5.01539985E-01 2020 12 01 10 10 02
-5.14329114E-01 2020 12 01 10 15 02
-5.30705983E-01 2020 12 01 10 20 02
-4.99997285E-01 2020 12 01 10 25 02
-6.24214876E-01 2020 12 01 10 30 02
-6.23909109E-01 2020 12 01 10 35 02
-6.35942626E-01 2020 12 01 10 40 02
-6.23814588E-01 2020 12 01 10 45 02
-6.53068741E-01 2020 12 01 10 50 02
-6.47491622E-01 2020 12 01 10 55 03
-6.64119768E-01 2020 12 01 11 00 02
-6.32836968E-01 2020 12 01 11 05 02
-6.71978129E-01 2020 12 01 11 10 02
-7.17729527E-01 2020 12 01 11 15 02
-7.17211383E-01 2020 12 01 11 20 02
-6.98812043E-01 2020 12 01 11 25 02
-6.89802213E-01 2020 12 01 11 30 02
-7.09393702E-01 2020 12 01 11 35 02
-7.43485192E-01 2020 12 01 11 40 02
-7.96124511E-01 2020 12 01 11 45 02
-7.92030061E-01 2020 12 01 11 50 02
-7.83389455E-01 2020 12 01 11 55 02
-7.47265913E-01 2020 12 01 12 00 02
-7.63655958E-01 2020 12 01 12 05 02
-7.33898702E-01 2020 12 01 12 10 02
-7.28333628E-01 2020 12 01 12 15 02
-7.37498042E-01 2020 12 01 12 20 02
-7.37514052E-01 2020 12 01 12 25 02
-7.57938880E-01 2020 12 01 12 30 02
-6.70954389E-01 2020 12 01 12 35 02
-7.45340610E-01 2020 12 01 12 40 02
-7.15856119E-01 2020 12 01 12 45 02
-7.16437494E-01 2020 12 01 12 50 02
-7.65720167E-01 2020 12 01 12 55 02
-7.26084466E-01 2020 12 01 13 00 02
-7.20684263E-01 2020 12 01 13 05 02
-6.63718569E-01 2020 12 01 13 10 02
-7.09672293E-01 2020 12 01 13 15 02
-6.55060827E-01 2020 12 01 13 20 02
-7.32615073E-01 2020 12 01 13 22 51
-7.53565752E-01 2020 12 01 13 26 20
-7.43901715E-01 2020 12 01 13 30 02
-6.44509117E-01 2020 12 01 13 40 29
-6.60137401E-01 2020 12 01 13 45 02
-5.84986509E-01 2020 12 01 13 50 02
-5.53547055E-01 2020 12 01 13 55 02
-5.96092838E-01 2020 12 01 14 00 03
-6.87593956E-01 2020 12 01 14 05 28
-6.18244419E-01 2020 12 01 14 10 02
-6.28697711E-01 2020 12 01 14 15 03
-6.03964837E-01 2020 12 01 14 20 02
-6.02463771E-01 2020 12 01 14 25 02
-6.37711060E-01 2020 12 01 14 30 03
-5.84899855E-01 2020 12 01 14 35 02
-6.47003293E-01 2020 12 01 14 40 02
-5.76861833E-01 2020 12 01 14 45 02
-6.04833644E-01 2020 12 01 14 50 02
-5.06827829E-01 2020 12 01 14 55 03
-5.61692037E-01 2020 12 01 15 00 02
-5.28710030E-01 2020 12 01 15 05 02
-4.62510464E-01 2020 12 01 15 10 02
-5.71924871E-01 2020 12 01 15 15 02
-5.28673286E-01 2020 12 01 15 20 03
-5.19130001E-01 2020 12 01 15 25 02
-5.08417731E-01 2020 12 01 15 30 03
-5.00884334E-01 2020 12 01 15 35 02
-5.24429990E-01 2020 12 01 15 40 02
-4.86654128E-01 2020 12 01 15 45 02
-5.68354059E-01 2020 12 01 15 50 02
-5.74156436E-01 2020 12 01 15 55 03
-5.11135430E-01 2020 12 01 16 00 02
-4.53398497E-01 2020 12 01 16 05 02
-5.10623511E-01 2020 12 01 16 10 02
-4.09362013E-01 2020 12 01 16 15 02
-3.88598983E-01 2020 12 01 16 20 03
-4.43536972E-01 2020 12 01 16 25 02
-4.22017075E-01 2020 12 01 16 30 02
-4.16488183E-01 2020 12 01 16 35 02
-4.53633636E-01 2020 12 01 16 40 02
-4.93647812E-01 2020 12 01 16 45 02
-4.36060170E-01 2020 12 01 16 50 02
-4.01465731E-01 2020 12 01 16 55 02
-4.58014572E-01 2020 12 01 17 00 02
-3.87732193E-01 2020 12 01 17 05 02
-4.05026416E-01 2020 12 01 17 10 02
-3.60936485E-01 2020 12 01 17 15 02
-4.02485774E-01 2020 12 01 17 20 02
-3.35669858E-01 2020 12 01 17 25 02
-2.31492619E-01 2020 12 01 17 30 02
-3.22405433E-01 2020 12 01 17 35 02
-3.15906239E-01 2020 12 01 17 40 02
-2.94829724E-01 2020 12 01 17 45 02
-3.45787988E-01 2020 12 01 17 50 02
-3.53290611E-01 2020 12 01 17 55 02
-2.84042117E-01 2020 12 01 18 00 02
-2.92478523E-01 2020 12 01 18 05 02
-2.01226832E-01 2020 12 01 18 10 03
-2.48056971E-01 2020 12 01 18 15 02
-1.96879629E-01 2020 12 01 18 20 02
-2.92232156E-01 2020 12 01 18 25 02
-2.10402073E-01 2020 12 01 18 30 02
-2.28376008E-01 2020 12 01 18 35 03
-2.51449858E-01 2020 12 01 18 40 02
-2.48222647E-01 2020 12 01 18 45 02
-2.53686753E-01 2020 12 01 18 50 02
-2.22606418E-01 2020 12 01 18 55 02
-1.85919233E-01 2020 12 01 19 00 03
-2.32093800E-01 2020 12 01 19 05 02
-2.40963646E-01 2020 12 01 19 10 02
-2.39852760E-01 2020 12 01 19 15 02
-3.44834765E-01 2020 12 01 19 20 02
-2.34233826E-01 2020 12 01 19 25 02
-2.52748029E-01 2020 12 01 19 30 02
-2.99086914E-01 2020 12 01 19 35 02
-3.87560411E-01 2020 12 01 19 40 02
-2.00538210E-01 2020 12 01 19 45 02
-2.50361786E-01 2020 12 01 19 50 02
-2.53594498E-01 2020 12 01 19 55 02
-2.48692885E-01 2020 12 01 20 00 02
-3.05877518E-01 2020 12 01 20 05 02
-3.47807013E-01 2020 12 01 20 10 02
-3.76542491E-01 2020 12 01 20 15 02
-3.84462617E-01 2020 12 01 20 20 02
-3.43377237E-01 2020 12 01 20 25 03
-3.99915931E-01 2020 12 01 20 30 02
-3.89213968E-01 2020 12 01 20 35 02
-4.38448668E-01 2020 12 01 20 40 02
-3.51657951E-01 2020 12 01 20 45 02
-4.76568541E-01 2020 12 01 20 50 03
-4.53112774E-01 2020 12 01 20 55 02
-4.66645769E-01 2020 12 01 21 00 02
-4.77433521E-01 2020 12 01 21 05 02
-5.31933943E-01 2020 12 01 21 10 02
-5.21029523E-01 2020 12 01 21 15 03
-5.37008904E-01 2020 12 01 21 20 02
-5.73530818E-01 2020 12 01 21 25 02
-5.68553046E-01 2020 12 01 21 30 02
-6.15505801E-01 2020 12 01 21 35 02
-6.59962595E-01 2020 12 01 21 40 02
-6.81172448E-01 2020 12 01 21 45 02
-6.72579715E-01 2020 12 01 21 50 02
-6.10311962E-01 2020 12 01 21 55 02
-7.42537377E-01 2020 12 01 22 00 02
-7.54225655E-01 2020 12 01 22 05 02
-6.57833619E-01 2020 12 01 22 10 02
-7.37863487E-01 2020 12 01 22 15 02
-7.97140735E-01 2020 12 01 22 20 02
-8.41148625E-01 2020 12 01 22 25 02
-8.89466540E-01 2020 12 01 22 30 02
-7.90152482E-01 2020 12 01 22 35 02
-8.36534458E-01 2020 12 01 22 40 03
-8.73230319E-01 2020 12 01 22 45 02
-8.75075563E-01 2020 12 01 22 50 02
-8.43819691E-01 2020 12 01 22 55 02
-8.88876372E-01 2020 12 01 23 00 02
-8.57801901E-01 2020 12 01 23 05 03
-9.16886122E-01 2020 12 01 23 10 02
-9.60037825E-01 2020 12 01 23 15 02
-8.87733270E-01 2020 12 01 23 20 02
-9.55876594E-01 2020 12 01 23 25 02
-9.74691613E-01 2020 12 01 23 30 02
-1.00979308E+00 2020 12 01 23 35 02
-9.51767819E-01 2020 12 01 23 40 02
-9.87121407E-01 2020 12 01 23 45 02
-1.02329417E+00 2020 12 01 23 50 02
-9.98406789E-01 2020 12 01 23 55 02
