-7.72549531E-01 2020 12 05 00 00 02
-7.51369513E-01 2020 12 05 00 05 02
-7.87111714E-01 2020 12 05 00 10 02
-7.23071851E-01 2020 12 05 00 15 03
-7.77714974E-01 2020 12 05 00 20 02
-8.36305276E-01 2020 12 05 00 25 02
-8.37901534E-01 2020 12 05 00 30 02
-8.43022073E-01 2020 12 05 00 35 02
-8.90658483E-01 2020 12 05 00 40 03
-8.70094201E-01 2020 12 05 00 45 02
-8.85859692E-01 2020 12 05 00 50 02
-8.95498137E-01 2020 12 05 00 55 02
-9.29219511E-01 2020 12 05 01 00 02
-9.40422619E-01 2020 12 05 01 05 02
-9.53490664E-01 2020 12 05 01 10 02
-9.93598590E-01 2020 12 05 01 15 02
-9.90518365E-01 2020 12 05 01 20 02
-9.95149550E-01 2020 12 05 01 25 02
-9.77019919E-01 2020 12 05 01 30 02
-9.82428033E-01 2020 12 05 01 35 02
-9.84473727E-01 2020 12 05 01 40 02
-9.77221995E-01 2020 12 05 01 45 02
-9.77915858E-01 2020 12 05 01 50 02
-1.00335894E+00 2020 12 05 01 55 02
-9.99883116E-01 2020 12 05 02 00 02
-1.00832782E+00 2020 12 05 02 05 02
-1.01148547E+00 2020 12 05 02 10 02
-1.00883289E+00 2020 12 05 02 15 02
-1.00806517E+00 2020 12 05 02 20 02
-1.00445301E+00 2020 12 05 02 25 02
-9.89517177E-01 2020 12 05 02 30 03
-9.61598485E-01 2020 12 05 02 35 02
-9.46873678E-01 2020 12 05 02 40 02
-9.38577136E-01 2020 12 05 02 45 02
-9.52363622E-01 2020 12 05 02 50 02
-9.64377631E-01 2020 12 05 02 55 03
-9.63147465E-01 2020 12 05 03 00 02
-9.81130241E-01 2020 12 05 03 05 02
-9.86698261E-01 2020 12 05 03 10 02
-9.55716152E-01 2020 12 05 03 15 02
-9.59090841E-01 2020 12 05 03 20 02
-9.52694109E-01 2020 12 05 03 25 02
-9.37408404E-01 2020 12 05 03 30 02
-9.31375434E-01 2020 12 05 03 35 02
-8.81076812E-01 2020 12 05 03 40 02
-8.58482767E-01 2020 12 05 03 45 02
-8.36157741E-01 2020 12 05 03 50 02
-8.08177395E-01 2020 12 05 03 55 02
-7.96599723E-01 2020 12 05 04 00 02
-7.68489444E-01 2020 12 05 04 05 02
-7.66790046E-01 2020 12 05 04 10 02
-7.68741685E-01 2020 12 05 04 15 02
-7.68082009E-01 2020 12 05 04 20 03
-7.46404279E-01 2020 12 05 04 25 02
-7.20749440E-01 2020 12 05 04 30 02
-6.88713239E-01 2020 12 05 04 35 02
-6.67354153E-01 2020 12 05 04 40 02
-6.75970562E-01 2020 12 05 04 45 03
-6.41091808E-01 2020 12 05 04 50 02
-6.22733309E-01 2020 12 05 04 55 02
-5.71020503E-01 2020 12 05 05 00 02
-5.46855719E-01 2020 12 05 05 05 02
-5.47602322E-01 2020 12 05 05 10 03
-5.15215912E-01 2020 12 05 05 15 02
-5.18436718E-01 2020 12 05 05 20 02
-4.91681348E-01 2020 12 05 05 25 02
-4.43926929E-01 2020 12 05 05 30 02
-4.50094469E-01 2020 12 05 05 35 02
-4.02311336E-01 2020 12 05 05 40 02
-4.04969773E-01 2020 12 05 05 45 02
-4.01898352E-01 2020 12 05 05 50 02
-3.95770838E-01 2020 12 05 05 55 02
-3.84394604E-01 2020 12 05 06 00 02
-3.03911209E-01 2020 12 05 06 05 02
-2.73458255E-01 2020 12 05 06 10 02
-2.61049619E-01 2020 12 05 06 15 02
-2.53224418E-01 2020 12 05 06 20 02
-2.24094078E-01 2020 12 05 06 25 02
-1.99325645E-01 2020 12 05 06 30 02
-1.62917100E-01 2020 12 05 06 35 03
-1.46937346E-01 2020 12 05 06 40 02
-1.67059409E-01 2020 12 05 06 45 02
-1.75557427E-01 2020 12 05 06 50 02
-6.70434410E-02 2020 12 05 06 55 02
-5.01673678E-02 2020 12 05 07 00 03
-4.56892475E-02 2020 12 05 07 05 02
-1.07869200E-03 2020 12 05 07 10 02
-7.15600521E-02 2020 12 05 07 15 02
-7.74738592E-02 2020 12 05 07 20 02
+1.69306694E-03 2020 12 05 07 25 02
+1.53886978E-02 2020 12 05 07 30 02
+4.30402751E-02 2020 12 05 07 35 02
-1.69754355E-02 2020 12 05 07 40 02
+7.02055291E-02 2020 12 05 07 45 02
+1.64170001E-01 2020 12 05 07 50 02
+7.08484021E-02 2020 12 05 07 55 02
+1.17703205E-01 2020 12 05 08 00 02
+1.07099677E-01 2020 12 05 08 05 02
-1.36593823E-02 2020 12 05 08 10 02
-1.45223125E-01 2020 12 05 08 15 02
+1.27219725E-02 2020 12 05 08 20 02
+6.24889449E-02 2020 12 05 08 25 03
+3.13945822E-02 2020 12 05 08 30 02
+2.87423092E-02 2020 12 05 08 35 02
+4.96683870E-02 2020 12 05 08 40 02
+5.61235245E-02 2020 12 05 08 45 02
-9.12434623E-02 2020 12 05 08 50 02
+2.81278525E-03 2020 12 05 08 55 02
+3.99278032E-02 2020 12 05 09 00 02
+1.58311703E-02 2020 12 05 09 05 02
+4.57377121E-03 2020 12 05 09 10 02
-8.91004338E-03 2020 12 05 09 15 02
-4.33888534E-02 2020 12 05 09 20 02
-5.01177886E-02 2020 12 05 09 25 02
+5.44132826E-04 2020 12 05 09 30 02
-1.27474805E-03 2020 12 05 09 35 02
-3.75232899E-02 2020 12 05 09 40 02
-6.74300397E-02 2020 12 05 09 45 02
-1.71110405E-01 2020 12 05 09 50 02
-1.16116716E-01 2020 12 05 09 55 02
-1.26592726E-01 2020 12 05 10 00 02
-1.03581067E-01 2020 12 05 10 05 02
-1.20036533E-01 2020 12 05 10 10 02
-1.37777478E-01 2020 12 05 10 15 03
-9.17993327E-02 2020 12 05 10 20 02
-2.08678594E-01 2020 12 05 10 25 02
-7.08899606E-02 2020 12 05 10 30 02
-1.38103319E-01 2020 12 05 10 35 02
-1.22890413E-01 2020 12 05 10 40 03
-8.87591628E-02 2020 12 05 10 45 02
-9.32955030E-02 2020 12 05 10 50 02
-7.33681073E-02 2020 12 05 10 55 02
-1.86071357E-01 2020 12 05 11 00 02
-1.44913360E-01 2020 12 05 11 05 02
-7.92214690E-02 2020 12 05 11 10 02
-9.36693058E-02 2020 12 05 11 15 02
-1.45132196E-01 2020 12 05 11 20 02
-8.70306449E-02 2020 12 05 11 25 02
-1.02708229E-01 2020 12 05 11 30 02
-1.33470101E-01 2020 12 05 11 35 02
-6.65982406E-02 2020 12 05 11 40 02
-9.39859688E-02 2020 12 05 11 45 02
-8.44404181E-02 2020 12 05 11 50 02
-7.40982560E-02 2020 12 05 11 55 02
-9.38784456E-02 2020 12 05 12 00 02
-3.57128395E-02 2020 12 05 12 05 03
-1.51356432E-01 2020 12 05 12 10 02
-9.90990324E-02 2020 12 05 12 15 02
-9.42989120E-02 2020 12 05 12 20 02
-5.27747140E-02 2020 12 05 12 25 02
-3.95441263E-02 2020 12 05 12 30 03
-7.86069519E-02 2020 12 05 12 35 02
-5.23940982E-02 2020 12 05 12 40 02
-1.28586321E-01 2020 12 05 12 45 02
-1.65730259E-01 2020 12 05 12 50 02
-7.98593806E-02 2020 12 05 12 55 02
-4.54112990E-02 2020 12 05 13 00 02
-7.73503639E-02 2020 12 05 13 05 02
-1.03648679E-01 2020 12 05 13 10 02
-1.40272513E-01 2020 12 05 13 15 02
-9.52933510E-02 2020 12 05 13 20 02
-1.31150077E-01 2020 12 05 13 25 02
-1.09929448E-01 2020 12 05 13 30 02
-1.53921530E-01 2020 12 05 13 35 02
-1.81514130E-01 2020 12 05 13 40 02
-1.91569321E-01 2020 12 05 13 45 02
-2.19566864E-01 2020 12 05 13 50 02
-2.97345202E-01 2020 12 05 13 55 03
-2.74735092E-01 2020 12 05 14 00 02
-3.50055186E-01 2020 12 05 14 05 02
-3.75752770E-01 2020 12 05 14 10 02
-3.76110504E-01 2020 12 05 14 15 02
-4.21940675E-01 2020 12 05 14 20 03
-3.93251159E-01 2020 12 05 14 25 02
-4.17899834E-01 2020 12 05 14 30 02
-3.67367534E-01 2020 12 05 14 35 02
-4.17921629E-01 2020 12 05 14 40 02
-4.62100272E-01 2020 12 05 14 45 03
-4.59515416E-01 2020 12 05 14 50 02
-4.60186153E-01 2020 12 05 14 55 02
-5.96523945E-01 2020 12 05 15 00 02
-5.61740327E-01 2020 12 05 15 05 02
-5.87885476E-01 2020 12 05 15 10 02
-5.99938365E-01 2020 12 05 15 15 02
-5.94087025E-01 2020 12 05 15 20 02
-6.10185056E-01 2020 12 05 15 25 02
-6.24631609E-01 2020 12 05 15 30 02
-6.46720490E-01 2020 12 05 15 35 02
-6.42309853E-01 2020 12 05 15 40 02
-6.46568511E-01 2020 12 05 15 45 03
-6.94146321E-01 2020 12 05 15 50 02
-6.75580111E-01 2020 12 05 15 55 02
-7.73151616E-01 2020 12 05 16 00 02
-7.03912228E-01 2020 12 05 16 05 02
-7.53675897E-01 2020 12 05 16 10 03
-7.99034338E-01 2020 12 05 16 15 02
-7.47644190E-01 2020 12 05 16 20 02
-7.88503330E-01 2020 12 05 16 25 02
-7.79919156E-01 2020 12 05 16 30 02
-7.31464686E-01 2020 12 05 16 35 03
-7.52033463E-01 2020 12 05 16 40 02
-7.58829976E-01 2020 12 05 16 45 02
-7.81616341E-01 2020 12 05 16 50 02
-8.58010743E-01 2020 12 05 16 55 02
-8.38242266E-01 2020 12 05 17 00 02
-7.97753023E-01 2020 12 05 17 05 02
-9.65974808E-01 2020 12 05 17 10 02
-8.35488543E-01 2020 12 05 17 15 02
-8.59821905E-01 2020 12 05 17 20 02
-8.22180026E-01 2020 12 05 17 25 02
-7.62741345E-01 2020 12 05 17 30 02
-7.50049293E-01 2020 12 05 17 35 02
-8.45560339E-01 2020 12 05 17 40 02
-7.72742576E-01 2020 12 05 17 45 02
-7.34630158E-01 2020 12 05 17 50 02
-6.54827475E-01 2020 12 05 17 55 02
-7.89356088E-01 2020 12 05 18 00 02
-6.19052362E-01 2020 12 05 18 05 02
-6.93364125E-01 2020 12 05 18 10 02
-6.28596565E-01 2020 12 05 18 15 02
-5.38486401E-01 2020 12 05 18 20 02
-5.12083464E-01 2020 12 05 18 25 03
-5.62693296E-01 2020 12 05 18 30 02
-5.10705869E-01 2020 12 05 18 35 02
-4.93769429E-01 2020 12 05 18 40 02
-4.77621879E-01 2020 12 05 18 45 02
-4.22484017E-01 2020 12 05 18 50 02
-4.44115830E-01 2020 12 05 18 55 02
-5.04491407E-01 2020 12 05 19 00 02
-4.69431695E-01 2020 12 05 19 05 02
-4.85099715E-01 2020 12 05 19 10 02
-4.84975668E-01 2020 12 05 19 15 02
-4.54136821E-01 2020 12 05 19 20 02
-4.59569717E-01 2020 12 05 19 25 02
-4.48764940E-01 2020 12 05 19 30 02
-5.39227433E-01 2020 12 05 19 35 02
-4.28938023E-01 2020 12 05 19 40 02
-4.02012035E-01 2020 12 05 19 45 02
-3.96969265E-01 2020 12 05 19 50 03
-3.91967082E-01 2020 12 05 19 55 02
-4.50391284E-01 2020 12 05 20 00 02
-4.46496111E-01 2020 12 05 20 05 02
-3.45846377E-01 2020 12 05 20 10 02
-4.96929716E-01 2020 12 05 20 15 03
-3.28756992E-01 2020 12 05 20 20 02
-4.24805934E-01 2020 12 05 20 25 02
-4.17565158E-01 2020 12 05 20 30 02
-3.28371907E-01 2020 12 05 20 35 02
-3.58800198E-01 2020 12 05 20 40 02
-4.08206610E-01 2020 12 05 20 45 02
-3.71666411E-01 2020 12 05 20 50 02
-4.45860617E-01 2020 12 05 20 55 02
-4.92849213E-01 2020 12 05 21 00 02
-5.54234611E-01 2020 12 05 21 05 02
-4.73665575E-01 2020 12 05 21 10 02
-3.59876480E-01 2020 12 05 21 15 02
-3.82346143E-01 2020 12 05 21 20 02
-2.59963714E-01 2020 12 05 21 25 02
-3.00314749E-01 2020 12 05 21 30 02
-3.91756711E-01 2020 12 05 21 35 02
-3.99280395E-01 2020 12 05 21 40 03
-3.22759519E-01 2020 12 05 21 45 02
-5.03631226E-01 2020 12 05 21 50 02
-4.88791053E-01 2020 12 05 21 55 02
-4.92641274E-01 2020 12 05 22 00 02
-4.05342874E-01 2020 12 05 22 05 03
-2.79770857E-01 2020 12 05 22 10 02
-4.03447039E-01 2020 12 05 22 15 02
-4.27918901E-01 2020 12 05 22 20 02
-5.15894518E-01 2020 12 05 22 25 02
-4.72124679E-01 2020 12 05 22 30 02
-4.66557609E-01 2020 12 05 22 35 02
-4.51026377E-01 2020 12 05 22 40 02
-5.28605639E-01 2020 12 05 22 45 02
-5.82706012E-01 2020 12 05 22 50 02
-5.39556364E-01 2020 12 05 22 55 02
-4.03141879E-01 2020 12 05 23 00 02
-4.36300094E-01 2020 12 05 23 05 02
-4.62631561E-01 2020 12 05 23 10 02
-4.90292580E-01 2020 12 05 23 15 02
-6.11983623E-01 2020 12 05 23 20 02
-7.10889030E-01 2020 12 05 23 25 02
-4.81193797E-01 2020 12 05 23 30 03
-6.18536196E-01 2020 12 05 23 35 02
-6.93973516E-01 2020 12 05 23 40 02
-8.44847113E-01 2020 12 05 23 45 02
-5.66450124E-01 2020 12 05 23 50 02
-5.04581087E-01 2020 12 05 23 55 03
