-8.77209886E-01 2021 01 15 00 00 02
-8.93107816E-01 2021 01 15 00 05 02
-7.93035510E-01 2021 01 15 00 10 02
-8.89685790E-01 2021 01 15 00 15 02
-8.18331701E-01 2021 01 15 00 20 02
-8.70396401E-01 2021 01 15 00 25 03
-9.12625406E-01 2021 01 15 00 30 02
-9.41171089E-01 2021 01 15 00 35 02
-9.31036860E-01 2021 01 15 00 40 02
-9.31159436E-01 2021 01 15 00 45 02
-9.32751001E-01 2021 01 15 00 50 02
-9.73352980E-01 2021 01 15 00 55 02
-1.00527990E+00 2021 01 15 01 00 02
-9.92998518E-01 2021 01 15 01 05 02
-9.92664940E-01 2021 01 15 01 10 02
-9.50433884E-01 2021 01 15 01 15 02
-9.26793971E-01 2021 01 15 01 20 02
-9.12487915E-01 2021 01 15 01 25 03
-9.64664458E-01 2021 01 15 01 30 02
-9.40400450E-01 2021 01 15 01 35 02
-8.51235445E-01 2021 01 15 01 40 02
-9.23818964E-01 2021 01 15 01 45 02
-9.07941215E-01 2021 01 15 01 50 03
-9.18012084E-01 2021 01 15 01 55 02
-8.98667963E-01 2021 01 15 02 00 02
-8.82333952E-01 2021 01 15 02 05 02
-8.64652354E-01 2021 01 15 02 10 02
-8.74517905E-01 2021 01 15 02 15 02
-8.66581903E-01 2021 01 15 02 20 02
-8.28568902E-01 2021 01 15 02 25 02
-7.97275032E-01 2021 01 15 02 30 02
-7.99654145E-01 2021 01 15 02 35 02
-7.92851202E-01 2021 01 15 02 40 02
-7.77024167E-01 2021 01 15 02 45 02
-7.37907441E-01 2021 01 15 02 50 03
-7.32283041E-01 2021 01 15 02 55 02
-6.95879050E-01 2021 01 15 03 00 02
-6.45249058E-01 2021 01 15 03 05 02
-6.51285510E-01 2021 01 15 03 10 02
-6.16156442E-01 2021 01 15 03 15 03
-5.74083398E-01 2021 01 15 03 20 02
-5.58769304E-01 2021 01 15 03 25 02
-5.45262421E-01 2021 01 15 03 30 02
-5.10866170E-01 2021 01 15 03 35 02
-4.71520776E-01 2021 01 15 03 40 02
-4.52736183E-01 2021 01 15 03 45 02
-4.41728672E-01 2021 01 15 03 50 02
-3.69609258E-01 2021 01 15 03 55 02
-3.85403397E-01 2021 01 15 04 00 02
-3.38970108E-01 2021 01 15 04 05 02
-2.84914083E-01 2021 01 15 04 10 02
-2.82578376E-01 2021 01 15 04 15 02
-3.13311023E-01 2021 01 15 04 20 02
-2.81062023E-01 2021 01 15 04 25 02
-2.69441957E-01 2021 01 15 04 30 02
-2.51769753E-01 2021 01 15 04 35 02
-1.78500876E-01 2021 01 15 04 40 03
-1.53759827E-01 2021 01 15 04 45 02
-1.40571878E-01 2021 01 15 04 50 02
-1.35112245E-01 2021 01 15 04 55 02
-1.18418179E-01 2021 01 15 05 00 02
-4.45577951E-02 2021 01 15 05 05 02
-2.85571788E-02 2021 01 15 05 10 02
-3.27186891E-02 2021 01 15 05 15 02
+5.96520535E-02 2021 01 15 05 20 02
+5.48648275E-02 2021 01 15 05 25 02
+5.70205015E-02 2021 01 15 05 30 02
+1.17415853E-01 2021 01 15 05 35 02
+1.69435610E-01 2021 01 15 05 40 03
+1.60935927E-01 2021 01 15 05 45 02
+1.46476758E-01 2021 01 15 05 50 02
+8.38198132E-02 2021 01 15 05 55 02
+2.20157713E-01 2021 01 15 06 00 02
+2.70328809E-01 2021 01 15 06 05 03
+3.18582408E-01 2021 01 15 06 10 02
+2.77587575E-01 2021 01 15 06 15 02
+2.32938741E-01 2021 01 15 06 20 02
+2.69883123E-01 2021 01 15 06 25 02
+2.83998061E-01 2021 01 15 06 30 02
+3.34851012E-01 2021 01 15 06 35 02
+3.05769378E-01 2021 01 15 06 40 02
+3.57851563E-01 2021 01 15 06 45 02
+3.65117721E-01 2021 01 15 06 50 02
+4.00218936E-01 2021 01 15 06 55 02
+4.29475191E-01 2021 01 15 07 00 02
+3.64639354E-01 2021 01 15 07 05 02
+3.97854485E-01 2021 01 15 07 10 02
+3.69618920E-01 2021 01 15 07 15 02
+3.90536671E-01 2021 01 15 07 20 02
+4.47114060E-01 2021 01 15 07 25 02
+4.10824975E-01 2021 01 15 07 30 03
+3.75136631E-01 2021 01 15 07 35 02
+2.77598975E-01 2021 01 15 07 40 02
+3.87279618E-01 2021 01 15 07 45 02
+3.95250564E-01 2021 01 15 07 50 02
+4.26446840E-01 2021 01 15 07 55 02
+4.33282726E-01 2021 01 15 08 00 02
+3.84739370E-01 2021 01 15 08 05 02
+3.45696400E-01 2021 01 15 08 10 02
+3.67531759E-01 2021 01 15 08 15 02
+3.88892105E-01 2021 01 15 08 20 02
+3.18872325E-01 2021 01 15 08 25 02
+3.66631528E-01 2021 01 15 08 30 03
+3.16871659E-01 2021 01 15 08 35 02
+2.52822413E-01 2021 01 15 08 40 02
+2.60166596E-01 2021 01 15 08 45 02
+2.73128172E-01 2021 01 15 08 50 02
+2.50648610E-01 2021 01 15 08 55 03
+1.95111821E-01 2021 01 15 09 00 02
+2.10317304E-01 2021 01 15 09 05 02
+2.60895638E-01 2021 01 15 09 10 02
+2.15124967E-01 2021 01 15 09 15 02
+1.65774589E-01 2021 01 15 09 20 02
+1.42720106E-01 2021 01 15 09 25 02
+7.83335766E-02 2021 01 15 09 30 02
+9.72650364E-02 2021 01 15 09 35 02
+1.07831801E-01 2021 01 15 09 40 02
+2.84332760E-02 2021 01 15 09 45 02
+3.91091333E-02 2021 01 15 09 50 02
+8.52509516E-03 2021 01 15 09 55 03
-3.62825300E-02 2021 01 15 10 00 02
-8.79123469E-03 2021 01 15 10 05 02
-2.96765785E-02 2021 01 15 10 10 02
-9.06899491E-03 2021 01 15 10 15 02
-3.58443550E-02 2021 01 15 10 20 02
-4.05328096E-02 2021 01 15 10 25 02
-5.20089771E-02 2021 01 15 10 30 02
-9.00610303E-02 2021 01 15 10 35 02
-9.26858048E-02 2021 01 15 10 40 02
-8.45117826E-02 2021 01 15 10 45 02
+7.12052117E-03 2021 01 15 10 50 02
-5.08407733E-02 2021 01 15 10 55 03
-7.08886712E-02 2021 01 15 11 00 02
-6.19242189E-02 2021 01 15 11 05 02
-6.35280727E-02 2021 01 15 11 10 02
-1.16393413E-01 2021 01 15 11 15 02
-1.42911585E-01 2021 01 15 11 20 03
-1.50704959E-01 2021 01 15 11 25 02
-7.99759709E-02 2021 01 15 11 30 02
-1.23338080E-01 2021 01 15 11 35 02
-1.34757898E-01 2021 01 15 11 40 02
-2.30769124E-01 2021 01 15 11 45 03
-1.54747546E-01 2021 01 15 11 50 02
-2.10867725E-01 2021 01 15 11 55 02
-1.94744931E-01 2021 01 15 12 00 02
-2.05183782E-01 2021 01 15 12 05 02
-2.62771603E-01 2021 01 15 12 10 02
-3.09732719E-01 2021 01 15 12 15 02
-3.87377534E-01 2021 01 15 12 20 02
-3.58949802E-01 2021 01 15 12 25 02
-4.15220469E-01 2021 01 15 12 30 02
-4.27346434E-01 2021 01 15 12 35 02
-5.13280139E-01 2021 01 15 12 40 02
-5.12102746E-01 2021 01 15 12 45 02
-5.58671819E-01 2021 01 15 12 50 02
-5.96562950E-01 2021 01 15 12 55 02
-6.05961280E-01 2021 01 15 13 00 02
-6.06527123E-01 2021 01 15 13 05 02
-5.98940776E-01 2021 01 15 13 10 03
-6.66724127E-01 2021 01 15 13 15 02
-6.69861047E-01 2021 01 15 13 20 02
-6.91606362E-01 2021 01 15 13 25 02
-8.30131301E-01 2021 01 15 13 30 02
-7.60624712E-01 2021 01 15 13 35 03
-7.99660554E-01 2021 01 15 13 40 02
-7.75241993E-01 2021 01 15 13 45 02
-7.89313436E-01 2021 01 15 13 50 02
-8.07399925E-01 2021 01 15 13 55 02
-7.97176587E-01 2021 01 15 14 00 02
-8.67325195E-01 2021 01 15 14 05 02
-8.90783985E-01 2021 01 15 14 10 02
-9.19885335E-01 2021 01 15 14 15 02
-8.85306465E-01 2021 01 15 14 20 02
-8.80651607E-01 2021 01 15 14 25 02
-8.94164197E-01 2021 01 15 14 30 02
-8.75595844E-01 2021 01 15 14 35 03
-9.98204272E-01 2021 01 15 14 40 02
-8.71801189E-01 2021 01 15 14 45 02
-9.21883144E-01 2021 01 15 14 50 02
-8.59899569E-01 2021 01 15 14 55 02
-9.28402870E-01 2021 01 15 15 00 03
-1.10907136E+00 2021 01 15 15 05 02
-9.27988186E-01 2021 01 15 15 10 02
-9.73624410E-01 2021 01 15 15 15 02
-8.92038971E-01 2021 01 15 15 20 02
-8.96539881E-01 2021 01 15 15 25 02
-8.63446126E-01 2021 01 15 15 30 02
-8.85531006E-01 2021 01 15 15 35 02
-8.59704553E-01 2021 01 15 15 40 02
-8.61789515E-01 2021 01 15 15 45 02
-9.57688506E-01 2021 01 15 15 50 02
-8.63707813E-01 2021 01 15 15 55 02
-8.80074716E-01 2021 01 15 16 00 02
-7.45327680E-01 2021 01 15 16 05 02
-8.80713467E-01 2021 01 15 16 10 02
-7.92783359E-01 2021 01 15 16 15 02
-7.89864375E-01 2021 01 15 16 20 02
-8.35857197E-01 2021 01 15 16 25 02
-8.00758162E-01 2021 01 15 16 30 02
-7.46296148E-01 2021 01 15 16 35 02
-7.78872150E-01 2021 01 15 16 40 02
-7.83292392E-01 2021 01 15 16 45 02
-7.21303087E-01 2021 01 15 16 50 02
-7.13679270E-01 2021 01 15 16 55 02
-7.26120381E-01 2021 01 15 17 00 02
-6.68451700E-01 2021 01 15 17 05 02
-6.84350565E-01 2021 01 15 17 10 02
-6.38758091E-01 2021 01 15 17 15 02
-6.76808000E-01 2021 01 15 17 20 02
-6.76769978E-01 2021 01 15 17 25 03
-6.06832864E-01 2021 01 15 17 30 02
-5.65681398E-01 2021 01 15 17 35 02
-6.05074459E-01 2021 01 15 17 40 02
-5.14050964E-01 2021 01 15 17 45 02
-5.07944675E-01 2021 01 15 17 50 02
-4.84567353E-01 2021 01 15 17 55 02
-4.90040662E-01 2021 01 15 18 00 02
-4.97025416E-01 2021 01 15 18 05 02
-4.31954483E-01 2021 01 15 18 10 02
-4.22648073E-01 2021 01 15 18 15 02
-4.42488832E-01 2021 01 15 18 20 02
-4.34386560E-01 2021 01 15 18 25 02
-4.17376301E-01 2021 01 15 18 30 02
-3.45685282E-01 2021 01 15 18 35 02
-3.68433960E-01 2021 01 15 18 40 02
-3.33129299E-01 2021 01 15 18 45 02
-4.07517944E-01 2021 01 15 18 50 03
-3.41757863E-01 2021 01 15 18 55 02
-2.91409471E-01 2021 01 15 19 00 02
-2.82193005E-01 2021 01 15 19 05 02
-2.91362692E-01 2021 01 15 19 10 02
-2.72860835E-01 2021 01 15 19 15 03
-2.86190844E-01 2021 01 15 19 20 02
-1.68763718E-01 2021 01 15 19 25 02
-2.37193402E-01 2021 01 15 19 30 02
-2.76954286E-01 2021 01 15 19 35 02
-2.95880804E-01 2021 01 15 19 40 03
-2.74070521E-01 2021 01 15 19 45 02
-1.95218939E-01 2021 01 15 19 50 02
-2.50576564E-01 2021 01 15 19 55 02
-2.58929608E-01 2021 01 15 20 00 02
-1.66192795E-01 2021 01 15 20 05 02
-2.77511718E-01 2021 01 15 20 10 02
-2.53383412E-01 2021 01 15 20 15 02
-2.63799588E-01 2021 01 15 20 20 02
-2.69438955E-01 2021 01 15 20 25 02
-2.56958191E-01 2021 01 15 20 30 02
-2.79830874E-01 2021 01 15 20 35 02
-2.01029435E-01 2021 01 15 20 40 02
-3.03460709E-01 2021 01 15 20 45 02
-2.99095253E-01 2021 01 15 20 50 02
-3.67950623E-01 2021 01 15 20 55 02
-3.34211076E-01 2021 01 15 21 00 02
-3.46121249E-01 2021 01 15 21 05 03
-3.67450360E-01 2021 01 15 21 10 02
-3.71281189E-01 2021 01 15 21 15 02
-3.63778656E-01 2021 01 15 21 20 02
-4.07849046E-01 2021 01 15 21 25 02
-3.85450836E-01 2021 01 15 21 30 02
-3.83174992E-01 2021 01 15 21 35 02
-3.99717026E-01 2021 01 15 21 40 02
-4.47423248E-01 2021 01 15 21 45 02
-4.90822684E-01 2021 01 15 21 50 02
-4.69834250E-01 2021 01 15 21 55 02
-5.60564909E-01 2021 01 15 22 00 02
-4.51293705E-01 2021 01 15 22 05 03
-5.36236222E-01 2021 01 15 22 10 02
-5.65781502E-01 2021 01 15 22 15 03
-6.00868898E-01 2021 01 15 22 20 02
-5.82716873E-01 2021 01 15 22 25 02
-5.84489332E-01 2021 01 15 22 30 02
-6.50240213E-01 2021 01 15 22 35 02
-6.54484195E-01 2021 01 15 22 40 02
-6.74436311E-01 2021 01 15 22 45 02
-6.98704697E-01 2021 01 15 22 50 02
-7.06108535E-01 2021 01 15 22 55 02
-7.72398086E-01 2021 01 15 23 00 03
-7.69509023E-01 2021 01 15 23 05 02
-8.16990270E-01 2021 01 15 23 10 02
-7.77095804E-01 2021 01 15 23 15 02
-8.46021569E-01 2021 01 15 23 20 02
-9.49198450E-01 2021 01 15 23 25 02
-7.94873685E-01 2021 01 15 23 30 02
-9.17461804E-01 2021 01 15 23 35 02
-9.41784065E-01 2021 01 15 23 40 02
-8.77873425E-01 2021 01 15 23 45 02
-9.87573724E-01 2021 01 15 23 50 02
-9.41258865E-01 2021 01 15 23 55 02
