+2.76615464E-02 2021 01 24 00 00 02
+2.38560845E-02 2021 01 24 00 05 02
+3.37579378E-02 2021 01 24 00 10 02
+5.40327167E-02 2021 01 24 00 15 02
+7.32625973E-02 2021 01 24 00 20 02
+7.06958942E-02 2021 01 24 00 25 02
+6.89678900E-02 2021 01 24 00 30 02
+5.77177096E-02 2021 01 24 00 35 02
+6.29168471E-02 2021 01 24 00 40 02
+9.93729403E-02 2021 01 24 00 45 02
+1.25040610E-01 2021 01 24 00 50 02
+1.37007653E-01 2021 01 24 00 55 02
+1.36823134E-01 2021 01 24 01 00 02
+9.00620599E-02 2021 01 24 01 05 02
+1.07432215E-01 2021 01 24 01 10 02
+1.47959852E-01 2021 01 24 01 15 02
+1.56024181E-01 2021 01 24 01 20 02
+2.07795952E-01 2021 01 24 01 25 03
+2.27808812E-01 2021 01 24 01 30 02
+1.26097250E-01 2021 01 24 01 35 02
+1.20377683E-01 2021 01 24 01 40 02
+1.26331289E-01 2021 01 24 01 45 02
+7.10735105E-02 2021 01 24 01 50 02
+1.83535637E-01 2021 01 24 01 55 02
+2.09133948E-01 2021 01 24 02 00 02
+2.68372550E-01 2021 01 24 02 05 02
+3.76917417E-01 2021 01 24 02 10 02
+2.17722862E-01 2021 01 24 02 15 02
+1.61772202E-01 2021 01 24 02 20 02
+2.39129883E-01 2021 01 24 02 25 02
+8.12715237E-02 2021 01 24 02 30 02
+1.53335459E-01 2021 01 24 02 35 02
+1.76102875E-01 2021 01 24 02 40 02
+1.80953250E-01 2021 01 24 02 45 02
+2.20402541E-01 2021 01 24 02 50 03
+2.15679646E-01 2021 01 24 02 55 02
+2.41534556E-01 2021 01 24 03 00 02
+2.45244837E-01 2021 01 24 03 05 02
+2.48965646E-01 2021 01 24 03 10 02
+3.67681426E-01 2021 01 24 03 15 02
+2.78073231E-01 2021 01 24 03 20 02
+3.51145815E-01 2021 01 24 03 25 02
+3.47399495E-01 2021 01 24 03 30 02
+3.54872536E-01 2021 01 24 03 35 02
+3.38368141E-01 2021 01 24 03 40 02
+3.14591744E-01 2021 01 24 03 45 02
+4.03001203E-01 2021 01 24 03 50 02
+4.08469292E-01 2021 01 24 03 55 02
+3.92421301E-01 2021 01 24 04 00 02
+3.71081575E-01 2021 01 24 04 05 02
+2.10359757E-01 2021 01 24 04 10 02
+1.83866740E-01 2021 01 24 04 15 03
+1.36918951E-01 2021 01 24 04 20 02
+1.58571996E-01 2021 01 24 04 25 02
+1.07719285E-01 2021 01 24 04 30 02
+8.31758186E-02 2021 01 24 04 35 02
+1.41214174E-01 2021 01 24 04 40 02
+1.98024000E-01 2021 01 24 04 45 02
+1.47041659E-01 2021 01 24 04 50 02
+1.35534781E-01 2021 01 24 04 55 02
+1.73839794E-01 2021 01 24 05 00 02
+2.00827383E-01 2021 01 24 05 05 02
+2.30260756E-01 2021 01 24 05 10 02
+1.94064164E-01 2021 01 24 05 15 03
+2.05794666E-01 2021 01 24 05 20 02
+1.94250511E-01 2021 01 24 05 25 02
+2.22700720E-01 2021 01 24 05 30 02
+1.62739993E-01 2021 01 24 05 35 02
+1.51676327E-01 2021 01 24 05 40 03
+1.57782226E-01 2021 01 24 05 45 02
+8.51605526E-02 2021 01 24 05 50 02
+3.21505714E-02 2021 01 24 05 55 02
+1.22880134E-01 2021 01 24 06 00 02
+4.19630111E-02 2021 01 24 06 05 03
+1.82037076E-01 2021 01 24 06 10 02
+1.63751512E-01 2021 01 24 06 15 02
-8.31058108E-02 2021 01 24 06 20 02
-1.11343660E-01 2021 01 24 06 25 02
-9.68955694E-02 2021 01 24 06 30 02
-4.62797437E-02 2021 01 24 06 35 02
+2.01299818E-02 2021 01 24 06 40 02
-1.01902289E-01 2021 01 24 06 45 02
-1.68551549E-03 2021 01 24 06 50 02
-2.84572346E-02 2021 01 24 06 55 02
-8.00920329E-02 2021 01 24 07 00 02
-1.16923784E-01 2021 01 24 07 05 02
-6.25638024E-02 2021 01 24 07 10 02
-1.10268168E-01 2021 01 24 07 15 02
-1.38263690E-01 2021 01 24 07 20 02
-1.00690127E-01 2021 01 24 07 25 02
-1.76145300E-01 2021 01 24 07 30 03
-1.61224164E-01 2021 01 24 07 35 02
-1.72283273E-01 2021 01 24 07 40 02
-1.36778254E-01 2021 01 24 07 45 02
-1.19295945E-01 2021 01 24 07 50 02
-8.82785233E-02 2021 01 24 07 55 03
-1.47473750E-01 2021 01 24 08 00 02
-1.54031129E-01 2021 01 24 08 05 02
-1.76746099E-01 2021 01 24 08 10 02
-2.30102843E-01 2021 01 24 08 15 02
-2.21705657E-01 2021 01 24 08 20 02
-2.98664285E-01 2021 01 24 08 25 02
-2.66371808E-01 2021 01 24 08 30 02
-3.65327412E-01 2021 01 24 08 35 02
-4.06686289E-01 2021 01 24 08 40 02
-4.52737390E-01 2021 01 24 08 45 02
-4.68974739E-01 2021 01 24 08 50 02
-4.10102290E-01 2021 01 24 08 55 02
-5.22107350E-01 2021 01 24 09 00 02
-4.66757056E-01 2021 01 24 09 05 02
-4.72573384E-01 2021 01 24 09 10 02
-4.73412273E-01 2021 01 24 09 15 02
-4.19505538E-01 2021 01 24 09 20 03
-4.87916523E-01 2021 01 24 09 25 02
-4.68782747E-01 2021 01 24 09 30 02
-4.43306030E-01 2021 01 24 09 35 02
-4.35010671E-01 2021 01 24 09 40 02
-4.34127967E-01 2021 01 24 09 45 02
-5.34061275E-01 2021 01 24 09 50 02
-4.84520130E-01 2021 01 24 09 55 02
-4.83654520E-01 2021 01 24 10 00 02
-4.38578272E-01 2021 01 24 10 05 02
-5.39438433E-01 2021 01 24 10 10 02
-4.65555522E-01 2021 01 24 10 15 02
-5.06080696E-01 2021 01 24 10 20 03
-4.13643112E-01 2021 01 24 10 25 02
-4.19218371E-01 2021 01 24 10 30 02
-3.38924057E-01 2021 01 24 10 35 02
-2.93378274E-01 2021 01 24 10 40 02
-3.24665486E-01 2021 01 24 10 45 03
-4.15445526E-01 2021 01 24 10 50 02
-4.10544775E-01 2021 01 24 10 55 02
-4.89999412E-01 2021 01 24 11 00 02
-3.95922463E-01 2021 01 24 11 05 02
-3.94611569E-01 2021 01 24 11 10 02
-3.39118044E-01 2021 01 24 11 15 02
-3.34675779E-01 2021 01 24 11 20 02
-2.44422364E-01 2021 01 24 11 25 02
-1.72452848E-01 2021 01 24 11 30 02
-2.95763006E-01 2021 01 24 11 35 02
-2.57098354E-01 2021 01 24 11 40 02
-1.67243989E-01 2021 01 24 11 45 02
-1.52879862E-01 2021 01 24 11 50 02
-2.53814473E-01 2021 01 24 11 55 02
-1.63460938E-01 2021 01 24 12 00 02
-1.70983528E-01 2021 01 24 12 05 02
-2.99737281E-01 2021 01 24 12 10 02
-1.25984545E-01 2021 01 24 12 15 02
-2.02826058E-01 2021 01 24 12 20 02
-1.13067698E-01 2021 01 24 12 25 02
-1.55551115E-01 2021 01 24 12 30 02
-2.23149644E-01 2021 01 24 12 35 03
-1.53578568E-01 2021 01 24 12 40 02
-2.02725534E-01 2021 01 24 12 45 02
-2.02271607E-01 2021 01 24 12 50 02
-1.91264558E-01 2021 01 24 12 55 02
-1.36517478E-01 2021 01 24 13 00 02
-1.86318485E-01 2021 01 24 13 05 02
-2.26560176E-01 2021 01 24 13 10 02
-2.38259828E-01 2021 01 24 13 15 02
-3.15811903E-01 2021 01 24 13 20 02
-2.80056372E-01 2021 01 24 13 25 02
-2.82737760E-01 2021 01 24 13 30 02
-2.49094087E-01 2021 01 24 13 35 03
-3.11031254E-01 2021 01 24 13 40 02
-2.97862051E-01 2021 01 24 13 45 02
-2.60949352E-01 2021 01 24 13 50 02
-3.67153184E-01 2021 01 24 13 55 02
-3.52491481E-01 2021 01 24 14 00 02
-2.95072108E-01 2021 01 24 14 05 02
-3.74129704E-01 2021 01 24 14 10 02
-3.67322490E-01 2021 01 24 14 15 02
-4.23658949E-01 2021 01 24 14 20 02
-3.31252062E-01 2021 01 24 14 25 02
-3.81710300E-01 2021 01 24 14 30 02
-4.22219223E-01 2021 01 24 14 35 03
-3.57831472E-01 2021 01 24 14 40 02
-3.41347340E-01 2021 01 24 14 45 02
-3.27679343E-01 2021 01 24 14 50 02
-3.19477907E-01 2021 01 24 14 55 02
-3.26282833E-01 2021 01 24 15 00 02
-3.41461246E-01 2021 01 24 15 05 02
-3.32718161E-01 2021 01 24 15 10 02
-3.88289392E-01 2021 01 24 15 15 02
-2.43950541E-01 2021 01 24 15 20 02
-3.16480735E-01 2021 01 24 15 25 02
-3.06763303E-01 2021 01 24 15 30 02
-2.81302747E-01 2021 01 24 15 35 02
-3.32535180E-01 2021 01 24 15 40 02
-3.44610653E-01 2021 01 24 15 45 02
-3.40507873E-01 2021 01 24 15 50 02
-3.40273686E-01 2021 01 24 15 55 02
-4.06135417E-01 2021 01 24 16 00 03
-4.10891430E-01 2021 01 24 16 05 02
-3.55805444E-01 2021 01 24 16 10 02
-4.35045661E-01 2021 01 24 16 15 02
-3.55993373E-01 2021 01 24 16 20 02
-4.82837205E-01 2021 01 24 16 25 03
-3.77676807E-01 2021 01 24 16 30 02
-4.96334899E-01 2021 01 24 16 35 02
-4.09676370E-01 2021 01 24 16 40 02
-3.40974109E-01 2021 01 24 16 45 02
-4.09902133E-01 2021 01 24 16 50 02
-3.24734751E-01 2021 01 24 16 55 02
-3.86663674E-01 2021 01 24 17 00 02
-3.04060345E-01 2021 01 24 17 05 02
-3.78788221E-01 2021 01 24 17 10 02
-3.27529665E-01 2021 01 24 17 15 02
-3.20460989E-01 2021 01 24 17 20 02
-4.10591979E-01 2021 01 24 17 25 03
-3.82191122E-01 2021 01 24 17 30 02
-3.89657628E-01 2021 01 24 17 35 02
-3.45791195E-01 2021 01 24 17 40 02
-3.70003928E-01 2021 01 24 17 45 02
-4.51080601E-01 2021 01 24 17 50 03
-3.35110430E-01 2021 01 24 17 55 02
-4.69502107E-01 2021 01 24 18 00 02
-3.00263599E-01 2021 01 24 18 05 02
-4.11168994E-01 2021 01 24 18 10 02
-3.58933647E-01 2021 01 24 18 15 02
-3.39871277E-01 2021 01 24 18 20 02
-3.49734252E-01 2021 01 24 18 25 02
-3.53755775E-01 2021 01 24 18 30 02
-3.96905665E-01 2021 01 24 18 35 02
-4.13183573E-01 2021 01 24 18 40 02
-4.08049537E-01 2021 01 24 18 45 02
-4.60993741E-01 2021 01 24 18 50 03
-4.73911105E-01 2021 01 24 18 55 02
-4.96491003E-01 2021 01 24 19 00 02
-4.84319848E-01 2021 01 24 19 05 02
-5.05338940E-01 2021 01 24 19 10 02
-5.13886304E-01 2021 01 24 19 15 02
-5.15922026E-01 2021 01 24 19 20 02
-5.47060261E-01 2021 01 24 19 25 02
-5.53289753E-01 2021 01 24 19 30 02
-7.17641262E-01 2021 01 24 19 35 02
-6.25324524E-01 2021 01 24 19 40 02
-6.13624336E-01 2021 01 24 19 45 02
-6.50744615E-01 2021 01 24 19 50 03
-5.99817810E-01 2021 01 24 19 55 02
-6.38057359E-01 2021 01 24 20 00 02
-5.67918728E-01 2021 01 24 20 05 02
-6.08835419E-01 2021 01 24 20 10 02
-7.52837914E-01 2021 01 24 20 15 03
-6.67374350E-01 2021 01 24 20 20 02
-6.93254764E-01 2021 01 24 20 25 02
-6.53066562E-01 2021 01 24 20 30 02
-5.76770356E-01 2021 01 24 20 35 02
-5.84554557E-01 2021 01 24 20 40 02
-6.10963010E-01 2021 01 24 20 45 02
-6.59249059E-01 2021 01 24 20 50 02
-7.14712449E-01 2021 01 24 20 55 02
-6.87053423E-01 2021 01 24 21 00 02
-6.69030717E-01 2021 01 24 21 05 02
-6.95401493E-01 2021 01 24 21 10 02
-6.03920355E-01 2021 01 24 21 15 02
-6.20760336E-01 2021 01 24 21 20 02
-6.21506454E-01 2021 01 24 21 25 02
-6.10538831E-01 2021 01 24 21 30 02
-5.65073301E-01 2021 01 24 21 35 02
-6.31335248E-01 2021 01 24 21 40 03
-6.57806806E-01 2021 01 24 21 45 02
-6.53483499E-01 2021 01 24 21 50 02
-5.80249866E-01 2021 01 24 21 55 02
-6.11024657E-01 2021 01 24 22 00 02
-6.41792373E-01 2021 01 24 22 05 03
-5.95908183E-01 2021 01 24 22 10 02
-5.99803602E-01 2021 01 24 22 15 02
-6.08886613E-01 2021 01 24 22 20 02
-7.19152941E-01 2021 01 24 22 25 02
-5.80284904E-01 2021 01 24 22 30 02
-5.57871325E-01 2021 01 24 22 35 02
-5.62340853E-01 2021 01 24 22 40 02
-5.07863124E-01 2021 01 24 22 45 02
-4.99636414E-01 2021 01 24 22 50 02
-4.90067852E-01 2021 01 24 22 55 02
-4.48683943E-01 2021 01 24 23 00 02
-3.08871653E-01 2021 01 24 23 05 03
-4.05092675E-01 2021 01 24 23 10 02
-1.76634871E-01 2021 01 24 23 15 02
-5.48761558E-02 2021 01 24 23 20 02
-9.13243185E-02 2021 01 24 23 25 02
-2.47825562E-01 2021 01 24 23 30 02
-3.00363993E-01 2021 01 24 23 35 02
-4.15032072E-01 2021 01 24 23 40 02
-3.53103395E-01 2021 01 24 23 45 02
-3.00530333E-01 2021 01 24 23 50 02
-3.58690527E-01 2021 01 24 23 55 02
