-8.47172299E-01 2021 01 31 00 00 02
-9.19769531E-01 2021 01 31 00 05 02
-9.33783758E-01 2021 01 31 00 10 02
-9.44634277E-01 2021 01 31 00 15 02
-9.65000390E-01 2021 01 31 00 20 02
-9.83603600E-01 2021 01 31 00 25 03
-1.04987070E+00 2021 01 31 00 30 02
-1.04142182E+00 2021 01 31 00 35 02
-1.04867701E+00 2021 01 31 00 40 02
-1.05991215E+00 2021 01 31 00 45 02
-1.05605075E+00 2021 01 31 00 50 02
-1.07882852E+00 2021 01 31 00 55 02
-1.09515756E+00 2021 01 31 01 00 02
-1.09672075E+00 2021 01 31 01 05 02
-1.10497645E+00 2021 01 31 01 10 02
-1.09544075E+00 2021 01 31 01 15 02
-1.03118024E+00 2021 01 31 01 20 02
-1.00444544E+00 2021 01 31 01 25 03
-9.27688536E-01 2021 01 31 01 30 02
-9.68234659E-01 2021 01 31 01 35 02
-1.04424497E+00 2021 01 31 01 40 02
-1.02629558E+00 2021 01 31 01 45 02
-1.05336401E+00 2021 01 31 01 50 02
-1.09068400E+00 2021 01 31 01 55 02
-1.02746098E+00 2021 01 31 02 00 02
-1.09608422E+00 2021 01 31 02 05 02
-1.08359531E+00 2021 01 31 02 10 02
-1.08493653E+00 2021 01 31 02 15 02
-1.09938041E+00 2021 01 31 02 20 02
-1.08904485E+00 2021 01 31 02 25 03
-1.05670285E+00 2021 01 31 02 30 02
-1.01479840E+00 2021 01 31 02 35 02
-9.77647512E-01 2021 01 31 02 40 02
-9.18978538E-01 2021 01 31 02 45 02
-9.19593230E-01 2021 01 31 02 50 03
-9.24167693E-01 2021 01 31 02 55 02
-9.18157835E-01 2021 01 31 03 00 02
-8.80014318E-01 2021 01 31 03 05 02
-8.79473861E-01 2021 01 31 03 10 02
-8.36751713E-01 2021 01 31 03 15 02
-8.32706098E-01 2021 01 31 03 20 02
-8.13230714E-01 2021 01 31 03 25 02
-7.56083848E-01 2021 01 31 03 30 02
-7.50609683E-01 2021 01 31 03 35 02
-7.42744410E-01 2021 01 31 03 40 02
-6.96423087E-01 2021 01 31 03 45 02
-5.94841881E-01 2021 01 31 03 50 02
-5.73558483E-01 2021 01 31 03 55 02
-5.47220830E-01 2021 01 31 04 00 02
-5.30162327E-01 2021 01 31 04 05 02
-5.18249270E-01 2021 01 31 04 10 02
-4.89055395E-01 2021 01 31 04 15 02
-4.60297580E-01 2021 01 31 04 20 02
-4.35036976E-01 2021 01 31 04 25 02
-4.05197137E-01 2021 01 31 04 30 02
-3.78664760E-01 2021 01 31 04 35 02
-3.54564496E-01 2021 01 31 04 40 03
-3.26338923E-01 2021 01 31 04 45 02
-2.87931308E-01 2021 01 31 04 50 02
-2.69272229E-01 2021 01 31 04 55 02
-2.35024364E-01 2021 01 31 05 00 02
-2.14218621E-01 2021 01 31 05 05 03
-1.84716924E-01 2021 01 31 05 10 02
-1.49162671E-01 2021 01 31 05 15 02
-1.05426154E-01 2021 01 31 05 20 02
-8.47380228E-02 2021 01 31 05 25 02
-1.71539311E-02 2021 01 31 05 30 02
-4.07203814E-02 2021 01 31 05 35 02
-1.64473637E-02 2021 01 31 05 40 03
-3.31735622E-02 2021 01 31 05 45 02
+3.16458582E-02 2021 01 31 05 50 02
+7.22422100E-02 2021 01 31 05 55 02
+9.35477817E-02 2021 01 31 06 00 02
+2.01038205E-01 2021 01 31 06 05 03
+1.32890206E-01 2021 01 31 06 10 02
+1.59102242E-01 2021 01 31 06 15 02
+2.73616766E-01 2021 01 31 06 20 02
+2.30660704E-01 2021 01 31 06 25 02
+2.07925320E-01 2021 01 31 06 30 02
+2.53478752E-01 2021 01 31 06 35 02
+2.10778236E-01 2021 01 31 06 40 02
+2.35349006E-01 2021 01 31 06 45 02
+2.11913633E-01 2021 01 31 06 50 02
+3.08680534E-01 2021 01 31 06 55 02
+2.84681123E-01 2021 01 31 07 00 02
+2.91940052E-01 2021 01 31 07 05 03
+3.25379512E-01 2021 01 31 07 10 02
+3.13923871E-01 2021 01 31 07 15 02
+3.55562066E-01 2021 01 31 07 20 02
+2.96348434E-01 2021 01 31 07 25 02
+2.66595535E-01 2021 01 31 07 30 03
+2.94260813E-01 2021 01 31 07 35 02
+2.88360782E-01 2021 01 31 07 40 02
+3.36233270E-01 2021 01 31 07 45 02
+3.84852229E-01 2021 01 31 07 50 02
+3.17528581E-01 2021 01 31 07 55 02
+3.38108649E-01 2021 01 31 08 00 02
+2.65258263E-01 2021 01 31 08 05 02
+2.87644029E-01 2021 01 31 08 10 02
+3.12729420E-01 2021 01 31 08 15 02
+2.62189055E-01 2021 01 31 08 20 02
+2.47016806E-01 2021 01 31 08 25 02
+2.92228951E-01 2021 01 31 08 30 03
+2.65995723E-01 2021 01 31 08 35 02
+2.25381784E-01 2021 01 31 08 40 02
+2.08908001E-01 2021 01 31 08 45 02
+1.75073987E-01 2021 01 31 08 50 02
+2.58858335E-01 2021 01 31 08 55 02
+2.18001860E-01 2021 01 31 09 00 02
+2.78445013E-01 2021 01 31 09 05 02
+2.23361107E-01 2021 01 31 09 10 02
+2.60009204E-01 2021 01 31 09 15 02
+3.07060375E-01 2021 01 31 09 20 02
+1.63053652E-01 2021 01 31 09 25 02
+1.99957549E-01 2021 01 31 09 30 02
+9.45027330E-02 2021 01 31 09 35 02
+1.63839108E-01 2021 01 31 09 40 02
+2.46402994E-01 2021 01 31 09 45 02
+1.94787414E-01 2021 01 31 09 50 02
+1.88739631E-01 2021 01 31 09 55 02
+1.80414601E-01 2021 01 31 10 00 02
+2.00448932E-01 2021 01 31 10 05 02
+2.46244069E-01 2021 01 31 10 10 02
+1.57951962E-01 2021 01 31 10 15 02
+1.87197711E-01 2021 01 31 10 20 03
+1.29628479E-01 2021 01 31 10 25 02
+1.46767953E-01 2021 01 31 10 30 02
+1.25274537E-01 2021 01 31 10 35 02
+1.81716630E-01 2021 01 31 10 40 02
+9.59760207E-02 2021 01 31 10 45 02
-1.77172098E-02 2021 01 31 10 50 02
+9.12003178E-02 2021 01 31 10 55 02
-1.90663552E-02 2021 01 31 11 00 02
+5.98193495E-02 2021 01 31 11 05 02
+1.70399887E-02 2021 01 31 11 10 02
+2.78662112E-02 2021 01 31 11 15 02
-1.32303373E-02 2021 01 31 11 20 02
-2.82343535E-02 2021 01 31 11 25 02
-2.84930366E-02 2021 01 31 11 30 02
-1.64931330E-01 2021 01 31 11 35 02
-8.33981552E-02 2021 01 31 11 40 02
-1.12716712E-01 2021 01 31 11 45 03
-8.92282880E-02 2021 01 31 11 50 02
-1.87004888E-01 2021 01 31 11 55 02
-2.04188400E-01 2021 01 31 12 00 02
-1.87314679E-01 2021 01 31 12 05 02
-3.09149139E-01 2021 01 31 12 10 03
-2.48692543E-01 2021 01 31 12 15 02
-2.15858940E-01 2021 01 31 12 20 02
-2.55871642E-01 2021 01 31 12 25 02
-2.78104134E-01 2021 01 31 12 30 02
-3.27890600E-01 2021 01 31 12 35 02
-3.25781643E-01 2021 01 31 12 40 02
-4.20483095E-01 2021 01 31 12 45 02
-4.33954798E-01 2021 01 31 12 50 02
-5.36450363E-01 2021 01 31 12 55 02
-3.73995418E-01 2021 01 31 13 00 02
-4.92795570E-01 2021 01 31 13 05 02
-5.65128578E-01 2021 01 31 13 10 03
-5.27995615E-01 2021 01 31 13 15 02
-6.75310993E-01 2021 01 31 13 20 02
-6.21481870E-01 2021 01 31 13 25 02
-6.51272685E-01 2021 01 31 13 30 02
-5.97945414E-01 2021 01 31 13 35 03
-6.59387296E-01 2021 01 31 13 40 02
-6.93009330E-01 2021 01 31 13 45 02
-7.28775486E-01 2021 01 31 13 50 02
-7.51186070E-01 2021 01 31 13 55 02
-7.38985573E-01 2021 01 31 14 00 02
-7.48648469E-01 2021 01 31 14 05 02
-6.81957846E-01 2021 01 31 14 10 02
-7.81350982E-01 2021 01 31 14 15 02
-7.85713939E-01 2021 01 31 14 20 02
-7.16034897E-01 2021 01 31 14 25 02
-8.81923125E-01 2021 01 31 14 30 02
-8.14475392E-01 2021 01 31 14 35 03
-7.93272855E-01 2021 01 31 14 40 02
-7.71017691E-01 2021 01 31 14 45 02
-8.24269479E-01 2021 01 31 14 50 02
-8.20597311E-01 2021 01 31 14 55 02
-7.85124232E-01 2021 01 31 15 00 02
-8.09980361E-01 2021 01 31 15 05 02
-8.06740655E-01 2021 01 31 15 10 02
-7.69398713E-01 2021 01 31 15 15 02
-7.06837253E-01 2021 01 31 15 20 02
-7.60045036E-01 2021 01 31 15 25 02
-7.59387140E-01 2021 01 31 15 30 02
-7.64852388E-01 2021 01 31 15 35 02
-9.10676676E-01 2021 01 31 15 40 02
-7.68117620E-01 2021 01 31 15 45 02
-7.17398876E-01 2021 01 31 15 50 02
-6.26308924E-01 2021 01 31 15 55 02
-7.38592394E-01 2021 01 31 16 00 03
-7.28803238E-01 2021 01 31 16 05 02
-6.93002165E-01 2021 01 31 16 10 02
-6.78686966E-01 2021 01 31 16 15 02
-6.85291668E-01 2021 01 31 16 20 02
-7.29040779E-01 2021 01 31 16 25 03
-5.82083430E-01 2021 01 31 16 30 02
-6.89147312E-01 2021 01 31 16 35 02
-6.20481177E-01 2021 01 31 16 40 02
-5.87319524E-01 2021 01 31 16 45 02
-6.09680562E-01 2021 01 31 16 50 02
-5.61176714E-01 2021 01 31 16 55 02
-5.45127544E-01 2021 01 31 17 00 02
-4.88656532E-01 2021 01 31 17 05 02
-5.34049114E-01 2021 01 31 17 10 02
-4.71291608E-01 2021 01 31 17 15 02
-5.00428092E-01 2021 01 31 17 20 02
-4.61586413E-01 2021 01 31 17 25 03
-4.44053102E-01 2021 01 31 17 30 02
-4.55738265E-01 2021 01 31 17 35 02
-3.70222155E-01 2021 01 31 17 40 02
-3.40978383E-01 2021 01 31 17 45 02
-3.53745385E-01 2021 01 31 17 50 03
-2.52827193E-01 2021 01 31 17 55 02
-3.25868521E-01 2021 01 31 18 00 02
-3.16006754E-01 2021 01 31 18 05 02
-3.57310446E-01 2021 01 31 18 10 02
-2.58537610E-01 2021 01 31 18 15 02
-2.55280760E-01 2021 01 31 18 20 02
-2.45458218E-01 2021 01 31 18 25 02
-2.12756132E-01 2021 01 31 18 30 02
-1.94630339E-01 2021 01 31 18 35 02
-1.78089449E-01 2021 01 31 18 40 02
-1.43137294E-01 2021 01 31 18 45 02
-1.23637897E-01 2021 01 31 18 50 03
-1.21827422E-01 2021 01 31 18 55 02
-1.32461255E-01 2021 01 31 19 00 02
-9.51691362E-02 2021 01 31 19 05 02
-1.50150156E-01 2021 01 31 19 10 02
-5.16553757E-02 2021 01 31 19 15 03
-3.91012249E-02 2021 01 31 19 20 02
-1.65730950E-02 2021 01 31 19 25 02
-4.57731465E-02 2021 01 31 19 30 02
-5.69310561E-02 2021 01 31 19 35 02
-2.67314935E-02 2021 01 31 19 40 02
-6.13993223E-02 2021 01 31 19 45 02
-4.46422450E-02 2021 01 31 19 50 02
-9.96686016E-03 2021 01 31 19 55 02
-3.73099720E-02 2021 01 31 20 00 02
-5.20331039E-02 2021 01 31 20 05 02
+7.24965201E-03 2021 01 31 20 10 02
-6.81902473E-03 2021 01 31 20 15 02
-1.48400933E-02 2021 01 31 20 20 02
-6.54449931E-02 2021 01 31 20 25 02
-4.58600376E-02 2021 01 31 20 30 02
-1.84077011E-02 2021 01 31 20 35 02
+1.89226786E-02 2021 01 31 20 40 03
+1.52890358E-02 2021 01 31 20 45 02
-1.20760291E-02 2021 01 31 20 50 02
-4.43929895E-02 2021 01 31 20 55 02
-3.64270645E-02 2021 01 31 21 00 02
-8.69489178E-02 2021 01 31 21 05 03
-5.07931582E-02 2021 01 31 21 10 02
+1.21025854E-02 2021 01 31 21 15 02
-1.16968114E-01 2021 01 31 21 20 02
+3.40111547E-02 2021 01 31 21 25 02
-6.14276445E-02 2021 01 31 21 30 02
-1.50553684E-01 2021 01 31 21 35 02
-1.84305764E-01 2021 01 31 21 40 02
-1.44972250E-01 2021 01 31 21 45 02
-1.68904156E-01 2021 01 31 21 50 02
-8.86414483E-02 2021 01 31 21 55 02
-1.40539919E-01 2021 01 31 22 00 02
-2.18192412E-01 2021 01 31 22 05 03
-2.42323425E-01 2021 01 31 22 10 02
-2.51006132E-01 2021 01 31 22 15 02
-2.70668848E-01 2021 01 31 22 20 02
-3.13966034E-01 2021 01 31 22 25 02
-3.00601447E-01 2021 01 31 22 30 03
-2.94076974E-01 2021 01 31 22 35 02
-3.07132394E-01 2021 01 31 22 40 02
-3.83717729E-01 2021 01 31 22 45 02
-4.08227259E-01 2021 01 31 22 50 02
-4.20014702E-01 2021 01 31 22 55 02
-4.38227714E-01 2021 01 31 23 00 02
-4.12866933E-01 2021 01 31 23 05 02
-4.72479871E-01 2021 01 31 23 10 02
-5.41218018E-01 2021 01 31 23 15 02
-5.40390424E-01 2021 01 31 23 20 02
-5.32775830E-01 2021 01 31 23 25 02
-6.04216148E-01 2021 01 31 23 30 02
-6.33691885E-01 2021 01 31 23 35 02
-6.72033890E-01 2021 01 31 23 40 02
-6.67975136E-01 2021 01 31 23 45 02
-6.83550224E-01 2021 01 31 23 50 02
-7.19851144E-01 2021 01 31 23 55 03
