-7.50058023E-01 2021 01 27 00 00 02
-7.12554665E-01 2021 01 27 00 05 02
-7.23446812E-01 2021 01 27 00 10 02
-7.56753578E-01 2021 01 27 00 15 02
-7.63517925E-01 2021 01 27 00 20 02
-7.49402254E-01 2021 01 27 00 25 02
-7.47338979E-01 2021 01 27 00 30 02
-6.94757221E-01 2021 01 27 00 35 02
-6.61964533E-01 2021 01 27 00 40 02
-6.53266002E-01 2021 01 27 00 45 02
-6.94344752E-01 2021 01 27 00 50 02
-7.04995762E-01 2021 01 27 00 55 02
-6.29981694E-01 2021 01 27 01 00 02
-5.33596628E-01 2021 01 27 01 05 02
-5.67087414E-01 2021 01 27 01 10 03
-5.89426917E-01 2021 01 27 01 15 02
-6.62056395E-01 2021 01 27 01 20 02
-6.75470590E-01 2021 01 27 01 25 02
-7.22296291E-01 2021 01 27 01 30 02
-6.26107989E-01 2021 01 27 01 35 02
-5.47516469E-01 2021 01 27 01 40 02
-5.51151462E-01 2021 01 27 01 45 02
-5.12319574E-01 2021 01 27 01 50 02
-4.14163132E-01 2021 01 27 01 55 02
-4.70999104E-01 2021 01 27 02 00 02
-4.04791283E-01 2021 01 27 02 05 02
-3.89001923E-01 2021 01 27 02 10 03
-3.99225807E-01 2021 01 27 02 15 02
-4.27307413E-01 2021 01 27 02 20 02
-4.47967509E-01 2021 01 27 02 25 02
-1.68476800E-01 2021 01 27 02 30 02
-1.21951959E-01 2021 01 27 02 35 03
-5.38034919E-02 2021 01 27 02 40 02
-9.83141869E-02 2021 01 27 02 45 02
-8.86112323E-02 2021 01 27 02 50 02
+6.85173252E-02 2021 01 27 02 55 02
+3.71761187E-02 2021 01 27 03 00 02
+3.55161734E-02 2021 01 27 03 05 02
+8.83970578E-03 2021 01 27 03 10 02
-7.30419186E-02 2021 01 27 03 15 02
-1.28021298E-01 2021 01 27 03 20 02
-2.22357803E-03 2021 01 27 03 25 02
-8.96463852E-02 2021 01 27 03 30 02
-1.01733226E-01 2021 01 27 03 35 02
-1.01152847E-01 2021 01 27 03 40 02
-7.79720423E-02 2021 01 27 03 45 02
+2.51650340E-02 2021 01 27 03 50 02
+9.44363184E-02 2021 01 27 03 55 02
-3.83759328E-02 2021 01 27 04 00 03
+1.35400676E-01 2021 01 27 04 05 02
+4.86249953E-02 2021 01 27 04 10 02
+1.72352550E-01 2021 01 27 04 15 02
+1.45754902E-01 2021 01 27 04 20 02
+4.38394634E-02 2021 01 27 04 25 02
+1.46719321E-02 2021 01 27 04 30 02
+1.48468392E-02 2021 01 27 04 35 02
-5.57462068E-02 2021 01 27 04 40 02
+1.77489850E-02 2021 01 27 04 45 02
+7.39629747E-02 2021 01 27 04 50 02
+3.99179382E-02 2021 01 27 04 55 02
+5.49514858E-02 2021 01 27 05 00 02
+9.29348867E-02 2021 01 27 05 05 02
+1.14769587E-01 2021 01 27 05 10 02
+1.28325665E-01 2021 01 27 05 15 02
+1.76356349E-01 2021 01 27 05 20 02
+1.47230559E-01 2021 01 27 05 25 03
+1.44844550E-01 2021 01 27 05 30 02
+1.26971560E-01 2021 01 27 05 35 02
+1.66280767E-01 2021 01 27 05 40 02
+1.58301370E-01 2021 01 27 05 45 02
+2.01325304E-01 2021 01 27 05 50 03
+1.83292270E-01 2021 01 27 05 55 02
+2.46399234E-01 2021 01 27 06 00 02
+1.57717080E-01 2021 01 27 06 05 02
+1.77328519E-01 2021 01 27 06 10 02
+1.80167832E-01 2021 01 27 06 15 02
+1.09324603E-01 2021 01 27 06 20 02
+1.49500448E-01 2021 01 27 06 25 02
+1.50703113E-01 2021 01 27 06 30 02
+2.14350540E-01 2021 01 27 06 35 02
+1.69440501E-01 2021 01 27 06 40 02
+1.98402182E-01 2021 01 27 06 45 02
+2.43861076E-01 2021 01 27 06 50 03
+2.66671717E-01 2021 01 27 06 55 02
+1.95165405E-01 2021 01 27 07 00 02
+2.67695451E-01 2021 01 27 07 05 02
+2.87623640E-01 2021 01 27 07 10 02
+1.93149499E-01 2021 01 27 07 15 03
+2.25396811E-01 2021 01 27 07 20 02
+2.68616100E-01 2021 01 27 07 25 02
+2.66878983E-01 2021 01 27 07 30 02
+1.27591824E-01 2021 01 27 07 35 02
+2.27563563E-01 2021 01 27 07 40 02
+1.62423773E-01 2021 01 27 07 45 02
+5.86429671E-02 2021 01 27 07 50 02
+1.46160344E-01 2021 01 27 07 55 02
+3.69293587E-02 2021 01 27 08 00 02
+9.31294295E-03 2021 01 27 08 05 02
+1.78044798E-02 2021 01 27 08 10 02
+5.73552648E-02 2021 01 27 08 15 02
-9.24366332E-02 2021 01 27 08 20 02
-7.30892094E-02 2021 01 27 08 25 02
-7.15189275E-02 2021 01 27 08 30 02
-3.01577674E-02 2021 01 27 08 35 02
-7.79209197E-02 2021 01 27 08 40 03
-1.06989874E-01 2021 01 27 08 45 02
-5.54435484E-02 2021 01 27 08 50 02
-1.36057977E-01 2021 01 27 08 55 02
-3.29788625E-03 2021 01 27 09 00 02
-1.66355321E-01 2021 01 27 09 05 02
-1.43959567E-01 2021 01 27 09 10 02
-2.05950121E-01 2021 01 27 09 15 02
-3.06729054E-01 2021 01 27 09 20 02
-3.12786804E-01 2021 01 27 09 25 02
-2.85738756E-01 2021 01 27 09 30 02
-2.45514694E-01 2021 01 27 09 35 02
-2.01651716E-01 2021 01 27 09 40 03
-2.81539426E-01 2021 01 27 09 45 02
-3.24082609E-01 2021 01 27 09 50 02
-3.78905270E-01 2021 01 27 09 55 02
-4.19034622E-01 2021 01 27 10 00 02
-3.43437116E-01 2021 01 27 10 05 03
-3.57400206E-01 2021 01 27 10 10 02
-4.05553238E-01 2021 01 27 10 15 02
-4.28111752E-01 2021 01 27 10 20 02
-4.94175690E-01 2021 01 27 10 25 02
-4.89191059E-01 2021 01 27 10 30 02
-5.71428754E-01 2021 01 27 10 35 02
-5.99597500E-01 2021 01 27 10 40 02
-6.11351555E-01 2021 01 27 10 45 02
-6.51468085E-01 2021 01 27 10 50 02
-6.83133532E-01 2021 01 27 10 55 02
-6.27152365E-01 2021 01 27 11 00 02
-6.46500562E-01 2021 01 27 11 05 03
-7.51851035E-01 2021 01 27 11 10 02
-8.70458704E-01 2021 01 27 11 15 02
-5.89560261E-01 2021 01 27 11 20 02
-7.25854878E-01 2021 01 27 11 25 02
-8.01187331E-01 2021 01 27 11 30 02
-7.84064627E-01 2021 01 27 11 35 02
-7.52464063E-01 2021 01 27 11 40 02
-8.74000303E-01 2021 01 27 11 45 02
-8.35916590E-01 2021 01 27 11 50 02
-1.00350590E+00 2021 01 27 11 55 02
-8.76733438E-01 2021 01 27 12 00 02
-9.54978077E-01 2021 01 27 12 05 03
-7.85458947E-01 2021 01 27 12 10 02
-8.13740141E-01 2021 01 27 12 15 02
-7.88907510E-01 2021 01 27 12 20 02
-7.43948378E-01 2021 01 27 12 25 02
-7.28139166E-01 2021 01 27 12 30 03
-7.02886931E-01 2021 01 27 12 35 02
-6.09523600E-01 2021 01 27 12 40 02
-5.90617258E-01 2021 01 27 12 45 02
-6.18086855E-01 2021 01 27 12 50 02
-5.76158558E-01 2021 01 27 12 55 02
-5.68977359E-01 2021 01 27 13 00 02
-7.80896824E-01 2021 01 27 13 05 02
-5.25291134E-01 2021 01 27 13 10 02
-5.69078308E-01 2021 01 27 13 15 02
-6.98952619E-01 2021 01 27 13 20 02
-5.83642060E-01 2021 01 27 13 25 02
-5.30684382E-01 2021 01 27 13 30 03
-4.90035982E-01 2021 01 27 13 35 02
-5.74530321E-01 2021 01 27 13 40 02
-5.43987708E-01 2021 01 27 13 45 02
-6.27336132E-01 2021 01 27 13 50 02
-5.73176273E-01 2021 01 27 13 55 03
-5.51784059E-01 2021 01 27 14 00 02
-5.98654617E-01 2021 01 27 14 05 02
-8.17578592E-01 2021 01 27 14 10 02
-7.59729606E-01 2021 01 27 14 15 02
-8.09068403E-01 2021 01 27 14 20 02
-7.22391532E-01 2021 01 27 14 25 02
-8.96357247E-01 2021 01 27 14 30 02
-8.64325986E-01 2021 01 27 14 35 02
-7.68130796E-01 2021 01 27 14 40 02
-4.79114034E-01 2021 01 27 14 45 02
-5.59608035E-01 2021 01 27 14 50 02
-4.59393119E-01 2021 01 27 14 55 03
-3.86138708E-01 2021 01 27 15 00 02
-4.82119878E-01 2021 01 27 15 05 02
-4.16915253E-01 2021 01 27 15 10 02
-4.89900352E-01 2021 01 27 15 15 02
-5.34373240E-01 2021 01 27 15 20 02
-5.47546307E-01 2021 01 27 15 25 02
-4.21034834E-01 2021 01 27 15 30 02
-4.85655263E-01 2021 01 27 15 35 02
-4.38907186E-01 2021 01 27 15 40 02
-4.95156812E-01 2021 01 27 15 45 02
-4.67403559E-01 2021 01 27 15 50 02
-4.08121338E-01 2021 01 27 15 55 02
-4.48527188E-01 2021 01 27 16 00 02
-5.01925384E-01 2021 01 27 16 05 02
-3.80789856E-01 2021 01 27 16 10 02
-5.04255459E-01 2021 01 27 16 15 02
-3.34579935E-01 2021 01 27 16 20 03
-4.13645447E-01 2021 01 27 16 25 02
-4.05666919E-01 2021 01 27 16 30 02
-3.62543085E-01 2021 01 27 16 35 02
-3.83820780E-01 2021 01 27 16 40 02
-3.05982592E-01 2021 01 27 16 45 03
-3.70280330E-01 2021 01 27 16 50 02
-3.54404194E-01 2021 01 27 16 55 02
-1.53995902E-01 2021 01 27 17 00 02
-3.21797712E-01 2021 01 27 17 05 02
-2.50939699E-01 2021 01 27 17 10 03
-2.34397625E-01 2021 01 27 17 15 02
-1.96149083E-01 2021 01 27 17 20 02
-2.68589819E-01 2021 01 27 17 25 02
-2.03136680E-01 2021 01 27 17 30 02
-2.80685145E-01 2021 01 27 17 35 02
-2.04318869E-01 2021 01 27 17 40 02
-2.32694723E-01 2021 01 27 17 45 02
-2.74098048E-01 2021 01 27 17 50 02
-2.47878422E-01 2021 01 27 17 55 02
-2.40318772E-01 2021 01 27 18 00 02
-2.07167310E-01 2021 01 27 18 05 02
-1.49229464E-01 2021 01 27 18 10 02
-1.97897997E-01 2021 01 27 18 15 02
-3.36690423E-01 2021 01 27 18 20 02
-2.73544719E-01 2021 01 27 18 25 02
-3.30973049E-01 2021 01 27 18 30 02
-3.85772808E-01 2021 01 27 18 35 03
-3.27893482E-01 2021 01 27 18 40 02
-2.07074121E-01 2021 01 27 18 45 02
-3.15260179E-01 2021 01 27 18 50 02
-3.02626539E-01 2021 01 27 18 55 02
-2.12109976E-01 2021 01 27 19 00 03
-2.52242690E-01 2021 01 27 19 05 02
-3.44500290E-01 2021 01 27 19 10 02
-2.70503733E-01 2021 01 27 19 15 02
-3.84610834E-01 2021 01 27 19 20 02
-2.60825075E-01 2021 01 27 19 25 02
-3.46666272E-01 2021 01 27 19 30 02
-4.34074434E-01 2021 01 27 19 35 03
-5.10821746E-01 2021 01 27 19 40 02
-5.47399994E-01 2021 01 27 19 45 02
-6.77765972E-01 2021 01 27 19 50 02
-7.46637148E-01 2021 01 27 19 55 02
-7.00142649E-01 2021 01 27 20 00 03
-7.17145578E-01 2021 01 27 20 05 02
-7.68911496E-01 2021 01 27 20 10 02
-6.46702872E-01 2021 01 27 20 15 02
-6.36305101E-01 2021 01 27 20 20 02
-4.64913671E-01 2021 01 27 20 25 02
-5.07398924E-01 2021 01 27 20 30 02
-3.83387542E-01 2021 01 27 20 35 03
-3.01268733E-01 2021 01 27 20 40 02
-3.89593145E-01 2021 01 27 20 45 02
-3.95587153E-01 2021 01 27 20 50 02
-4.86141244E-01 2021 01 27 20 55 02
-5.26838507E-01 2021 01 27 21 00 02
-6.72102113E-01 2021 01 27 21 05 02
-6.00422388E-01 2021 01 27 21 10 02
-4.77215163E-01 2021 01 27 21 15 02
-5.63902226E-01 2021 01 27 21 20 02
-7.26994117E-01 2021 01 27 21 25 02
-6.77820236E-01 2021 01 27 21 30 02
-6.23295033E-01 2021 01 27 21 35 03
-7.25573571E-01 2021 01 27 21 40 02
-6.84912686E-01 2021 01 27 21 45 02
-7.30510140E-01 2021 01 27 21 50 02
-7.54388237E-01 2021 01 27 21 55 02
-7.84682966E-01 2021 01 27 22 00 03
-6.32527830E-01 2021 01 27 22 05 02
-7.64372944E-01 2021 01 27 22 10 02
-7.63243608E-01 2021 01 27 22 15 02
-8.26441249E-01 2021 01 27 22 20 02
-7.75691736E-01 2021 01 27 22 25 02
-7.67101449E-01 2021 01 27 22 30 02
-8.41592245E-01 2021 01 27 22 35 02
-7.43008627E-01 2021 01 27 22 40 02
-7.74297458E-01 2021 01 27 22 45 02
-8.28719062E-01 2021 01 27 22 50 02
-8.92266814E-01 2021 01 27 22 55 02
-9.36003563E-01 2021 01 27 23 00 03
-8.34788957E-01 2021 01 27 23 05 02
-8.96851899E-01 2021 01 27 23 10 02
-8.65860496E-01 2021 01 27 23 15 02
-8.63051916E-01 2021 01 27 23 20 02
-9.59788574E-01 2021 01 27 23 25 02
-7.96112220E-01 2021 01 27 23 30 02
-8.87036728E-01 2021 01 27 23 35 02
-8.83852088E-01 2021 01 27 23 40 02
-8.14001528E-01 2021 01 27 23 45 02
-8.68320626E-01 2021 01 27 23 50 02
-7.49104561E-01 2021 01 27 23 55 02
