+2.80669312E-01 2021 01 06 00 00 02
+9.65960393E-02 2021 01 06 00 05 02
-2.94529852E-01 2021 01 06 00 10 02
-5.76157657E-01 2021 01 06 00 15 02
-6.94902112E-01 2021 01 06 00 20 02
-3.81997685E-01 2021 01 06 00 25 02
-3.79431441E-01 2021 01 06 00 30 02
-1.63911572E-01 2021 01 06 00 35 02
-8.49507367E-02 2021 01 06 00 40 03
+7.41218504E-02 2021 01 06 00 45 02
-9.57495889E-02 2021 01 06 00 50 02
+4.59476515E-02 2021 01 06 00 55 02
-9.54180511E-02 2021 01 06 01 00 02
-1.71135117E-01 2021 01 06 01 05 03
-3.04933105E-01 2021 01 06 01 10 02
-1.37350497E-01 2021 01 06 01 15 02
-1.91006749E-01 2021 01 06 01 20 02
-3.46643525E-02 2021 01 06 01 25 02
-3.88464781E-02 2021 01 06 01 30 02
-9.01123617E-02 2021 01 06 01 35 02
-1.63995453E-01 2021 01 06 01 40 02
-2.58445357E-02 2021 01 06 01 45 02
+2.82187557E-02 2021 01 06 01 50 02
-1.05980254E-01 2021 01 06 01 55 02
-1.32791799E-01 2021 01 06 02 00 02
-1.63150373E-01 2021 01 06 02 05 02
-2.17159366E-01 2021 01 06 02 10 02
-1.95084119E-01 2021 01 06 02 15 02
-1.68025318E-01 2021 01 06 02 20 02
-2.60633420E-01 2021 01 06 02 25 02
-2.13999821E-01 2021 01 06 02 30 03
-2.51583385E-01 2021 01 06 02 35 02
-2.62759869E-01 2021 01 06 02 40 02
-3.17389402E-01 2021 01 06 02 45 02
-3.30458781E-01 2021 01 06 02 50 02
-3.28524440E-01 2021 01 06 02 55 02
-3.75573689E-01 2021 01 06 03 00 02
-4.61633979E-01 2021 01 06 03 05 02
-5.73677639E-01 2021 01 06 03 10 02
-5.30346980E-01 2021 01 06 03 15 02
-3.99648701E-01 2021 01 06 03 20 02
-3.46979985E-01 2021 01 06 03 25 02
-5.59364447E-01 2021 01 06 03 30 03
-4.97682286E-01 2021 01 06 03 35 02
-4.62139363E-01 2021 01 06 03 40 02
-4.31634065E-01 2021 01 06 03 45 02
-4.28313740E-01 2021 01 06 03 50 02
-4.07527010E-01 2021 01 06 03 55 03
-4.84794776E-01 2021 01 06 04 00 02
-5.38189529E-01 2021 01 06 04 05 02
-5.16949524E-01 2021 01 06 04 10 02
-5.01192903E-01 2021 01 06 04 15 02
-5.51115915E-01 2021 01 06 04 20 02
-6.23965172E-01 2021 01 06 04 25 02
-6.46952900E-01 2021 01 06 04 30 02
-6.16338790E-01 2021 01 06 04 35 02
-6.57052543E-01 2021 01 06 04 40 02
-6.22461960E-01 2021 01 06 04 45 02
-5.96926396E-01 2021 01 06 04 50 02
-5.75005911E-01 2021 01 06 04 55 02
-5.62743882E-01 2021 01 06 05 00 02
-5.87733790E-01 2021 01 06 05 05 02
-5.65445057E-01 2021 01 06 05 10 02
-6.25178321E-01 2021 01 06 05 15 02
-6.07267495E-01 2021 01 06 05 20 03
-6.38977839E-01 2021 01 06 05 25 02
-6.06977866E-01 2021 01 06 05 30 02
-6.73796270E-01 2021 01 06 05 35 02
-5.42328572E-01 2021 01 06 05 40 02
-6.26269014E-01 2021 01 06 05 45 03
-6.18720332E-01 2021 01 06 05 50 02
-5.04560770E-01 2021 01 06 05 55 02
-5.58435988E-01 2021 01 06 06 00 02
-4.78959397E-01 2021 01 06 06 05 02
-5.15185759E-01 2021 01 06 06 10 02
-5.67390041E-01 2021 01 06 06 15 02
-5.86853774E-01 2021 01 06 06 20 02
-5.94808336E-01 2021 01 06 06 25 02
-4.61424897E-01 2021 01 06 06 30 02
-3.93609404E-01 2021 01 06 06 35 02
-3.50076578E-01 2021 01 06 06 40 02
-4.72189782E-01 2021 01 06 06 45 03
-4.11977666E-01 2021 01 06 06 50 02
-4.17009232E-01 2021 01 06 06 55 02
-4.53232304E-01 2021 01 06 07 00 02
-4.21923192E-01 2021 01 06 07 05 02
-3.95569087E-01 2021 01 06 07 10 02
-3.96819597E-01 2021 01 06 07 15 02
-4.50201501E-01 2021 01 06 07 20 02
-3.44659625E-01 2021 01 06 07 25 02
-3.79875664E-01 2021 01 06 07 30 02
-4.21656128E-01 2021 01 06 07 35 02
-5.86586004E-01 2021 01 06 07 40 02
-4.24353030E-01 2021 01 06 07 45 02
-5.35377808E-01 2021 01 06 07 50 02
-6.59609098E-01 2021 01 06 07 55 02
-6.26506870E-01 2021 01 06 08 00 02
-6.56856602E-01 2021 01 06 08 05 02
-6.17494203E-01 2021 01 06 08 10 03
-4.36683775E-01 2021 01 06 08 15 02
-4.28190133E-01 2021 01 06 08 20 02
-1.90666338E-02 2021 01 06 08 25 02
-7.38622769E-02 2021 01 06 08 30 02
-2.41217534E-01 2021 01 06 08 35 03
-2.90858624E-01 2021 01 06 08 40 02
-3.77540774E-01 2021 01 06 08 45 02
-3.25229346E-01 2021 01 06 08 50 02
-3.03048610E-01 2021 01 06 08 55 02
-2.90167815E-01 2021 01 06 09 00 02
-2.74431600E-01 2021 01 06 09 05 02
-2.66369723E-01 2021 01 06 09 10 03
-3.71751972E-01 2021 01 06 09 15 02
-2.02738274E-01 2021 01 06 09 20 02
-5.98681556E-02 2021 01 06 09 25 02
-3.15171931E-01 2021 01 06 09 30 02
-2.21668872E-01 2021 01 06 09 35 03
-1.14600006E-01 2021 01 06 09 40 02
-2.09759551E-01 2021 01 06 09 45 02
-1.24550794E-01 2021 01 06 09 50 02
-2.36255969E-01 2021 01 06 09 55 02
-1.43086934E-01 2021 01 06 10 00 02
-1.26012664E-01 2021 01 06 10 05 02
+6.50901253E-02 2021 01 06 10 10 02
+4.52788419E-02 2021 01 06 10 15 02
-1.61562079E-02 2021 01 06 10 20 02
+4.54300576E-02 2021 01 06 10 25 02
-7.41752321E-02 2021 01 06 10 30 02
+2.32429752E-01 2021 01 06 10 35 02
+2.13778169E-01 2021 01 06 10 40 02
+3.68678704E-02 2021 01 06 10 45 02
+4.96705219E-02 2021 01 06 10 50 02
-2.59035361E-03 2021 01 06 10 55 02
-5.66431324E-02 2021 01 06 11 00 03
-1.05914918E-01 2021 01 06 11 05 02
+1.01991678E-01 2021 01 06 11 10 02
+9.68757283E-02 2021 01 06 11 15 02
+3.29397869E-01 2021 01 06 11 20 02
+3.72248234E-01 2021 01 06 11 25 02
+3.01604257E-01 2021 01 06 11 30 02
+3.18099281E-01 2021 01 06 11 35 02
+3.79101193E-01 2021 01 06 11 40 02
+5.02054203E-01 2021 01 06 11 45 02
+6.77680659E-01 2021 01 06 11 50 02
+5.86407388E-01 2021 01 06 11 55 02
+5.08919957E-01 2021 01 06 12 00 02
+4.31358107E-01 2021 01 06 12 05 02
+4.06613721E-01 2021 01 06 12 10 02
+2.52339222E-01 2021 01 06 12 15 02
+2.19954541E-01 2021 01 06 12 20 02
+2.86917004E-01 2021 01 06 12 25 03
+2.46935141E-01 2021 01 06 12 30 02
+1.91665258E-01 2021 01 06 12 35 02
+3.06934841E-02 2021 01 06 12 40 02
+1.15489672E-01 2021 01 06 12 45 02
+1.32636151E-01 2021 01 06 12 50 02
+4.38823116E-02 2021 01 06 12 55 02
-9.57105560E-02 2021 01 06 13 00 02
-2.92092480E-01 2021 01 06 13 05 02
-1.74240169E-01 2021 01 06 13 10 02
-3.47177601E-01 2021 01 06 13 15 02
-2.66652261E-01 2021 01 06 13 20 02
-3.19064251E-01 2021 01 06 13 25 02
-3.26285669E-01 2021 01 06 13 30 02
-3.32689022E-01 2021 01 06 13 35 02
-3.64784226E-01 2021 01 06 13 40 02
-2.26668987E-01 2021 01 06 13 45 02
-3.76542805E-01 2021 01 06 13 50 02
-3.11537056E-01 2021 01 06 13 55 02
-3.38861622E-01 2021 01 06 14 00 02
-4.06449431E-01 2021 01 06 14 05 02
-3.49431710E-01 2021 01 06 14 10 02
-3.72336780E-01 2021 01 06 14 15 03
-2.95487210E-01 2021 01 06 14 20 02
-3.28937820E-01 2021 01 06 14 25 02
-3.70929012E-01 2021 01 06 14 30 02
-3.23400983E-01 2021 01 06 14 35 02
-3.43224170E-01 2021 01 06 14 40 02
-4.00413230E-01 2021 01 06 14 45 02
-4.86102466E-01 2021 01 06 14 50 02
-3.83927139E-01 2021 01 06 14 55 02
-4.17350941E-01 2021 01 06 15 00 02
-2.85374038E-01 2021 01 06 15 05 02
-2.96893869E-01 2021 01 06 15 10 02
-5.98958089E-01 2021 01 06 15 15 03
-6.65795766E-01 2021 01 06 15 20 02
-8.38938281E-01 2021 01 06 15 25 02
-8.61182001E-01 2021 01 06 15 30 02
-9.12786770E-01 2021 01 06 15 35 02
-8.66139489E-01 2021 01 06 15 40 02
-8.48924371E-01 2021 01 06 15 45 02
-8.10599220E-01 2021 01 06 15 50 02
-8.96111665E-01 2021 01 06 15 55 02
-8.69083514E-01 2021 01 06 16 00 02
-6.67010547E-01 2021 01 06 16 05 02
-5.85809084E-01 2021 01 06 16 10 02
-5.56959051E-01 2021 01 06 16 15 03
-5.93478822E-01 2021 01 06 16 20 02
-6.38854413E-01 2021 01 06 16 25 02
-6.63904646E-01 2021 01 06 16 30 02
-6.15389788E-01 2021 01 06 16 35 02
-6.49047022E-01 2021 01 06 16 40 03
-6.89544445E-01 2021 01 06 16 45 02
-6.68201344E-01 2021 01 06 16 50 02
-8.69429170E-01 2021 01 06 16 55 02
-9.16939983E-01 2021 01 06 17 00 02
-7.47193184E-01 2021 01 06 17 05 02
-7.46169936E-01 2021 01 06 17 10 02
-7.85948483E-01 2021 01 06 17 15 02
-8.66317823E-01 2021 01 06 17 20 02
-8.92549680E-01 2021 01 06 17 25 02
-8.81992189E-01 2021 01 06 17 30 02
-1.06881464E+00 2021 01 06 17 35 02
-9.74242658E-01 2021 01 06 17 40 03
-8.79414102E-01 2021 01 06 17 45 02
-8.78985440E-01 2021 01 06 17 50 02
-7.91123177E-01 2021 01 06 17 55 02
-7.25858872E-01 2021 01 06 18 00 02
-7.67244414E-01 2021 01 06 18 05 02
-8.06556718E-01 2021 01 06 18 10 02
-7.21876333E-01 2021 01 06 18 15 02
-8.56265406E-01 2021 01 06 18 20 02
-8.58554273E-01 2021 01 06 18 25 02
-8.88882052E-01 2021 01 06 18 30 02
-6.94567392E-01 2021 01 06 18 35 02
-7.90895381E-01 2021 01 06 18 40 03
-6.87060682E-01 2021 01 06 18 45 02
-8.06157151E-01 2021 01 06 18 50 02
-8.81544374E-01 2021 01 06 18 55 02
-7.73065304E-01 2021 01 06 19 00 02
-7.49993523E-01 2021 01 06 19 05 03
-7.33468312E-01 2021 01 06 19 10 02
-6.41098828E-01 2021 01 06 19 15 02
-6.84185565E-01 2021 01 06 19 20 02
-6.69731950E-01 2021 01 06 19 25 02
-7.26554244E-01 2021 01 06 19 30 02
-6.34921046E-01 2021 01 06 19 35 02
-4.47030252E-01 2021 01 06 19 40 02
-6.30829620E-01 2021 01 06 19 45 02
-6.85724782E-01 2021 01 06 19 50 02
-7.45064705E-01 2021 01 06 19 55 02
-7.83655353E-01 2021 01 06 20 00 02
-6.43353781E-01 2021 01 06 20 05 03
-6.93639828E-01 2021 01 06 20 10 02
-5.38577839E-01 2021 01 06 20 15 02
-3.30254339E-01 2021 01 06 20 20 02
-4.09720169E-01 2021 01 06 20 25 02
-3.86709187E-01 2021 01 06 20 30 02
-3.01461097E-01 2021 01 06 20 35 02
-2.52764615E-01 2021 01 06 20 40 03
-5.02754583E-01 2021 01 06 20 45 02
-4.36496908E-01 2021 01 06 20 50 02
-5.19460089E-01 2021 01 06 20 55 02
-5.94159886E-01 2021 01 06 21 00 02
-5.76341623E-01 2021 01 06 21 05 03
-5.31781391E-01 2021 01 06 21 10 02
-4.62350811E-01 2021 01 06 21 15 02
-5.41741173E-01 2021 01 06 21 20 02
-4.88171564E-01 2021 01 06 21 25 02
-4.63067872E-01 2021 01 06 21 30 02
-4.80029714E-01 2021 01 06 21 35 02
-4.56553372E-01 2021 01 06 21 40 02
-5.23466793E-01 2021 01 06 21 45 02
-5.54605923E-01 2021 01 06 21 50 02
-5.39241454E-01 2021 01 06 21 55 02
-5.13046720E-01 2021 01 06 22 00 02
-4.27882061E-01 2021 01 06 22 05 02
-4.58533158E-01 2021 01 06 22 10 02
-3.76198598E-01 2021 01 06 22 15 02
-4.28648898E-01 2021 01 06 22 20 02
-3.06841755E-01 2021 01 06 22 25 02
-3.14447063E-01 2021 01 06 22 30 03
-4.00210525E-01 2021 01 06 22 35 02
-4.45172117E-01 2021 01 06 22 40 02
-4.35763122E-01 2021 01 06 22 45 02
-4.79727364E-01 2021 01 06 22 50 02
-4.48719387E-01 2021 01 06 22 55 03
-4.45445101E-01 2021 01 06 23 00 02
-3.79243979E-01 2021 01 06 23 05 02
-2.47357254E-01 2021 01 06 23 10 02
-2.94231261E-01 2021 01 06 23 15 02
-2.00302614E-01 2021 01 06 23 20 02
-1.26185562E-01 2021 01 06 23 25 02
-1.32581898E-01 2021 01 06 23 30 03
-1.34911998E-01 2021 01 06 23 35 02
-2.25186748E-01 2021 01 06 23 40 02
-2.01490880E-01 2021 01 06 23 45 02
-2.64443417E-01 2021 01 06 23 50 02
-1.98417082E-01 2021 01 06 23 55 03
