-2.26852212E-01 2021 01 07 00 00 02
-2.16678038E-01 2021 01 07 00 05 02
-2.28454769E-01 2021 01 07 00 10 02
-2.39245435E-01 2021 01 07 00 15 02
-2.33042625E-01 2021 01 07 00 20 02
-2.81273529E-01 2021 01 07 00 25 03
-3.31314659E-01 2021 01 07 00 30 02
-2.89373960E-01 2021 01 07 00 35 02
-2.63189530E-01 2021 01 07 00 40 02
-2.80313430E-01 2021 01 07 00 45 02
-2.83958603E-01 2021 01 07 00 50 03
-2.62483391E-01 2021 01 07 00 55 02
-2.49882744E-01 2021 01 07 01 00 02
-2.61783123E-01 2021 01 07 01 05 02
-1.78228589E-01 2021 01 07 01 10 02
-1.82400481E-01 2021 01 07 01 15 02
-2.32570188E-01 2021 01 07 01 20 02
-2.78051974E-01 2021 01 07 01 25 02
-2.50529535E-01 2021 01 07 01 30 02
-2.48961075E-01 2021 01 07 01 35 02
-1.92965112E-01 2021 01 07 01 40 02
-2.20551432E-01 2021 01 07 01 45 02
-2.02599368E-01 2021 01 07 01 50 02
-2.30359029E-01 2021 01 07 01 55 02
-2.82127548E-01 2021 01 07 02 00 02
-3.55125937E-01 2021 01 07 02 05 02
-3.66363635E-01 2021 01 07 02 10 02
-2.95066831E-01 2021 01 07 02 15 03
-2.07876856E-01 2021 01 07 02 20 02
-9.43268380E-02 2021 01 07 02 25 02
-1.28283791E-01 2021 01 07 02 30 02
-1.74751752E-01 2021 01 07 02 35 02
-3.11171393E-01 2021 01 07 02 40 03
-2.17291063E-01 2021 01 07 02 45 02
-1.94042883E-01 2021 01 07 02 50 02
-3.11160362E-01 2021 01 07 02 55 02
-2.75791850E-01 2021 01 07 03 00 02
-3.26116331E-01 2021 01 07 03 05 02
-3.91873819E-01 2021 01 07 03 10 02
-4.60761408E-01 2021 01 07 03 15 02
-6.75169870E-01 2021 01 07 03 20 02
-6.20405171E-01 2021 01 07 03 25 02
-6.69616195E-01 2021 01 07 03 30 02
-7.21334567E-01 2021 01 07 03 35 02
-5.95332781E-01 2021 01 07 03 40 02
-6.45731009E-01 2021 01 07 03 45 02
-6.20181987E-01 2021 01 07 03 50 02
-6.31512086E-01 2021 01 07 03 55 02
-6.61353933E-01 2021 01 07 04 00 02
-6.43177780E-01 2021 01 07 04 05 03
-6.09586351E-01 2021 01 07 04 10 02
-6.80198866E-01 2021 01 07 04 15 02
-6.21535385E-01 2021 01 07 04 20 02
-6.83306659E-01 2021 01 07 04 25 02
-6.89533435E-01 2021 01 07 04 30 02
-7.05007181E-01 2021 01 07 04 35 02
-7.17145824E-01 2021 01 07 04 40 02
-7.63782291E-01 2021 01 07 04 45 02
-7.07321448E-01 2021 01 07 04 50 02
-7.52338258E-01 2021 01 07 04 55 02
-8.08236999E-01 2021 01 07 05 00 02
-8.36042725E-01 2021 01 07 05 05 02
-8.45089958E-01 2021 01 07 05 10 02
-8.32995215E-01 2021 01 07 05 15 02
-7.74808817E-01 2021 01 07 05 20 02
-7.45481294E-01 2021 01 07 05 25 02
-8.22040001E-01 2021 01 07 05 30 03
-7.58873366E-01 2021 01 07 05 35 02
-7.44389539E-01 2021 01 07 05 40 02
-7.77854779E-01 2021 01 07 05 45 02
-7.48339483E-01 2021 01 07 05 50 02
-8.16948128E-01 2021 01 07 05 55 02
-7.32854653E-01 2021 01 07 06 00 02
-6.78310896E-01 2021 01 07 06 05 02
-7.67874313E-01 2021 01 07 06 10 02
-7.28918023E-01 2021 01 07 06 15 02
-7.33421998E-01 2021 01 07 06 20 02
-7.57205645E-01 2021 01 07 06 25 02
-8.15564353E-01 2021 01 07 06 30 02
-8.19801615E-01 2021 01 07 06 35 02
-7.77199665E-01 2021 01 07 06 40 02
-7.83712054E-01 2021 01 07 06 45 02
-7.49525282E-01 2021 01 07 06 50 02
-7.83473322E-01 2021 01 07 06 55 03
-7.54181283E-01 2021 01 07 07 00 02
-7.71432752E-01 2021 01 07 07 05 02
-7.39900621E-01 2021 01 07 07 10 02
-7.22649789E-01 2021 01 07 07 15 02
-7.89997648E-01 2021 01 07 07 20 03
-7.21441149E-01 2021 01 07 07 25 02
-6.49542932E-01 2021 01 07 07 30 02
-7.22944622E-01 2021 01 07 07 35 02
-7.80983926E-01 2021 01 07 07 40 02
-6.87467663E-01 2021 01 07 07 45 03
-6.42818439E-01 2021 01 07 07 50 02
-6.82908881E-01 2021 01 07 07 55 02
-7.36503930E-01 2021 01 07 08 00 02
-6.73989044E-01 2021 01 07 08 05 02
-7.65003175E-01 2021 01 07 08 10 02
-5.71075790E-01 2021 01 07 08 15 02
-7.47211343E-01 2021 01 07 08 20 02
-6.83180144E-01 2021 01 07 08 25 02
-6.66761989E-01 2021 01 07 08 30 02
-6.94078791E-01 2021 01 07 08 35 02
-7.20684766E-01 2021 01 07 08 40 02
-7.51281357E-01 2021 01 07 08 45 03
-7.02237488E-01 2021 01 07 08 50 02
-7.12394621E-01 2021 01 07 08 55 02
-7.23984895E-01 2021 01 07 09 00 02
-6.70920356E-01 2021 01 07 09 05 02
-7.12691390E-01 2021 01 07 09 10 03
-6.20862051E-01 2021 01 07 09 15 02
-6.38105865E-01 2021 01 07 09 20 02
-6.92676423E-01 2021 01 07 09 25 02
-7.15333377E-01 2021 01 07 09 30 02
-6.17945175E-01 2021 01 07 09 35 02
-5.86948882E-01 2021 01 07 09 40 02
-6.09127725E-01 2021 01 07 09 45 02
-6.44454896E-01 2021 01 07 09 50 02
-6.09805191E-01 2021 01 07 09 55 02
-6.01091999E-01 2021 01 07 10 00 02
-5.24037356E-01 2021 01 07 10 05 02
-5.36044665E-01 2021 01 07 10 10 02
-4.96186947E-01 2021 01 07 10 15 02
-3.66081679E-01 2021 01 07 10 20 02
-4.31859860E-01 2021 01 07 10 25 02
-4.47270042E-01 2021 01 07 10 30 02
-4.95661550E-01 2021 01 07 10 35 03
-3.93648630E-01 2021 01 07 10 40 02
-2.01998993E-01 2021 01 07 10 45 02
-2.52965225E-01 2021 01 07 10 50 02
-2.25891500E-01 2021 01 07 10 55 02
-1.93128358E-01 2021 01 07 11 00 03
-2.66388133E-01 2021 01 07 11 05 02
-2.21741992E-01 2021 01 07 11 10 02
-1.49756583E-01 2021 01 07 11 15 02
-1.83907933E-01 2021 01 07 11 20 02
-7.45362337E-02 2021 01 07 11 25 03
-4.23358760E-02 2021 01 07 11 30 02
-3.77989375E-02 2021 01 07 11 35 02
-2.04333422E-02 2021 01 07 11 40 02
-2.26790646E-03 2021 01 07 11 45 02
+2.10918168E-02 2021 01 07 11 50 02
+3.57242976E-02 2021 01 07 11 55 02
+2.20432429E-02 2021 01 07 12 00 02
+1.03330529E-02 2021 01 07 12 05 02
-6.50823232E-02 2021 01 07 12 10 02
-2.90904938E-02 2021 01 07 12 15 02
-7.95993945E-02 2021 01 07 12 20 02
+2.37800328E-02 2021 01 07 12 25 02
+1.74325616E-02 2021 01 07 12 30 02
+1.44139361E-02 2021 01 07 12 35 02
-5.33838283E-02 2021 01 07 12 40 02
-3.47891894E-02 2021 01 07 12 45 02
+4.20040800E-02 2021 01 07 12 50 03
-5.76519560E-02 2021 01 07 12 55 02
-1.42735149E-02 2021 01 07 13 00 02
-1.37743316E-01 2021 01 07 13 05 02
-2.27667707E-02 2021 01 07 13 10 02
-3.51477541E-02 2021 01 07 13 15 03
-1.45736920E-01 2021 01 07 13 20 02
-7.42466464E-02 2021 01 07 13 25 02
-1.78315393E-01 2021 01 07 13 30 02
-8.97196371E-02 2021 01 07 13 35 02
-7.27004948E-02 2021 01 07 13 40 02
-8.16213862E-02 2021 01 07 13 45 02
-1.18955694E-01 2021 01 07 13 50 02
-1.52061157E-01 2021 01 07 13 55 02
-6.71327478E-02 2021 01 07 14 00 02
-1.30606776E-01 2021 01 07 14 05 02
-2.28602595E-01 2021 01 07 14 10 02
-2.56088630E-01 2021 01 07 14 15 02
-1.90121556E-01 2021 01 07 14 20 02
-1.83304152E-01 2021 01 07 14 25 02
-1.90054367E-01 2021 01 07 14 30 02
-3.20563826E-01 2021 01 07 14 35 02
-2.71929200E-01 2021 01 07 14 40 03
-2.42303432E-01 2021 01 07 14 45 02
-4.25321149E-01 2021 01 07 14 50 02
-4.27627066E-01 2021 01 07 14 55 02
-4.82065123E-01 2021 01 07 15 00 02
-4.89893691E-01 2021 01 07 15 05 03
-5.20608446E-01 2021 01 07 15 10 02
-5.24512847E-01 2021 01 07 15 15 02
-5.19959240E-01 2021 01 07 15 20 02
-4.64268914E-01 2021 01 07 15 25 02
-3.71574506E-01 2021 01 07 15 30 02
-4.52428962E-01 2021 01 07 15 35 02
-4.97582746E-01 2021 01 07 15 40 02
-5.25460239E-01 2021 01 07 15 45 02
-6.11767317E-01 2021 01 07 15 50 02
-4.92927842E-01 2021 01 07 15 55 02
-6.17637356E-01 2021 01 07 16 00 02
-5.21538682E-01 2021 01 07 16 05 03
-5.59947167E-01 2021 01 07 16 10 02
-6.19562626E-01 2021 01 07 16 15 02
-5.91314656E-01 2021 01 07 16 20 02
-6.93479829E-01 2021 01 07 16 25 02
-6.07308181E-01 2021 01 07 16 30 02
-5.97919015E-01 2021 01 07 16 35 02
-6.40544164E-01 2021 01 07 16 40 02
-6.55680753E-01 2021 01 07 16 45 02
-6.62579306E-01 2021 01 07 16 50 02
-7.15943429E-01 2021 01 07 16 55 02
-7.43666379E-01 2021 01 07 17 00 02
-6.33522711E-01 2021 01 07 17 05 02
-8.32733162E-01 2021 01 07 17 10 02
-7.14337421E-01 2021 01 07 17 15 02
-6.93029864E-01 2021 01 07 17 20 02
-6.97783780E-01 2021 01 07 17 25 02
-7.18165593E-01 2021 01 07 17 30 03
-7.46404772E-01 2021 01 07 17 35 02
-6.93487369E-01 2021 01 07 17 40 02
-6.34252540E-01 2021 01 07 17 45 02
-6.06661877E-01 2021 01 07 17 50 02
-6.87392032E-01 2021 01 07 17 55 02
-7.32392635E-01 2021 01 07 18 00 02
-7.19124743E-01 2021 01 07 18 05 02
-6.33039099E-01 2021 01 07 18 10 02
-6.36795536E-01 2021 01 07 18 15 02
-6.78960741E-01 2021 01 07 18 20 02
-6.99170974E-01 2021 01 07 18 25 02
-6.71886066E-01 2021 01 07 18 30 02
-6.29035979E-01 2021 01 07 18 35 02
-6.38692369E-01 2021 01 07 18 40 02
-6.35202088E-01 2021 01 07 18 45 02
-6.69572013E-01 2021 01 07 18 50 02
-6.63192829E-01 2021 01 07 18 55 03
-7.40088899E-01 2021 01 07 19 00 02
-7.43949245E-01 2021 01 07 19 05 02
-7.74525504E-01 2021 01 07 19 10 02
-6.79186667E-01 2021 01 07 19 15 02
-7.39422501E-01 2021 01 07 19 20 02
-6.61828859E-01 2021 01 07 19 25 02
-6.72658656E-01 2021 01 07 19 30 02
-6.86429043E-01 2021 01 07 19 35 02
-7.60679506E-01 2021 01 07 19 40 02
-6.27649811E-01 2021 01 07 19 45 02
-5.51901829E-01 2021 01 07 19 50 02
-6.58850276E-01 2021 01 07 19 55 02
-5.88258358E-01 2021 01 07 20 00 02
-5.59848151E-01 2021 01 07 20 05 02
-6.70225004E-01 2021 01 07 20 10 02
-5.89372863E-01 2021 01 07 20 15 02
-6.42831218E-01 2021 01 07 20 20 03
-6.27463906E-01 2021 01 07 20 25 02
-6.18907549E-01 2021 01 07 20 30 02
-5.47796842E-01 2021 01 07 20 35 02
-4.54347500E-01 2021 01 07 20 40 02
-5.60509096E-01 2021 01 07 20 45 03
-5.61507396E-01 2021 01 07 20 50 02
-5.35888520E-01 2021 01 07 20 55 02
-4.24019920E-01 2021 01 07 21 00 02
-4.96572829E-01 2021 01 07 21 05 02
-4.85299108E-01 2021 01 07 21 10 02
-4.06806425E-01 2021 01 07 21 15 02
-4.69433166E-01 2021 01 07 21 20 02
-4.27795794E-01 2021 01 07 21 25 02
-4.09417041E-01 2021 01 07 21 30 02
-4.23907786E-01 2021 01 07 21 35 02
-3.82900649E-01 2021 01 07 21 40 02
-3.46538395E-01 2021 01 07 21 45 02
-3.53512351E-01 2021 01 07 21 50 02
-3.19210780E-01 2021 01 07 21 55 02
-2.78531144E-01 2021 01 07 22 00 02
-3.09954863E-01 2021 01 07 22 05 02
-3.69351651E-01 2021 01 07 22 10 03
-2.77863712E-01 2021 01 07 22 15 02
-3.34057906E-01 2021 01 07 22 20 02
-2.89442300E-01 2021 01 07 22 25 02
-2.36716868E-01 2021 01 07 22 30 02
-2.54722524E-01 2021 01 07 22 35 03
-2.33457917E-01 2021 01 07 22 40 02
-2.45718683E-01 2021 01 07 22 45 02
-2.50877790E-01 2021 01 07 22 50 02
-1.84831269E-01 2021 01 07 22 55 02
-2.59222041E-01 2021 01 07 23 00 03
-1.93190866E-01 2021 01 07 23 05 02
-1.55144246E-01 2021 01 07 23 10 02
-1.18507703E-01 2021 01 07 23 15 02
-7.91837377E-02 2021 01 07 23 20 02
-8.24706041E-02 2021 01 07 23 25 02
-9.59820995E-02 2021 01 07 23 30 02
-1.00416889E-01 2021 01 07 23 35 02
-1.42280085E-01 2021 01 07 23 40 02
-9.42652151E-02 2021 01 07 23 45 02
-1.05709241E-01 2021 01 07 23 50 02
-4.73972085E-02 2021 01 07 23 55 02
