-2.76860881E-01 2021 01 21 00 00 02
-2.09407115E-01 2021 01 21 00 05 02
+1.77073018E-02 2021 01 21 00 10 02
-1.72280300E-01 2021 01 21 00 15 02
-2.17242151E-01 2021 01 21 00 20 02
-4.08847459E-01 2021 01 21 00 25 03
-4.56651049E-01 2021 01 21 00 30 02
-4.65011182E-01 2021 01 21 00 35 02
-5.42381290E-01 2021 01 21 00 40 02
-5.74486988E-01 2021 01 21 00 45 02
-5.31135877E-01 2021 01 21 00 50 02
-3.75764380E-01 2021 01 21 00 55 02
-3.46582318E-01 2021 01 21 01 00 02
-3.54670084E-01 2021 01 21 01 05 02
-2.87811146E-01 2021 01 21 01 10 02
-3.29715193E-01 2021 01 21 01 15 02
-3.69265900E-01 2021 01 21 01 20 02
-3.32152760E-01 2021 01 21 01 25 03
-3.96470157E-01 2021 01 21 01 30 02
-4.57613141E-01 2021 01 21 01 35 02
-3.79584496E-01 2021 01 21 01 40 02
-3.79814064E-01 2021 01 21 01 45 02
-5.47954058E-01 2021 01 21 01 50 02
-5.70435937E-01 2021 01 21 01 55 02
-5.60799232E-01 2021 01 21 02 00 02
-5.05205394E-01 2021 01 21 02 05 02
-4.48342137E-01 2021 01 21 02 10 02
-4.81237622E-01 2021 01 21 02 15 02
-4.79004365E-01 2021 01 21 02 20 02
-4.96086109E-01 2021 01 21 02 25 02
-5.42639442E-01 2021 01 21 02 30 02
-5.08621139E-01 2021 01 21 02 35 02
-4.20538393E-01 2021 01 21 02 40 02
-4.60641151E-01 2021 01 21 02 45 02
-4.34985872E-01 2021 01 21 02 50 03
-4.51649418E-01 2021 01 21 02 55 02
-4.34865220E-01 2021 01 21 03 00 02
-4.30105400E-01 2021 01 21 03 05 02
-4.56995753E-01 2021 01 21 03 10 02
-5.02141837E-01 2021 01 21 03 15 03
-5.40098568E-01 2021 01 21 03 20 02
-4.76172434E-01 2021 01 21 03 25 02
-5.18726909E-01 2021 01 21 03 30 02
-7.12507276E-01 2021 01 21 03 35 02
-6.35961668E-01 2021 01 21 03 40 02
-4.99885902E-01 2021 01 21 03 45 02
-5.60822557E-01 2021 01 21 03 50 02
-7.05510619E-01 2021 01 21 03 55 02
-5.70678756E-01 2021 01 21 04 00 02
-5.93664512E-01 2021 01 21 04 05 02
-6.21143416E-01 2021 01 21 04 10 02
-5.46579784E-01 2021 01 21 04 15 03
-5.20028484E-01 2021 01 21 04 20 02
-5.92148794E-01 2021 01 21 04 25 02
-5.57334251E-01 2021 01 21 04 30 02
-5.21796465E-01 2021 01 21 04 35 02
-6.11161760E-01 2021 01 21 04 40 02
-5.89878698E-01 2021 01 21 04 45 02
-4.91803611E-01 2021 01 21 04 50 02
-5.33557222E-01 2021 01 21 04 55 02
-5.62411339E-01 2021 01 21 05 00 02
-5.63474696E-01 2021 01 21 05 05 02
-6.16148725E-01 2021 01 21 05 10 02
-6.84876453E-01 2021 01 21 05 15 03
-6.72627855E-01 2021 01 21 05 20 02
-6.58761776E-01 2021 01 21 05 25 02
-6.28246563E-01 2021 01 21 05 30 02
-6.55635404E-01 2021 01 21 05 35 02
-6.48806361E-01 2021 01 21 05 40 02
-5.43046368E-01 2021 01 21 05 45 02
-6.55032895E-01 2021 01 21 05 50 02
-6.83569110E-01 2021 01 21 05 55 02
-6.32545230E-01 2021 01 21 06 00 02
-7.13218648E-01 2021 01 21 06 05 02
-5.29364495E-01 2021 01 21 06 10 02
-5.71627125E-01 2021 01 21 06 15 03
-6.73403103E-01 2021 01 21 06 20 02
-6.62827225E-01 2021 01 21 06 25 02
-7.03033893E-01 2021 01 21 06 30 02
-6.49422588E-01 2021 01 21 06 35 02
-7.25777007E-01 2021 01 21 06 40 03
-6.52675443E-01 2021 01 21 06 45 02
-6.61479778E-01 2021 01 21 06 50 02
-6.71769867E-01 2021 01 21 06 55 02
-6.42490335E-01 2021 01 21 07 00 02
-6.98784628E-01 2021 01 21 07 05 02
-6.78919751E-01 2021 01 21 07 10 02
-6.47622856E-01 2021 01 21 07 15 03
-6.79021225E-01 2021 01 21 07 20 02
-6.63807971E-01 2021 01 21 07 25 02
-7.15448522E-01 2021 01 21 07 30 02
-6.86441740E-01 2021 01 21 07 35 02
-6.57249152E-01 2021 01 21 07 40 02
-6.88498573E-01 2021 01 21 07 45 02
-7.33143289E-01 2021 01 21 07 50 02
-7.78936555E-01 2021 01 21 07 55 02
-7.42441636E-01 2021 01 21 08 00 02
-8.24732635E-01 2021 01 21 08 05 02
-7.64560732E-01 2021 01 21 08 10 02
-7.88766881E-01 2021 01 21 08 15 02
-8.28333177E-01 2021 01 21 08 20 02
-7.74620261E-01 2021 01 21 08 25 02
-7.37081351E-01 2021 01 21 08 30 02
-6.79141587E-01 2021 01 21 08 35 02
-7.33140810E-01 2021 01 21 08 40 03
-7.03598769E-01 2021 01 21 08 45 02
-7.02896140E-01 2021 01 21 08 50 02
-6.88502403E-01 2021 01 21 08 55 02
-7.57235264E-01 2021 01 21 09 00 02
-7.54327864E-01 2021 01 21 09 05 03
-7.41874901E-01 2021 01 21 09 10 02
-7.55946210E-01 2021 01 21 09 15 02
-6.77054647E-01 2021 01 21 09 20 02
-7.32079952E-01 2021 01 21 09 25 02
-7.33950664E-01 2021 01 21 09 30 02
-7.42555480E-01 2021 01 21 09 35 02
-6.86716843E-01 2021 01 21 09 40 02
-7.84544687E-01 2021 01 21 09 45 02
-7.19204933E-01 2021 01 21 09 50 02
-7.07315752E-01 2021 01 21 09 55 02
-7.28235617E-01 2021 01 21 10 00 02
-6.28598975E-01 2021 01 21 10 05 03
-6.86300563E-01 2021 01 21 10 10 02
-5.94751404E-01 2021 01 21 10 15 02
-6.39837914E-01 2021 01 21 10 20 02
-5.73921932E-01 2021 01 21 10 25 02
-5.66454934E-01 2021 01 21 10 30 02
-5.87875549E-01 2021 01 21 10 35 02
-5.76715656E-01 2021 01 21 10 40 02
-4.71647484E-01 2021 01 21 10 45 02
-3.98617534E-01 2021 01 21 10 50 02
-3.76782556E-01 2021 01 21 10 55 02
-3.52847157E-01 2021 01 21 11 00 02
-3.45350607E-01 2021 01 21 11 05 02
-3.01470254E-01 2021 01 21 11 10 02
-3.60685067E-01 2021 01 21 11 15 02
-2.33286766E-01 2021 01 21 11 20 02
-2.18814458E-01 2021 01 21 11 25 02
-1.20158944E-01 2021 01 21 11 30 03
-1.41784692E-01 2021 01 21 11 35 02
-9.89546108E-02 2021 01 21 11 40 02
-9.93366767E-02 2021 01 21 11 45 02
-1.31192129E-01 2021 01 21 11 50 02
-1.64386390E-01 2021 01 21 11 55 02
-1.89927509E-02 2021 01 21 12 00 02
-3.57769177E-02 2021 01 21 12 05 02
+4.98116894E-02 2021 01 21 12 10 02
-1.15287399E-01 2021 01 21 12 15 02
-9.67428751E-02 2021 01 21 12 20 02
-9.05661306E-02 2021 01 21 12 25 02
-1.93469793E-01 2021 01 21 12 30 03
-5.27269819E-02 2021 01 21 12 35 02
-9.84936565E-02 2021 01 21 12 40 02
-1.25898108E-01 2021 01 21 12 45 02
-1.89628428E-01 2021 01 21 12 50 02
-2.17693620E-01 2021 01 21 12 55 03
-1.89322053E-01 2021 01 21 13 00 02
-1.63218494E-01 2021 01 21 13 05 02
-2.40480889E-01 2021 01 21 13 10 02
-2.71809820E-01 2021 01 21 13 15 02
-1.75420780E-01 2021 01 21 13 20 02
-2.41430412E-01 2021 01 21 13 25 02
-3.93486863E-01 2021 01 21 13 30 02
-2.93158284E-01 2021 01 21 13 35 02
-2.91825365E-01 2021 01 21 13 40 02
-3.41041672E-01 2021 01 21 13 45 02
-3.73342633E-01 2021 01 21 13 50 02
-4.47140459E-01 2021 01 21 13 55 02
-4.05450273E-01 2021 01 21 14 00 02
-4.15237093E-01 2021 01 21 14 05 02
-4.30279133E-01 2021 01 21 14 10 02
-4.87158426E-01 2021 01 21 14 15 02
-4.71539958E-01 2021 01 21 14 20 03
-4.77788584E-01 2021 01 21 14 25 02
-5.45242677E-01 2021 01 21 14 30 02
-4.88291083E-01 2021 01 21 14 35 02
-6.31560563E-01 2021 01 21 14 40 02
-6.36349047E-01 2021 01 21 14 45 03
-6.91534775E-01 2021 01 21 14 50 02
-6.07534886E-01 2021 01 21 14 55 02
-6.27714483E-01 2021 01 21 15 00 02
-6.34591398E-01 2021 01 21 15 05 02
-5.97764812E-01 2021 01 21 15 10 02
-7.50205918E-01 2021 01 21 15 15 02
-6.96250014E-01 2021 01 21 15 20 02
-7.32220577E-01 2021 01 21 15 25 02
-7.04100567E-01 2021 01 21 15 30 02
-7.74074699E-01 2021 01 21 15 35 02
-6.98662587E-01 2021 01 21 15 40 02
-6.54977460E-01 2021 01 21 15 45 03
-8.10393671E-01 2021 01 21 15 50 02
-7.65942680E-01 2021 01 21 15 55 02
-7.66849782E-01 2021 01 21 16 00 02
-7.48696668E-01 2021 01 21 16 05 02
-7.53775386E-01 2021 01 21 16 10 03
-7.98143583E-01 2021 01 21 16 15 02
-7.66005651E-01 2021 01 21 16 20 02
-8.29490933E-01 2021 01 21 16 25 02
-8.56337220E-01 2021 01 21 16 30 02
-8.53131269E-01 2021 01 21 16 35 02
-8.51926519E-01 2021 01 21 16 40 02
-8.55985114E-01 2021 01 21 16 45 02
-8.17221345E-01 2021 01 21 16 50 02
-9.04893868E-01 2021 01 21 16 55 02
-9.82709771E-01 2021 01 21 17 00 02
-8.47385173E-01 2021 01 21 17 05 02
-9.49242462E-01 2021 01 21 17 10 02
-9.02382597E-01 2021 01 21 17 15 02
-8.93124596E-01 2021 01 21 17 20 02
-9.14619027E-01 2021 01 21 17 25 02
-8.63563931E-01 2021 01 21 17 30 02
-8.31848649E-01 2021 01 21 17 35 03
-9.06416354E-01 2021 01 21 17 40 02
-8.72976235E-01 2021 01 21 17 45 02
-8.13442323E-01 2021 01 21 17 50 02
-7.96965088E-01 2021 01 21 17 55 02
-7.70815718E-01 2021 01 21 18 00 03
-8.30995039E-01 2021 01 21 18 05 02
-8.20674149E-01 2021 01 21 18 10 02
-8.84551953E-01 2021 01 21 18 15 02
-8.49272706E-01 2021 01 21 18 20 02
-8.34175218E-01 2021 01 21 18 25 02
-7.84318585E-01 2021 01 21 18 30 02
-8.37786327E-01 2021 01 21 18 35 02
-8.19430459E-01 2021 01 21 18 40 02
-9.47496928E-01 2021 01 21 18 45 02
-7.92143798E-01 2021 01 21 18 50 02
-8.79970809E-01 2021 01 21 18 55 02
-8.20495409E-01 2021 01 21 19 00 02
-8.27842902E-01 2021 01 21 19 05 02
-8.87963151E-01 2021 01 21 19 10 02
-8.57971468E-01 2021 01 21 19 15 02
-8.43544732E-01 2021 01 21 19 20 02
-7.92253376E-01 2021 01 21 19 25 02
-7.82479294E-01 2021 01 21 19 30 02
-7.54740427E-01 2021 01 21 19 35 02
-7.77354656E-01 2021 01 21 19 40 02
-7.58444543E-01 2021 01 21 19 45 02
-6.47828295E-01 2021 01 21 19 50 02
-5.94595866E-01 2021 01 21 19 55 02
-6.80978819E-01 2021 01 21 20 00 02
-7.17571645E-01 2021 01 21 20 05 02
-7.73593998E-01 2021 01 21 20 10 02
-7.27766557E-01 2021 01 21 20 15 03
-6.91920716E-01 2021 01 21 20 20 02
-6.84712844E-01 2021 01 21 20 25 02
-7.13869231E-01 2021 01 21 20 30 02
-6.39816443E-01 2021 01 21 20 35 02
-6.53793233E-01 2021 01 21 20 40 02
-6.53094248E-01 2021 01 21 20 45 02
-5.84257880E-01 2021 01 21 20 50 02
-6.20020594E-01 2021 01 21 20 55 02
-6.03679220E-01 2021 01 21 21 00 02
-6.03316334E-01 2021 01 21 21 05 02
-5.40444723E-01 2021 01 21 21 10 02
-6.32015251E-01 2021 01 21 21 15 02
-6.03128361E-01 2021 01 21 21 20 02
-6.03830945E-01 2021 01 21 21 25 02
-5.44320357E-01 2021 01 21 21 30 02
-5.67635852E-01 2021 01 21 21 35 02
-5.48266779E-01 2021 01 21 21 40 03
-5.34256225E-01 2021 01 21 21 45 02
-5.45444919E-01 2021 01 21 21 50 02
-4.61888370E-01 2021 01 21 21 55 02
-4.85585575E-01 2021 01 21 22 00 02
-4.64772071E-01 2021 01 21 22 05 02
-4.60865473E-01 2021 01 21 22 10 02
-4.24238800E-01 2021 01 21 22 15 02
-4.50374304E-01 2021 01 21 22 20 02
-4.52975027E-01 2021 01 21 22 25 02
-4.04745635E-01 2021 01 21 22 30 02
-4.58673847E-01 2021 01 21 22 35 02
-3.91940029E-01 2021 01 21 22 40 02
-4.45862615E-01 2021 01 21 22 45 02
-4.70593568E-01 2021 01 21 22 50 02
-4.06385023E-01 2021 01 21 22 55 02
-3.82877676E-01 2021 01 21 23 00 02
-4.45581003E-01 2021 01 21 23 05 03
-4.28003110E-01 2021 01 21 23 10 02
-4.19278329E-01 2021 01 21 23 15 02
-4.06884961E-01 2021 01 21 23 20 02
-4.31744756E-01 2021 01 21 23 25 02
-3.34708218E-01 2021 01 21 23 30 03
-3.56052204E-01 2021 01 21 23 35 02
-4.03874932E-01 2021 01 21 23 40 02
-2.96981184E-01 2021 01 21 23 45 02
-3.50020597E-01 2021 01 21 23 50 02
-3.38542424E-01 2021 01 21 23 55 02
