-1.32337604E-01 2021 01 23 00 00 02
-1.39818755E-01 2021 01 23 00 05 02
-1.37010735E-01 2021 01 23 00 10 02
-1.41267993E-01 2021 01 23 00 15 02
-6.92478140E-02 2021 01 23 00 20 02
-9.73574432E-02 2021 01 23 00 25 02
-1.85261128E-01 2021 01 23 00 30 02
-1.57044286E-01 2021 01 23 00 35 02
-9.33383085E-02 2021 01 23 00 40 02
-2.07158695E-01 2021 01 23 00 45 02
-1.86456980E-01 2021 01 23 00 50 02
-1.91591852E-01 2021 01 23 00 55 02
-2.37651653E-01 2021 01 23 01 00 03
-1.77815620E-01 2021 01 23 01 05 02
-1.12902584E-01 2021 01 23 01 10 02
-1.23093088E-01 2021 01 23 01 15 02
+9.71567572E-02 2021 01 23 01 20 02
+3.26138828E-01 2021 01 23 01 25 03
+9.00675011E-02 2021 01 23 01 30 02
-1.41211134E-02 2021 01 23 01 35 02
-2.14797124E-02 2021 01 23 01 40 02
-1.63458746E-01 2021 01 23 01 45 02
-1.11482636E-01 2021 01 23 01 50 02
-8.36740443E-02 2021 01 23 01 55 02
-1.37336212E-01 2021 01 23 02 00 02
-5.34540707E-02 2021 01 23 02 05 02
-1.34716834E-01 2021 01 23 02 10 02
-1.00177548E-01 2021 01 23 02 15 02
-7.86891766E-02 2021 01 23 02 20 02
-1.85834333E-03 2021 01 23 02 25 02
+1.70743092E-02 2021 01 23 02 30 02
+1.63744211E-02 2021 01 23 02 35 02
-3.81378766E-02 2021 01 23 02 40 02
-6.53370383E-02 2021 01 23 02 45 02
-1.21411046E-01 2021 01 23 02 50 03
-1.24059662E-01 2021 01 23 02 55 02
-7.42015797E-02 2021 01 23 03 00 02
+1.11778122E-03 2021 01 23 03 05 02
-3.96984446E-02 2021 01 23 03 10 02
-4.47788174E-02 2021 01 23 03 15 03
-1.30315170E-01 2021 01 23 03 20 02
-1.29530783E-01 2021 01 23 03 25 02
-6.65764360E-02 2021 01 23 03 30 02
-6.78795233E-02 2021 01 23 03 35 02
-7.23684677E-02 2021 01 23 03 40 02
-1.00002742E-01 2021 01 23 03 45 02
-7.09295548E-02 2021 01 23 03 50 02
-5.93407275E-02 2021 01 23 03 55 02
-8.80342350E-02 2021 01 23 04 00 02
-1.01661334E-01 2021 01 23 04 05 02
-8.48341061E-02 2021 01 23 04 10 02
-3.88278224E-02 2021 01 23 04 15 03
-9.34757915E-03 2021 01 23 04 20 02
+3.02001925E-02 2021 01 23 04 25 02
+2.59107062E-02 2021 01 23 04 30 02
-4.16180924E-02 2021 01 23 04 35 02
+2.50130893E-02 2021 01 23 04 40 02
+8.15330598E-02 2021 01 23 04 45 02
+3.65255609E-02 2021 01 23 04 50 02
+1.46237165E-02 2021 01 23 04 55 02
-1.60291856E-02 2021 01 23 05 00 02
-9.94137317E-03 2021 01 23 05 05 02
-5.16737842E-02 2021 01 23 05 10 02
-1.40350461E-01 2021 01 23 05 15 03
-1.28614892E-01 2021 01 23 05 20 02
-1.03663996E-01 2021 01 23 05 25 02
-1.49310936E-01 2021 01 23 05 30 02
-1.66664760E-01 2021 01 23 05 35 02
-1.34961016E-01 2021 01 23 05 40 02
-1.47326403E-01 2021 01 23 05 45 02
-1.58598363E-01 2021 01 23 05 50 02
-2.03316600E-01 2021 01 23 05 55 02
-1.79355020E-01 2021 01 23 06 00 02
-2.88842375E-01 2021 01 23 06 05 02
-2.16566581E-01 2021 01 23 06 10 02
-2.04081330E-01 2021 01 23 06 15 03
-2.36587867E-01 2021 01 23 06 20 02
-2.59394912E-01 2021 01 23 06 25 02
-3.03580769E-01 2021 01 23 06 30 02
-3.51201701E-01 2021 01 23 06 35 02
-3.81328473E-01 2021 01 23 06 40 03
-3.61174850E-01 2021 01 23 06 45 02
-3.62270540E-01 2021 01 23 06 50 02
-2.69612931E-01 2021 01 23 06 55 02
-3.02083980E-01 2021 01 23 07 00 02
-2.67613106E-01 2021 01 23 07 05 02
-3.12465505E-01 2021 01 23 07 10 02
-3.59074210E-01 2021 01 23 07 15 02
-4.12236907E-01 2021 01 23 07 20 02
-3.75471281E-01 2021 01 23 07 25 02
-4.42408208E-01 2021 01 23 07 30 02
-3.78785663E-01 2021 01 23 07 35 02
-4.02573172E-01 2021 01 23 07 40 03
-4.34921894E-01 2021 01 23 07 45 02
-4.50582500E-01 2021 01 23 07 50 02
-4.29973747E-01 2021 01 23 07 55 02
-5.41386682E-01 2021 01 23 08 00 02
-5.06415917E-01 2021 01 23 08 05 03
-5.39467652E-01 2021 01 23 08 10 02
-4.79086217E-01 2021 01 23 08 15 02
-5.10044847E-01 2021 01 23 08 20 02
-4.50533532E-01 2021 01 23 08 25 02
-5.61765560E-01 2021 01 23 08 30 02
-5.33833307E-01 2021 01 23 08 35 02
-6.06789245E-01 2021 01 23 08 40 02
-5.40660772E-01 2021 01 23 08 45 02
-6.14756673E-01 2021 01 23 08 50 02
-5.97132922E-01 2021 01 23 08 55 02
-5.88600403E-01 2021 01 23 09 00 02
-5.78944592E-01 2021 01 23 09 05 03
-6.03613393E-01 2021 01 23 09 10 02
-6.81716677E-01 2021 01 23 09 15 02
-5.87399344E-01 2021 01 23 09 20 02
-5.90388534E-01 2021 01 23 09 25 02
-5.48691518E-01 2021 01 23 09 30 02
-5.42636642E-01 2021 01 23 09 35 02
-6.05814657E-01 2021 01 23 09 40 02
-5.55477699E-01 2021 01 23 09 45 02
-5.35021492E-01 2021 01 23 09 50 02
-4.88708975E-01 2021 01 23 09 55 02
-4.45812611E-01 2021 01 23 10 00 02
-4.46256641E-01 2021 01 23 10 05 02
-5.33365895E-01 2021 01 23 10 10 02
-4.59898407E-01 2021 01 23 10 15 02
-5.36983913E-01 2021 01 23 10 20 02
-4.85464277E-01 2021 01 23 10 25 02
-4.00775225E-01 2021 01 23 10 30 03
-3.82506792E-01 2021 01 23 10 35 02
-4.19128566E-01 2021 01 23 10 40 02
-3.49791382E-01 2021 01 23 10 45 02
-4.15230803E-01 2021 01 23 10 50 02
-3.09461582E-01 2021 01 23 10 55 02
-3.35572432E-01 2021 01 23 11 00 02
-2.46719961E-01 2021 01 23 11 05 02
-2.21148529E-01 2021 01 23 11 10 02
-1.77294740E-01 2021 01 23 11 15 02
-1.90307176E-01 2021 01 23 11 20 02
-7.38667186E-02 2021 01 23 11 25 02
-4.83294159E-02 2021 01 23 11 30 02
-1.42093360E-01 2021 01 23 11 35 02
-1.13418891E-01 2021 01 23 11 40 02
-1.09714449E-01 2021 01 23 11 45 02
-1.30448938E-01 2021 01 23 11 50 02
-4.31671307E-02 2021 01 23 11 55 03
-3.38160427E-02 2021 01 23 12 00 02
-2.01423677E-02 2021 01 23 12 05 02
-9.65735695E-02 2021 01 23 12 10 02
-3.69775644E-02 2021 01 23 12 15 02
-1.14215775E-02 2021 01 23 12 20 03
+4.12256782E-02 2021 01 23 12 25 02
+4.89455749E-02 2021 01 23 12 30 02
-2.36099468E-02 2021 01 23 12 35 02
+5.52228453E-02 2021 01 23 12 40 02
-1.99653855E-02 2021 01 23 12 45 03
-4.29598021E-03 2021 01 23 12 50 02
-3.13581922E-02 2021 01 23 12 55 02
-3.43523838E-03 2021 01 23 13 00 02
-9.73452112E-02 2021 01 23 13 05 02
-5.90403021E-02 2021 01 23 13 10 02
-2.59508364E-02 2021 01 23 13 15 02
-1.88042738E-02 2021 01 23 13 20 03
-4.23972544E-02 2021 01 23 13 25 02
-4.28878935E-02 2021 01 23 13 30 02
-1.22566858E-01 2021 01 23 13 35 02
-8.06990819E-02 2021 01 23 13 40 02
-6.62965232E-02 2021 01 23 13 45 03
-4.01410843E-02 2021 01 23 13 50 02
-6.65675828E-02 2021 01 23 13 55 02
-9.36011242E-02 2021 01 23 14 00 02
-1.19478304E-01 2021 01 23 14 05 02
-8.49007079E-02 2021 01 23 14 10 02
-2.66432758E-02 2021 01 23 14 15 02
-1.28191890E-01 2021 01 23 14 20 02
-1.21270032E-01 2021 01 23 14 25 02
-1.08003084E-01 2021 01 23 14 30 02
-8.00582817E-02 2021 01 23 14 35 02
-7.61193286E-02 2021 01 23 14 40 02
-7.12061002E-02 2021 01 23 14 45 03
-1.35657416E-01 2021 01 23 14 50 02
-1.36206308E-01 2021 01 23 14 55 02
-8.33584534E-02 2021 01 23 15 00 02
-1.80506478E-01 2021 01 23 15 05 02
-2.12764450E-01 2021 01 23 15 10 02
-2.01982731E-01 2021 01 23 15 15 02
-2.47816245E-01 2021 01 23 15 20 02
-2.71629788E-01 2021 01 23 15 25 02
-2.72926107E-01 2021 01 23 15 30 02
-2.58335708E-01 2021 01 23 15 35 02
-2.62073775E-01 2021 01 23 15 40 02
-2.58227801E-01 2021 01 23 15 45 02
-2.29292215E-01 2021 01 23 15 50 02
-2.53214475E-01 2021 01 23 15 55 02
-3.04501752E-01 2021 01 23 16 00 02
-2.65971333E-01 2021 01 23 16 05 02
-2.86726270E-01 2021 01 23 16 10 02
-2.84762358E-01 2021 01 23 16 15 02
-2.89924125E-01 2021 01 23 16 20 02
-2.84259727E-01 2021 01 23 16 25 02
-2.91034069E-01 2021 01 23 16 30 02
-2.61734436E-01 2021 01 23 16 35 03
-3.24339271E-01 2021 01 23 16 40 02
-2.50925359E-01 2021 01 23 16 45 02
-2.46003571E-01 2021 01 23 16 50 02
-2.20702093E-01 2021 01 23 16 55 02
-3.08109387E-01 2021 01 23 17 00 03
-2.49731184E-01 2021 01 23 17 05 02
-3.35117694E-01 2021 01 23 17 10 02
-2.86278492E-01 2021 01 23 17 15 02
-2.80287870E-01 2021 01 23 17 20 02
-3.35800887E-01 2021 01 23 17 25 02
-3.48623326E-01 2021 01 23 17 30 02
-3.19665183E-01 2021 01 23 17 35 03
-3.51089805E-01 2021 01 23 17 40 02
-3.34195564E-01 2021 01 23 17 45 02
-3.32193772E-01 2021 01 23 17 50 02
-3.64166175E-01 2021 01 23 17 55 02
-3.73079125E-01 2021 01 23 18 00 03
-4.03824855E-01 2021 01 23 18 05 02
-4.08251352E-01 2021 01 23 18 10 02
-3.81283146E-01 2021 01 23 18 15 02
-3.56940450E-01 2021 01 23 18 20 02
-3.03507924E-01 2021 01 23 18 25 02
-3.76054868E-01 2021 01 23 18 30 02
-3.40400226E-01 2021 01 23 18 35 02
-3.11871270E-01 2021 01 23 18 40 02
-3.35217799E-01 2021 01 23 18 45 02
-3.43358935E-01 2021 01 23 18 50 02
-4.18685258E-01 2021 01 23 18 55 02
-3.54058175E-01 2021 01 23 19 00 03
-3.77618380E-01 2021 01 23 19 05 02
-4.49231104E-01 2021 01 23 19 10 02
-3.93446487E-01 2021 01 23 19 15 02
-4.28289167E-01 2021 01 23 19 20 02
-4.47891153E-01 2021 01 23 19 25 02
-4.14102807E-01 2021 01 23 19 30 02
-4.30785974E-01 2021 01 23 19 35 02
-4.45596429E-01 2021 01 23 19 40 02
-4.66669975E-01 2021 01 23 19 45 02
-3.39847567E-01 2021 01 23 19 50 02
-3.32263128E-01 2021 01 23 19 55 02
-3.31091318E-01 2021 01 23 20 00 02
-3.36079059E-01 2021 01 23 20 05 02
-2.73006603E-01 2021 01 23 20 10 02
-3.40232206E-01 2021 01 23 20 15 02
-3.26194459E-01 2021 01 23 20 20 02
-3.05958006E-01 2021 01 23 20 25 02
-3.46939669E-01 2021 01 23 20 30 02
-2.42956307E-01 2021 01 23 20 35 02
-2.94724518E-01 2021 01 23 20 40 02
-2.88550102E-01 2021 01 23 20 45 02
-3.00231439E-01 2021 01 23 20 50 03
-3.16353640E-01 2021 01 23 20 55 02
-3.27658804E-01 2021 01 23 21 00 02
-3.15225692E-01 2021 01 23 21 05 02
-3.13396372E-01 2021 01 23 21 10 02
-2.64905901E-01 2021 01 23 21 15 03
-2.76893036E-01 2021 01 23 21 20 02
-2.56012649E-01 2021 01 23 21 25 02
-2.92710590E-01 2021 01 23 21 30 02
-2.90310663E-01 2021 01 23 21 35 02
-3.00324250E-01 2021 01 23 21 40 02
-2.73871380E-01 2021 01 23 21 45 02
-2.79568370E-01 2021 01 23 21 50 02
-2.46009023E-01 2021 01 23 21 55 02
-2.41951710E-01 2021 01 23 22 00 02
-2.28913151E-01 2021 01 23 22 05 02
-2.11884941E-01 2021 01 23 22 10 02
-2.52968062E-01 2021 01 23 22 15 02
-2.26097794E-01 2021 01 23 22 20 02
-2.65007320E-01 2021 01 23 22 25 02
-1.88828563E-01 2021 01 23 22 30 02
-1.92092338E-01 2021 01 23 22 35 02
-1.86169624E-01 2021 01 23 22 40 03
-2.33521052E-01 2021 01 23 22 45 02
-1.99640278E-01 2021 01 23 22 50 02
-1.57235324E-01 2021 01 23 22 55 02
-1.73213762E-01 2021 01 23 23 00 02
-1.22407438E-01 2021 01 23 23 05 02
-8.25794325E-02 2021 01 23 23 10 02
-1.80045896E-02 2021 01 23 23 15 02
-3.38769475E-02 2021 01 23 23 20 02
-7.72836558E-02 2021 01 23 23 25 02
-1.22511878E-01 2021 01 23 23 30 02
-1.11562460E-01 2021 01 23 23 35 02
-4.16839977E-02 2021 01 23 23 40 03
-5.94030634E-02 2021 01 23 23 45 02
-2.56274701E-02 2021 01 23 23 50 02
+6.56170153E-03 2021 01 23 23 55 02
