-9.80258641E-01 2021 01 13 00 00 02
-1.09998530E+00 2021 01 13 00 05 02
-9.32122967E-01 2021 01 13 00 10 02
-1.07439578E+00 2021 01 13 00 15 02
-1.17719800E+00 2021 01 13 00 20 02
-1.17500471E+00 2021 01 13 00 25 02
-1.10193738E+00 2021 01 13 00 30 03
-1.02414807E+00 2021 01 13 00 35 02
-9.89683281E-01 2021 01 13 00 40 02
-9.81328438E-01 2021 01 13 00 45 02
-9.53082214E-01 2021 01 13 00 50 02
-9.45847587E-01 2021 01 13 00 55 03
-9.87441492E-01 2021 01 13 01 00 02
-9.83119188E-01 2021 01 13 01 05 02
-9.41173941E-01 2021 01 13 01 10 02
-9.34871739E-01 2021 01 13 01 15 02
-9.05714094E-01 2021 01 13 01 20 02
-8.91458233E-01 2021 01 13 01 25 02
-8.96931751E-01 2021 01 13 01 30 02
-8.28067895E-01 2021 01 13 01 35 02
-8.34633751E-01 2021 01 13 01 40 02
-8.08327872E-01 2021 01 13 01 45 02
-7.53648078E-01 2021 01 13 01 50 02
-7.64737004E-01 2021 01 13 01 55 03
-7.10764286E-01 2021 01 13 02 00 02
-6.97462847E-01 2021 01 13 02 05 02
-6.86991331E-01 2021 01 13 02 10 02
-6.87811232E-01 2021 01 13 02 15 02
-6.45316134E-01 2021 01 13 02 20 02
-5.99893488E-01 2021 01 13 02 25 02
-6.08852569E-01 2021 01 13 02 30 02
-5.48159787E-01 2021 01 13 02 35 02
-4.97883617E-01 2021 01 13 02 40 02
-5.09796625E-01 2021 01 13 02 45 02
-4.91238961E-01 2021 01 13 02 50 02
-4.97742523E-01 2021 01 13 02 55 03
-4.31208584E-01 2021 01 13 03 00 02
-3.96040979E-01 2021 01 13 03 05 02
-4.03397480E-01 2021 01 13 03 10 02
-3.36106344E-01 2021 01 13 03 15 02
-2.69917998E-01 2021 01 13 03 20 02
-3.00431018E-01 2021 01 13 03 25 02
-2.68325500E-01 2021 01 13 03 30 02
-2.61860317E-01 2021 01 13 03 35 02
-1.34714500E-01 2021 01 13 03 40 02
-1.43370734E-01 2021 01 13 03 45 02
-1.58486526E-01 2021 01 13 03 50 02
-7.86636670E-02 2021 01 13 03 55 03
-8.52896890E-02 2021 01 13 04 00 02
-6.63261414E-02 2021 01 13 04 05 02
-4.19123232E-02 2021 01 13 04 10 02
+1.21820128E-02 2021 01 13 04 15 02
+3.83265589E-02 2021 01 13 04 20 03
+1.12195467E-01 2021 01 13 04 25 02
+6.19037380E-02 2021 01 13 04 30 02
+9.33413552E-02 2021 01 13 04 35 02
+1.58296183E-01 2021 01 13 04 40 02
+1.51535215E-01 2021 01 13 04 45 02
+1.89564763E-01 2021 01 13 04 50 02
+1.83293687E-01 2021 01 13 04 55 02
+2.52593087E-01 2021 01 13 05 00 02
+2.40832291E-01 2021 01 13 05 05 02
+2.71065700E-01 2021 01 13 05 10 02
+2.85665954E-01 2021 01 13 05 15 02
+3.26807474E-01 2021 01 13 05 20 02
+2.46694470E-01 2021 01 13 05 25 02
+2.82193550E-01 2021 01 13 05 30 02
+2.92559461E-01 2021 01 13 05 35 02
+2.87689757E-01 2021 01 13 05 40 02
+3.05431692E-01 2021 01 13 05 45 03
+2.46622227E-01 2021 01 13 05 50 02
+1.69310287E-01 2021 01 13 05 55 02
+3.13700340E-01 2021 01 13 06 00 02
+4.02951924E-01 2021 01 13 06 05 02
+3.32285661E-01 2021 01 13 06 10 03
+2.98307456E-01 2021 01 13 06 15 02
+3.27031411E-01 2021 01 13 06 20 02
+3.88635194E-01 2021 01 13 06 25 02
+3.25178017E-01 2021 01 13 06 30 02
+3.15778773E-01 2021 01 13 06 35 02
+3.22383381E-01 2021 01 13 06 40 02
+3.80872160E-01 2021 01 13 06 45 02
+3.33902767E-01 2021 01 13 06 50 02
+3.30590197E-01 2021 01 13 06 55 02
+3.38110240E-01 2021 01 13 07 00 02
+3.01677006E-01 2021 01 13 07 05 02
+3.16460154E-01 2021 01 13 07 10 02
+3.30268907E-01 2021 01 13 07 15 02
+2.68306474E-01 2021 01 13 07 20 02
+3.00224494E-01 2021 01 13 07 25 02
+2.70981587E-01 2021 01 13 07 30 02
+2.66532155E-01 2021 01 13 07 35 02
+2.19016377E-01 2021 01 13 07 40 02
+2.12358783E-01 2021 01 13 07 45 02
+1.46573015E-01 2021 01 13 07 50 02
+1.93641629E-01 2021 01 13 07 55 02
+1.94570019E-01 2021 01 13 08 00 03
+1.53095157E-01 2021 01 13 08 05 02
+1.33849453E-01 2021 01 13 08 10 02
+1.02986842E-01 2021 01 13 08 15 02
+6.54873245E-02 2021 01 13 08 20 02
+1.09941339E-01 2021 01 13 08 25 03
+9.65263123E-02 2021 01 13 08 30 02
-7.78709427E-03 2021 01 13 08 35 02
-6.43683067E-02 2021 01 13 08 40 02
-4.85565927E-02 2021 01 13 08 45 02
-5.89588873E-02 2021 01 13 08 50 02
-9.41485011E-02 2021 01 13 08 55 02
-1.68545380E-01 2021 01 13 09 00 02
-1.71563828E-01 2021 01 13 09 05 02
-1.82281924E-01 2021 01 13 09 10 02
-2.45566492E-01 2021 01 13 09 15 02
-1.96581044E-01 2021 01 13 09 20 02
-2.82024682E-01 2021 01 13 09 25 03
-2.63567729E-01 2021 01 13 09 30 02
-3.41353326E-01 2021 01 13 09 35 02
-3.22979206E-01 2021 01 13 09 40 02
-3.98862924E-01 2021 01 13 09 45 02
-4.38422845E-01 2021 01 13 09 50 03
-4.72025681E-01 2021 01 13 09 55 02
-5.24739153E-01 2021 01 13 10 00 02
-5.40382734E-01 2021 01 13 10 05 02
-5.38134703E-01 2021 01 13 10 10 02
-6.41415967E-01 2021 01 13 10 15 02
-5.94799336E-01 2021 01 13 10 20 02
-5.33668049E-01 2021 01 13 10 25 02
-6.03932816E-01 2021 01 13 10 30 02
-6.04974484E-01 2021 01 13 10 35 02
-7.61110782E-01 2021 01 13 10 40 02
-7.12381148E-01 2021 01 13 10 45 02
-7.11941259E-01 2021 01 13 10 50 02
-7.11014249E-01 2021 01 13 10 55 02
-7.87080653E-01 2021 01 13 11 00 02
-7.49000350E-01 2021 01 13 11 05 02
-7.52325742E-01 2021 01 13 11 10 02
-7.29793162E-01 2021 01 13 11 15 03
-7.68160273E-01 2021 01 13 11 20 02
-7.62938708E-01 2021 01 13 11 25 02
-7.56905991E-01 2021 01 13 11 30 02
-7.32429270E-01 2021 01 13 11 35 02
-7.52329834E-01 2021 01 13 11 40 02
-7.63322871E-01 2021 01 13 11 45 02
-6.34829310E-01 2021 01 13 11 50 02
-6.12276893E-01 2021 01 13 11 55 02
-6.76806681E-01 2021 01 13 12 00 02
-7.29843481E-01 2021 01 13 12 05 02
-7.49779679E-01 2021 01 13 12 10 02
-6.93473289E-01 2021 01 13 12 15 02
-8.32180262E-01 2021 01 13 12 20 02
-7.33304222E-01 2021 01 13 12 25 02
-7.59646343E-01 2021 01 13 12 30 02
-7.74084899E-01 2021 01 13 12 35 02
-8.38770515E-01 2021 01 13 12 40 03
-7.95323929E-01 2021 01 13 12 45 02
-7.49494448E-01 2021 01 13 12 50 02
-8.17642690E-01 2021 01 13 12 55 02
-8.67403862E-01 2021 01 13 13 00 02
-9.31432277E-01 2021 01 13 13 05 02
-9.57737647E-01 2021 01 13 13 10 02
-8.84179537E-01 2021 01 13 13 15 02
-9.18478250E-01 2021 01 13 13 20 02
-9.77136177E-01 2021 01 13 13 25 02
-9.82420292E-01 2021 01 13 13 30 02
-8.96310089E-01 2021 01 13 13 35 02
-9.14382765E-01 2021 01 13 13 40 03
-9.14185731E-01 2021 01 13 13 45 02
-9.18113581E-01 2021 01 13 13 50 02
-8.86215449E-01 2021 01 13 13 55 02
-8.81877891E-01 2021 01 13 14 00 02
-8.58430970E-01 2021 01 13 14 05 02
-8.76121020E-01 2021 01 13 14 10 02
-9.56189862E-01 2021 01 13 14 15 02
-8.42973911E-01 2021 01 13 14 20 02
-9.92692453E-01 2021 01 13 14 25 02
-8.79196921E-01 2021 01 13 14 30 02
-8.45186682E-01 2021 01 13 14 35 02
-8.40087576E-01 2021 01 13 14 40 02
-8.22213608E-01 2021 01 13 14 45 02
-8.31075141E-01 2021 01 13 14 50 02
-7.81563564E-01 2021 01 13 14 55 02
-7.91989204E-01 2021 01 13 15 00 02
-7.55020794E-01 2021 01 13 15 05 03
-7.70488176E-01 2021 01 13 15 10 02
-8.39242768E-01 2021 01 13 15 15 02
-7.43890929E-01 2021 01 13 15 20 02
-6.97727636E-01 2021 01 13 15 25 02
-7.02942992E-01 2021 01 13 15 30 02
-6.72739950E-01 2021 01 13 15 35 02
-6.26585167E-01 2021 01 13 15 40 02
-6.19046920E-01 2021 01 13 15 45 02
-6.97593520E-01 2021 01 13 15 50 02
-6.02632824E-01 2021 01 13 15 55 02
-6.70980085E-01 2021 01 13 16 00 02
-5.70158557E-01 2021 01 13 16 05 02
-5.44158282E-01 2021 01 13 16 10 02
-4.90782488E-01 2021 01 13 16 15 02
-4.77690090E-01 2021 01 13 16 20 02
-5.53789990E-01 2021 01 13 16 25 02
-4.94151264E-01 2021 01 13 16 30 03
-4.24721155E-01 2021 01 13 16 35 02
-5.25707207E-01 2021 01 13 16 40 02
-4.71223411E-01 2021 01 13 16 45 02
-4.21701885E-01 2021 01 13 16 50 02
-4.27407406E-01 2021 01 13 16 55 02
-3.83373954E-01 2021 01 13 17 00 02
-4.48268154E-01 2021 01 13 17 05 02
-4.35788889E-01 2021 01 13 17 10 02
-3.02324029E-01 2021 01 13 17 15 02
-3.95453551E-01 2021 01 13 17 20 02
-3.90589051E-01 2021 01 13 17 25 02
-3.86941835E-01 2021 01 13 17 30 03
-4.24333677E-01 2021 01 13 17 35 02
-4.17634818E-01 2021 01 13 17 40 02
-3.56658542E-01 2021 01 13 17 45 02
-3.83936612E-01 2021 01 13 17 50 02
-3.76103613E-01 2021 01 13 17 55 03
-3.30926527E-01 2021 01 13 18 00 02
-3.52670815E-01 2021 01 13 18 05 02
-2.41741039E-01 2021 01 13 18 10 02
-3.99139528E-01 2021 01 13 18 15 02
-3.32990170E-01 2021 01 13 18 20 02
-3.25579444E-01 2021 01 13 18 25 02
-3.18156682E-01 2021 01 13 18 30 03
-4.01357115E-01 2021 01 13 18 35 02
-4.03872656E-01 2021 01 13 18 40 02
-5.24771589E-01 2021 01 13 18 45 02
-5.89860222E-01 2021 01 13 18 50 02
-5.42938789E-01 2021 01 13 18 55 03
-5.17025867E-01 2021 01 13 19 00 02
-4.18132676E-01 2021 01 13 19 05 02
-4.52301747E-01 2021 01 13 19 10 02
-4.18179227E-01 2021 01 13 19 15 02
-4.21142101E-01 2021 01 13 19 20 02
-3.84972186E-01 2021 01 13 19 25 02
-3.52700584E-01 2021 01 13 19 30 02
-2.62994229E-01 2021 01 13 19 35 02
-4.41061750E-01 2021 01 13 19 40 02
-4.62508910E-01 2021 01 13 19 45 02
-4.91379617E-01 2021 01 13 19 50 02
-4.29870991E-01 2021 01 13 19 55 03
-4.22677416E-01 2021 01 13 20 00 02
-3.95742335E-01 2021 01 13 20 05 02
-3.93835653E-01 2021 01 13 20 10 02
-3.67335701E-01 2021 01 13 20 15 02
-4.50675391E-01 2021 01 13 20 20 03
-4.68168977E-01 2021 01 13 20 25 02
-4.96650424E-01 2021 01 13 20 30 02
-4.90524779E-01 2021 01 13 20 35 02
-4.24741757E-01 2021 01 13 20 40 02
-5.35088408E-01 2021 01 13 20 45 03
-5.84243992E-01 2021 01 13 20 50 02
-5.45406812E-01 2021 01 13 20 55 02
-4.83823264E-01 2021 01 13 21 00 02
-5.66910627E-01 2021 01 13 21 05 02
-6.64286357E-01 2021 01 13 21 10 02
-7.86591945E-01 2021 01 13 21 15 02
-7.40380270E-01 2021 01 13 21 20 02
-8.03860010E-01 2021 01 13 21 25 02
-8.03680258E-01 2021 01 13 21 30 02
-6.93334774E-01 2021 01 13 21 35 02
-8.12868172E-01 2021 01 13 21 40 02
-7.90733411E-01 2021 01 13 21 45 02
-7.75952217E-01 2021 01 13 21 50 02
-8.45474683E-01 2021 01 13 21 55 02
-8.13103169E-01 2021 01 13 22 00 02
-8.95182075E-01 2021 01 13 22 05 02
-9.78005013E-01 2021 01 13 22 10 03
-9.04155037E-01 2021 01 13 22 15 02
-9.51077144E-01 2021 01 13 22 20 02
-9.36331520E-01 2021 01 13 22 25 02
-9.06225589E-01 2021 01 13 22 30 02
-9.29746527E-01 2021 01 13 22 35 03
-9.59673278E-01 2021 01 13 22 40 02
-1.00851884E+00 2021 01 13 22 45 02
-1.01168027E+00 2021 01 13 22 50 02
-9.56719096E-01 2021 01 13 22 55 02
-1.06144734E+00 2021 01 13 23 00 02
-1.05771562E+00 2021 01 13 23 05 02
-1.07175915E+00 2021 01 13 23 10 02
-1.10043957E+00 2021 01 13 23 15 02
-1.11236044E+00 2021 01 13 23 20 02
-1.12998937E+00 2021 01 13 23 25 02
-1.08881905E+00 2021 01 13 23 30 02
-1.13456753E+00 2021 01 13 23 35 02
-1.15397599E+00 2021 01 13 23 40 02
-1.06247307E+00 2021 01 13 23 45 02
-1.14262527E+00 2021 01 13 23 50 02
-1.18755930E+00 2021 01 13 23 55 02
