-5.80359878E-01 2021 01 26 00 00 02
-6.17341348E-01 2021 01 26 00 05 02
-6.27398271E-01 2021 01 26 00 10 02
-6.04923509E-01 2021 01 26 00 15 02
-5.60585868E-01 2021 01 26 00 20 02
-5.02328890E-01 2021 01 26 00 25 02
-5.16585615E-01 2021 01 26 00 30 02
-2.73670081E-01 2021 01 26 00 35 02
-2.84780984E-01 2021 01 26 00 40 02
-2.30407977E-01 2021 01 26 00 45 02
-3.23089929E-01 2021 01 26 00 50 02
-3.76881571E-01 2021 01 26 00 55 02
-4.92840795E-01 2021 01 26 01 00 02
-9.40972821E-01 2021 01 26 01 05 02
-4.74074936E-01 2021 01 26 01 10 02
-4.41062431E-01 2021 01 26 01 15 02
-4.99284521E-01 2021 01 26 01 20 02
-3.43304827E-01 2021 01 26 01 25 03
-3.25658339E-01 2021 01 26 01 30 02
-4.21992508E-01 2021 01 26 01 35 02
-6.12699526E-01 2021 01 26 01 40 02
-7.21375214E-01 2021 01 26 01 45 02
-5.53651928E-01 2021 01 26 01 50 03
-4.79256598E-01 2021 01 26 01 55 02
-3.07185191E-01 2021 01 26 02 00 02
-2.41885413E-01 2021 01 26 02 05 02
-1.02388029E-01 2021 01 26 02 10 02
-1.34180117E-01 2021 01 26 02 15 02
-7.93254380E-02 2021 01 26 02 20 02
-1.00122380E-01 2021 01 26 02 25 02
-3.18380110E-02 2021 01 26 02 30 02
-6.28936917E-02 2021 01 26 02 35 02
+1.10894448E-02 2021 01 26 02 40 02
-1.96196554E-02 2021 01 26 02 45 02
-3.51623969E-02 2021 01 26 02 50 02
-3.49471985E-02 2021 01 26 02 55 02
-2.28627696E-02 2021 01 26 03 00 02
-8.47867696E-03 2021 01 26 03 05 02
-3.78901470E-02 2021 01 26 03 10 02
-1.07971505E-01 2021 01 26 03 15 03
-1.82506182E-02 2021 01 26 03 20 02
+6.22341862E-02 2021 01 26 03 25 02
-1.09623640E-01 2021 01 26 03 30 02
-2.59255317E-02 2021 01 26 03 35 02
+8.48329026E-02 2021 01 26 03 40 03
+1.26024140E-02 2021 01 26 03 45 02
+5.77939527E-02 2021 01 26 03 50 02
-1.85167280E-02 2021 01 26 03 55 02
-7.59675630E-02 2021 01 26 04 00 02
-1.16233373E-01 2021 01 26 04 05 02
+2.12609793E-02 2021 01 26 04 10 02
+1.64497196E-02 2021 01 26 04 15 02
+3.42739834E-02 2021 01 26 04 20 02
+1.66628138E-01 2021 01 26 04 25 02
+2.03924780E-01 2021 01 26 04 30 02
+1.87537114E-01 2021 01 26 04 35 02
+2.18862160E-01 2021 01 26 04 40 03
+3.06738998E-01 2021 01 26 04 45 02
+3.45334214E-01 2021 01 26 04 50 02
+2.99428202E-01 2021 01 26 04 55 02
+2.45393711E-01 2021 01 26 05 00 02
+2.35932419E-01 2021 01 26 05 05 02
+1.88515029E-01 2021 01 26 05 10 02
+4.46852254E-02 2021 01 26 05 15 02
-4.38468476E-02 2021 01 26 05 20 02
-4.04882100E-02 2021 01 26 05 25 02
+3.56373879E-03 2021 01 26 05 30 02
-8.11196638E-02 2021 01 26 05 35 02
-7.56831049E-02 2021 01 26 05 40 03
+7.86303310E-02 2021 01 26 05 45 02
+7.53133970E-02 2021 01 26 05 50 02
-7.44424430E-02 2021 01 26 05 55 02
+1.72214982E-01 2021 01 26 06 00 02
+3.40048819E-02 2021 01 26 06 05 02
-1.62602211E-01 2021 01 26 06 10 02
+2.01017065E-01 2021 01 26 06 15 02
+5.80369816E-02 2021 01 26 06 20 02
+2.14312182E-01 2021 01 26 06 25 02
+3.56911014E-01 2021 01 26 06 30 02
+5.14723478E-01 2021 01 26 06 35 02
+5.01649865E-01 2021 01 26 06 40 03
+8.82207056E-01 2021 01 26 06 45 02
+1.08089364E+00 2021 01 26 06 50 02
+1.10887424E+00 2021 01 26 06 55 02
+1.20844883E+00 2021 01 26 07 00 02
+1.09780465E+00 2021 01 26 07 05 02
+9.80311156E-01 2021 01 26 07 10 02
+8.22879628E-01 2021 01 26 07 15 02
+5.13609511E-01 2021 01 26 07 20 02
+9.19652685E-02 2021 01 26 07 25 02
-3.10662076E-01 2021 01 26 07 30 02
-3.03588293E-01 2021 01 26 07 35 02
-5.10869356E-01 2021 01 26 07 40 02
-5.66584634E-01 2021 01 26 07 45 02
-5.03038218E-01 2021 01 26 07 50 02
-5.32969006E-01 2021 01 26 07 55 02
-4.38618347E-01 2021 01 26 08 00 02
-3.65922117E-01 2021 01 26 08 05 03
-3.33229185E-01 2021 01 26 08 10 02
-3.62280058E-01 2021 01 26 08 15 02
-3.23712208E-01 2021 01 26 08 20 02
-3.69764754E-01 2021 01 26 08 25 02
-3.75285156E-01 2021 01 26 08 30 02
-3.84700261E-01 2021 01 26 08 35 02
-4.46686139E-01 2021 01 26 08 40 02
-6.29455060E-01 2021 01 26 08 45 02
-7.15349769E-01 2021 01 26 08 50 02
-5.66711147E-01 2021 01 26 08 55 02
-5.07963940E-01 2021 01 26 09 00 02
-5.86223279E-01 2021 01 26 09 05 02
-6.36994495E-01 2021 01 26 09 10 02
-5.67011643E-01 2021 01 26 09 15 02
-5.81691073E-01 2021 01 26 09 20 02
-5.80150520E-01 2021 01 26 09 25 02
-2.95159250E-01 2021 01 26 09 30 03
-4.47008067E-01 2021 01 26 09 35 02
-5.08720981E-01 2021 01 26 09 40 02
-5.76117717E-01 2021 01 26 09 45 02
-7.46825295E-01 2021 01 26 09 50 02
-7.10399976E-01 2021 01 26 09 55 03
-9.13648132E-01 2021 01 26 10 00 02
-9.58977083E-01 2021 01 26 10 05 02
-9.22538246E-01 2021 01 26 10 10 02
-9.86208390E-01 2021 01 26 10 15 02
-1.04007168E+00 2021 01 26 10 20 02
-1.16029408E+00 2021 01 26 10 25 02
-9.24417247E-01 2021 01 26 10 30 02
-8.32138124E-01 2021 01 26 10 35 02
-7.79143744E-01 2021 01 26 10 40 02
-6.52544190E-01 2021 01 26 10 45 02
-7.51177668E-01 2021 01 26 10 50 02
-1.00172288E+00 2021 01 26 10 55 03
-1.03286788E+00 2021 01 26 11 00 02
-1.09298390E+00 2021 01 26 11 05 02
-1.15002503E+00 2021 01 26 11 10 02
-9.97829919E-01 2021 01 26 11 15 02
-8.12340065E-01 2021 01 26 11 20 03
-9.76986516E-01 2021 01 26 11 25 02
-1.31898161E+00 2021 01 26 11 30 02
-1.46378347E+00 2021 01 26 11 35 02
-1.19695766E+00 2021 01 26 11 40 02
-1.04184233E+00 2021 01 26 11 45 02
-1.04781863E+00 2021 01 26 11 50 02
-8.70856801E-01 2021 01 26 11 55 02
-8.32821043E-01 2021 01 26 12 00 02
-7.60924662E-01 2021 01 26 12 05 02
-9.30144738E-01 2021 01 26 12 10 02
-9.75182916E-01 2021 01 26 12 15 02
-1.14686308E+00 2021 01 26 12 20 03
-1.00942238E+00 2021 01 26 12 25 02
-8.93382279E-01 2021 01 26 12 30 02
-9.11728433E-01 2021 01 26 12 35 02
-8.79947602E-01 2021 01 26 12 40 02
-8.43058162E-01 2021 01 26 12 45 03
-7.35882409E-01 2021 01 26 12 50 02
-6.32209244E-01 2021 01 26 12 55 02
-6.89207021E-01 2021 01 26 13 00 02
-6.98348700E-01 2021 01 26 13 05 02
-7.05433938E-01 2021 01 26 13 10 02
-7.01079180E-01 2021 01 26 13 15 02
-6.70092501E-01 2021 01 26 13 20 02
-5.37305239E-01 2021 01 26 13 25 02
-6.47950757E-01 2021 01 26 13 30 02
-4.33457957E-01 2021 01 26 13 35 02
-5.00231724E-01 2021 01 26 13 40 02
-4.60217408E-01 2021 01 26 13 45 03
-5.85711053E-01 2021 01 26 13 50 02
-5.94814859E-01 2021 01 26 13 55 02
-6.07760350E-01 2021 01 26 14 00 02
-6.78669391E-01 2021 01 26 14 05 02
-6.27119332E-01 2021 01 26 14 10 03
-5.16937834E-01 2021 01 26 14 15 02
-5.59476412E-01 2021 01 26 14 20 02
-5.15688489E-01 2021 01 26 14 25 02
-4.95139550E-01 2021 01 26 14 30 02
-4.94094905E-01 2021 01 26 14 35 02
-4.34699109E-01 2021 01 26 14 40 02
-5.20000412E-01 2021 01 26 14 45 02
-4.36415670E-01 2021 01 26 14 50 02
-4.59906211E-01 2021 01 26 14 55 02
-3.96859905E-01 2021 01 26 15 00 02
-6.01140671E-01 2021 01 26 15 05 02
-5.19260662E-01 2021 01 26 15 10 02
-5.88881848E-01 2021 01 26 15 15 02
-5.94028877E-01 2021 01 26 15 20 02
-4.83401577E-01 2021 01 26 15 25 02
-4.83622021E-01 2021 01 26 15 30 02
-5.17507773E-01 2021 01 26 15 35 03
-4.58088874E-01 2021 01 26 15 40 02
-4.47311910E-01 2021 01 26 15 45 02
-4.73081596E-01 2021 01 26 15 50 02
-3.95634087E-01 2021 01 26 15 55 02
-5.79534660E-01 2021 01 26 16 00 02
-5.07893338E-01 2021 01 26 16 05 02
-5.06710802E-01 2021 01 26 16 10 02
-4.75431255E-01 2021 01 26 16 15 02
-3.99562367E-01 2021 01 26 16 20 02
-5.02257789E-01 2021 01 26 16 25 02
-4.44906099E-01 2021 01 26 16 30 02
-4.04211032E-01 2021 01 26 16 35 03
-3.84548390E-01 2021 01 26 16 40 02
-3.79349712E-01 2021 01 26 16 45 02
-4.08694463E-01 2021 01 26 16 50 02
-3.64185752E-01 2021 01 26 16 55 02
-5.05300858E-01 2021 01 26 17 00 03
-3.89392768E-01 2021 01 26 17 05 02
-3.65841833E-01 2021 01 26 17 10 02
-3.66626612E-01 2021 01 26 17 15 02
-4.74565803E-01 2021 01 26 17 20 02
-4.92203265E-01 2021 01 26 17 25 02
-3.74638325E-01 2021 01 26 17 30 02
-3.48587163E-01 2021 01 26 17 35 02
-3.64712437E-01 2021 01 26 17 40 02
-3.69741840E-01 2021 01 26 17 45 02
-3.28818700E-01 2021 01 26 17 50 02
-4.26656313E-01 2021 01 26 17 55 02
-5.17260387E-01 2021 01 26 18 00 03
-4.61348855E-01 2021 01 26 18 05 02
-4.47250381E-01 2021 01 26 18 10 02
-3.73802095E-01 2021 01 26 18 15 02
-4.18959670E-01 2021 01 26 18 20 02
-3.87485002E-01 2021 01 26 18 25 03
-4.83982270E-01 2021 01 26 18 30 02
-3.57549999E-01 2021 01 26 18 35 02
-4.50574152E-01 2021 01 26 18 40 02
-5.43894958E-01 2021 01 26 18 45 02
-5.48651646E-01 2021 01 26 18 50 03
-4.30259265E-01 2021 01 26 18 55 02
-5.11258221E-01 2021 01 26 19 00 02
-5.67187455E-01 2021 01 26 19 05 02
-5.82223241E-01 2021 01 26 19 10 02
-4.47328424E-01 2021 01 26 19 15 02
-6.08461109E-01 2021 01 26 19 20 02
-5.11167730E-01 2021 01 26 19 25 02
-5.56479836E-01 2021 01 26 19 30 02
-5.83739103E-01 2021 01 26 19 35 02
-5.48914156E-01 2021 01 26 19 40 02
-6.65218275E-01 2021 01 26 19 45 02
-6.72840850E-01 2021 01 26 19 50 03
-6.58508749E-01 2021 01 26 19 55 02
-6.68140683E-01 2021 01 26 20 00 02
-5.82191595E-01 2021 01 26 20 05 02
-6.80813441E-01 2021 01 26 20 10 02
-6.84516406E-01 2021 01 26 20 15 03
-6.71917001E-01 2021 01 26 20 20 02
-6.97122346E-01 2021 01 26 20 25 02
-6.71527814E-01 2021 01 26 20 30 02
-6.63990318E-01 2021 01 26 20 35 02
-7.75125137E-01 2021 01 26 20 40 02
-8.15372472E-01 2021 01 26 20 45 02
-7.15566904E-01 2021 01 26 20 50 02
-6.89335136E-01 2021 01 26 20 55 02
-7.07854806E-01 2021 01 26 21 00 02
-4.89115978E-01 2021 01 26 21 05 02
-4.83752813E-01 2021 01 26 21 10 02
-6.38253700E-01 2021 01 26 21 15 02
-5.33336832E-01 2021 01 26 21 20 02
-4.16206342E-01 2021 01 26 21 25 02
-4.55765300E-01 2021 01 26 21 30 02
-5.98892639E-01 2021 01 26 21 35 02
-8.43176481E-01 2021 01 26 21 40 03
-1.01745043E+00 2021 01 26 21 45 02
-9.65991755E-01 2021 01 26 21 50 02
-9.41776509E-01 2021 01 26 21 55 02
-9.99991938E-01 2021 01 26 22 00 02
-9.51718124E-01 2021 01 26 22 05 02
-9.76714619E-01 2021 01 26 22 10 02
-1.00502902E+00 2021 01 26 22 15 02
-1.03223537E+00 2021 01 26 22 20 02
-1.01710492E+00 2021 01 26 22 25 02
-9.49390646E-01 2021 01 26 22 30 02
-9.68167881E-01 2021 01 26 22 35 02
-9.38441214E-01 2021 01 26 22 40 03
-8.58545338E-01 2021 01 26 22 45 02
-8.43255779E-01 2021 01 26 22 50 02
-8.21001264E-01 2021 01 26 22 55 02
-8.98147703E-01 2021 01 26 23 00 02
-8.42971575E-01 2021 01 26 23 05 03
-8.05065842E-01 2021 01 26 23 10 02
-7.13645140E-01 2021 01 26 23 15 02
-7.39425878E-01 2021 01 26 23 20 02
-7.18563422E-01 2021 01 26 23 25 02
-6.94057497E-01 2021 01 26 23 30 02
-8.10593204E-01 2021 01 26 23 35 02
-8.30711462E-01 2021 01 26 23 40 02
-7.78980176E-01 2021 01 26 23 45 02
-9.12483823E-01 2021 01 26 23 50 02
-8.36784946E-01 2021 01 26 23 55 02
