-4.59425220E-01 2021 01 17 00 00 02
-5.00987025E-01 2021 01 17 00 05 02
-5.41634736E-01 2021 01 17 00 10 02
-5.67207468E-01 2021 01 17 00 15 03
-5.98684977E-01 2021 01 17 00 20 02
-6.16656822E-01 2021 01 17 00 25 02
-6.34929537E-01 2021 01 17 00 30 02
-6.15728203E-01 2021 01 17 00 35 02
-6.48686645E-01 2021 01 17 00 40 03
-6.73992435E-01 2021 01 17 00 45 02
-6.80273550E-01 2021 01 17 00 50 02
-7.16680294E-01 2021 01 17 00 55 02
-6.98468070E-01 2021 01 17 01 00 02
-7.01889472E-01 2021 01 17 01 05 03
-7.35313772E-01 2021 01 17 01 10 02
-7.76794950E-01 2021 01 17 01 15 02
-7.69914356E-01 2021 01 17 01 20 02
-7.65512964E-01 2021 01 17 01 25 02
-8.26379021E-01 2021 01 17 01 30 03
-8.04553159E-01 2021 01 17 01 35 02
-8.08484849E-01 2021 01 17 01 40 02
-8.26026452E-01 2021 01 17 01 45 02
-8.95564445E-01 2021 01 17 01 50 02
-8.86250738E-01 2021 01 17 01 55 02
-8.79992363E-01 2021 01 17 02 00 02
-9.07865566E-01 2021 01 17 02 05 02
-9.34625292E-01 2021 01 17 02 10 02
-9.06448522E-01 2021 01 17 02 15 02
-8.60991085E-01 2021 01 17 02 20 02
-8.39571193E-01 2021 01 17 02 25 02
-8.18579629E-01 2021 01 17 02 30 02
-7.75166860E-01 2021 01 17 02 35 02
-7.78612081E-01 2021 01 17 02 40 02
-8.30742910E-01 2021 01 17 02 45 02
-7.32277231E-01 2021 01 17 02 50 02
-7.05195957E-01 2021 01 17 02 55 03
-6.43836213E-01 2021 01 17 03 00 02
-7.34286267E-01 2021 01 17 03 05 02
-6.45500697E-01 2021 01 17 03 10 02
-6.89838928E-01 2021 01 17 03 15 02
-7.48862393E-01 2021 01 17 03 20 02
-7.90072122E-01 2021 01 17 03 25 02
-7.66835051E-01 2021 01 17 03 30 02
-7.79458475E-01 2021 01 17 03 35 02
-7.88621403E-01 2021 01 17 03 40 02
-7.66333769E-01 2021 01 17 03 45 02
-7.10902920E-01 2021 01 17 03 50 02
-7.15069135E-01 2021 01 17 03 55 02
-6.80479897E-01 2021 01 17 04 00 02
-6.44416629E-01 2021 01 17 04 05 02
-6.40065802E-01 2021 01 17 04 10 02
-6.16342247E-01 2021 01 17 04 15 02
-6.11770513E-01 2021 01 17 04 20 03
-5.87644215E-01 2021 01 17 04 25 02
-5.61434614E-01 2021 01 17 04 30 02
-5.28556156E-01 2021 01 17 04 35 02
-4.95671903E-01 2021 01 17 04 40 02
-4.53924766E-01 2021 01 17 04 45 03
-4.31601200E-01 2021 01 17 04 50 02
-4.19842482E-01 2021 01 17 04 55 02
-3.99306208E-01 2021 01 17 05 00 02
-3.62799422E-01 2021 01 17 05 05 02
-3.29780089E-01 2021 01 17 05 10 03
-3.04742923E-01 2021 01 17 05 15 02
-2.85617292E-01 2021 01 17 05 20 02
-2.93287645E-01 2021 01 17 05 25 02
-2.58283568E-01 2021 01 17 05 30 02
-2.32059849E-01 2021 01 17 05 35 02
-1.57916661E-01 2021 01 17 05 40 02
-1.83617261E-01 2021 01 17 05 45 02
-1.52540634E-01 2021 01 17 05 50 02
-1.05029769E-01 2021 01 17 05 55 02
-1.33487607E-01 2021 01 17 06 00 02
-1.30477294E-02 2021 01 17 06 05 02
+9.30325451E-03 2021 01 17 06 10 02
-1.73444464E-02 2021 01 17 06 15 02
-1.78015405E-02 2021 01 17 06 20 02
+2.00068929E-02 2021 01 17 06 25 02
+1.09304974E-02 2021 01 17 06 30 02
+2.24856009E-02 2021 01 17 06 35 03
+6.43700365E-03 2021 01 17 06 40 02
+6.96530336E-02 2021 01 17 06 45 02
+1.03267716E-01 2021 01 17 06 50 02
+1.63046515E-01 2021 01 17 06 55 02
+1.41661187E-01 2021 01 17 07 00 03
+1.39666565E-01 2021 01 17 07 05 02
+1.89678748E-01 2021 01 17 07 10 02
+1.83070745E-01 2021 01 17 07 15 02
+2.05036618E-01 2021 01 17 07 20 02
+2.26696179E-01 2021 01 17 07 25 02
+2.00642926E-01 2021 01 17 07 30 02
+2.29187026E-01 2021 01 17 07 35 02
+2.55753117E-01 2021 01 17 07 40 02
+2.90521502E-01 2021 01 17 07 45 02
+2.95608079E-01 2021 01 17 07 50 02
+3.64301935E-01 2021 01 17 07 55 02
+3.63031486E-01 2021 01 17 08 00 03
+3.94353110E-01 2021 01 17 08 05 02
+3.64524293E-01 2021 01 17 08 10 02
+3.42797420E-01 2021 01 17 08 15 02
+3.63567398E-01 2021 01 17 08 20 02
+3.69747129E-01 2021 01 17 08 25 03
+3.85933593E-01 2021 01 17 08 30 02
+3.70307172E-01 2021 01 17 08 35 02
+3.62681685E-01 2021 01 17 08 40 02
+3.07453523E-01 2021 01 17 08 45 02
+3.07478774E-01 2021 01 17 08 50 02
+3.60755966E-01 2021 01 17 08 55 02
+3.09230363E-01 2021 01 17 09 00 02
+3.11905531E-01 2021 01 17 09 05 02
+3.26153312E-01 2021 01 17 09 10 02
+3.31535744E-01 2021 01 17 09 15 02
+2.99177744E-01 2021 01 17 09 20 02
+3.12875290E-01 2021 01 17 09 25 02
+2.81231473E-01 2021 01 17 09 30 02
+3.07808909E-01 2021 01 17 09 35 02
+2.35314066E-01 2021 01 17 09 40 02
+3.27687445E-01 2021 01 17 09 45 02
+2.61085168E-01 2021 01 17 09 50 03
+2.55677065E-01 2021 01 17 09 55 02
+2.91449167E-01 2021 01 17 10 00 02
+2.83750540E-01 2021 01 17 10 05 02
+2.31117812E-01 2021 01 17 10 10 02
+2.68059969E-01 2021 01 17 10 15 03
+3.09043464E-01 2021 01 17 10 20 02
+3.11657944E-01 2021 01 17 10 25 02
+2.56447546E-01 2021 01 17 10 30 02
+2.77724519E-01 2021 01 17 10 35 02
+2.42272625E-01 2021 01 17 10 40 02
+1.80716404E-01 2021 01 17 10 45 02
+2.37233141E-01 2021 01 17 10 50 02
+2.52729361E-01 2021 01 17 10 55 02
+2.35824210E-01 2021 01 17 11 00 02
+2.37275913E-01 2021 01 17 11 05 02
+2.46206343E-01 2021 01 17 11 10 02
+2.80520598E-01 2021 01 17 11 15 03
+3.01369113E-01 2021 01 17 11 20 02
+2.84835023E-01 2021 01 17 11 25 02
+1.99156435E-01 2021 01 17 11 30 02
+2.48673928E-01 2021 01 17 11 35 02
+2.60247007E-01 2021 01 17 11 40 03
+1.84429536E-01 2021 01 17 11 45 02
+2.86976095E-01 2021 01 17 11 50 02
+2.42153755E-01 2021 01 17 11 55 02
+2.03380091E-01 2021 01 17 12 00 02
+1.74216090E-01 2021 01 17 12 05 02
+9.35038997E-02 2021 01 17 12 10 02
+2.07057397E-01 2021 01 17 12 15 02
+8.13929213E-02 2021 01 17 12 20 02
+5.00601250E-02 2021 01 17 12 25 02
+2.83787916E-03 2021 01 17 12 30 02
+5.25669851E-03 2021 01 17 12 35 02
-1.61902477E-02 2021 01 17 12 40 03
-1.02677884E-01 2021 01 17 12 45 02
-1.21687803E-01 2021 01 17 12 50 02
-1.24232402E-01 2021 01 17 12 55 02
-1.95121843E-01 2021 01 17 13 00 02
-1.65059536E-01 2021 01 17 13 05 03
-2.38110250E-01 2021 01 17 13 10 02
-2.95991607E-01 2021 01 17 13 15 02
-3.27364308E-01 2021 01 17 13 20 02
-3.60791946E-01 2021 01 17 13 25 02
-3.33977469E-01 2021 01 17 13 30 02
-3.20008540E-01 2021 01 17 13 35 02
-4.46429503E-01 2021 01 17 13 40 03
-4.73933905E-01 2021 01 17 13 45 02
-4.88486072E-01 2021 01 17 13 50 02
-5.21878642E-01 2021 01 17 13 55 02
-5.08070574E-01 2021 01 17 14 00 02
-5.83494685E-01 2021 01 17 14 05 03
-4.84746069E-01 2021 01 17 14 10 02
-5.09411531E-01 2021 01 17 14 15 02
-5.52343121E-01 2021 01 17 14 20 02
-5.38629313E-01 2021 01 17 14 25 02
-5.99185174E-01 2021 01 17 14 30 03
-6.72954645E-01 2021 01 17 14 35 02
-6.71480732E-01 2021 01 17 14 40 02
-5.54222631E-01 2021 01 17 14 45 02
-6.85512141E-01 2021 01 17 14 50 02
-6.46724715E-01 2021 01 17 14 55 02
-6.49758260E-01 2021 01 17 15 00 02
-7.78290980E-01 2021 01 17 15 05 02
-7.30805934E-01 2021 01 17 15 10 02
-7.56768245E-01 2021 01 17 15 15 02
-7.56479802E-01 2021 01 17 15 20 02
-7.94266315E-01 2021 01 17 15 25 02
-6.61623607E-01 2021 01 17 15 30 02
-6.82668574E-01 2021 01 17 15 35 02
-7.14790849E-01 2021 01 17 15 40 02
-7.75301319E-01 2021 01 17 15 45 02
-7.69559190E-01 2021 01 17 15 50 02
-7.74441301E-01 2021 01 17 15 55 03
-7.69540222E-01 2021 01 17 16 00 02
-7.35534548E-01 2021 01 17 16 05 02
-6.48732327E-01 2021 01 17 16 10 02
-7.38393436E-01 2021 01 17 16 15 02
-7.86658416E-01 2021 01 17 16 20 03
-7.25245722E-01 2021 01 17 16 25 02
-6.48020413E-01 2021 01 17 16 30 02
-7.14290666E-01 2021 01 17 16 35 02
-6.88344765E-01 2021 01 17 16 40 02
-6.60458180E-01 2021 01 17 16 45 02
-6.98948090E-01 2021 01 17 16 50 02
-6.52318399E-01 2021 01 17 16 55 02
-6.58517671E-01 2021 01 17 17 00 02
-6.14999899E-01 2021 01 17 17 05 02
-5.82212888E-01 2021 01 17 17 10 02
-5.90061042E-01 2021 01 17 17 15 02
-5.79791918E-01 2021 01 17 17 20 03
-6.62062900E-01 2021 01 17 17 25 02
-5.93641026E-01 2021 01 17 17 30 02
-5.50140577E-01 2021 01 17 17 35 02
-4.99812907E-01 2021 01 17 17 40 02
-5.03346930E-01 2021 01 17 17 45 03
-4.93373338E-01 2021 01 17 17 50 02
-4.64935119E-01 2021 01 17 17 55 02
-4.48725401E-01 2021 01 17 18 00 02
-4.16108315E-01 2021 01 17 18 05 02
-4.14529503E-01 2021 01 17 18 10 03
-3.80336206E-01 2021 01 17 18 15 02
-3.49602813E-01 2021 01 17 18 20 02
-3.09019468E-01 2021 01 17 18 25 02
-3.60365768E-01 2021 01 17 18 30 02
-3.74964377E-01 2021 01 17 18 35 02
-3.34867750E-01 2021 01 17 18 40 02
-2.64107634E-01 2021 01 17 18 45 02
-2.62936535E-01 2021 01 17 18 50 02
-3.01105957E-01 2021 01 17 18 55 02
-2.22329865E-01 2021 01 17 19 00 02
-2.36580913E-01 2021 01 17 19 05 02
-2.08355273E-01 2021 01 17 19 10 03
-1.78726419E-01 2021 01 17 19 15 02
-1.36601094E-01 2021 01 17 19 20 02
-1.56262957E-01 2021 01 17 19 25 02
-1.45301837E-01 2021 01 17 19 30 02
-1.50195153E-01 2021 01 17 19 35 03
-1.11186651E-01 2021 01 17 19 40 02
-1.25863947E-01 2021 01 17 19 45 02
-1.12302838E-01 2021 01 17 19 50 02
-6.08600734E-02 2021 01 17 19 55 02
-8.00127346E-02 2021 01 17 20 00 02
-6.40404676E-02 2021 01 17 20 05 02
-8.42354347E-02 2021 01 17 20 10 02
-5.83668325E-02 2021 01 17 20 15 02
-3.17293382E-02 2021 01 17 20 20 02
-8.14423860E-02 2021 01 17 20 25 02
-7.12613998E-02 2021 01 17 20 30 02
-3.74138811E-02 2021 01 17 20 35 03
-3.16307403E-02 2021 01 17 20 40 02
-1.47217755E-02 2021 01 17 20 45 02
-2.66296334E-02 2021 01 17 20 50 02
-2.24846488E-02 2021 01 17 20 55 02
-6.00425530E-02 2021 01 17 21 00 02
-5.78331202E-02 2021 01 17 21 05 02
-4.87772581E-02 2021 01 17 21 10 02
+4.36745979E-02 2021 01 17 21 15 02
-2.47213183E-02 2021 01 17 21 20 02
-6.31846775E-02 2021 01 17 21 25 02
-5.21244041E-02 2021 01 17 21 30 02
-3.53674632E-02 2021 01 17 21 35 02
-4.10810607E-02 2021 01 17 21 40 02
-7.02440925E-02 2021 01 17 21 45 02
-8.49160927E-02 2021 01 17 21 50 02
-7.76934122E-02 2021 01 17 21 55 02
-2.21613331E-02 2021 01 17 22 00 03
-9.69044712E-02 2021 01 17 22 05 02
-4.64248539E-02 2021 01 17 22 10 02
-9.89921220E-02 2021 01 17 22 15 02
-9.19237360E-02 2021 01 17 22 20 02
-1.69731281E-01 2021 01 17 22 25 02
-1.33468566E-01 2021 01 17 22 30 02
-1.00791963E-01 2021 01 17 22 35 02
-1.58734546E-01 2021 01 17 22 40 02
-2.06645060E-01 2021 01 17 22 45 02
-2.15985392E-01 2021 01 17 22 50 02
-2.17973310E-01 2021 01 17 22 55 02
-2.17923027E-01 2021 01 17 23 00 02
-1.70154075E-01 2021 01 17 23 05 02
-2.72068469E-01 2021 01 17 23 10 02
-2.56539079E-01 2021 01 17 23 15 02
-3.02511004E-01 2021 01 17 23 20 02
-3.11263535E-01 2021 01 17 23 25 03
-3.24693704E-01 2021 01 17 23 30 02
-3.55859888E-01 2021 01 17 23 35 02
-4.00278993E-01 2021 01 17 23 40 02
-3.97315763E-01 2021 01 17 23 45 02
-3.82762991E-01 2021 01 17 23 50 03
-3.86254454E-01 2021 01 17 23 55 02
