-4.47608791E-02 2021 01 08 00 00 02
+9.19049214E-02 2021 01 08 00 05 02
-2.38867282E-02 2021 01 08 00 10 02
-3.45404394E-02 2021 01 08 00 15 02
+1.76092594E-02 2021 01 08 00 20 02
+8.12579193E-03 2021 01 08 00 25 03
+2.16977092E-02 2021 01 08 00 30 02
+3.28850397E-03 2021 01 08 00 35 02
+3.39555369E-02 2021 01 08 00 40 02
+3.72714283E-02 2021 01 08 00 45 02
+2.65515597E-02 2021 01 08 00 50 03
-1.04816576E-02 2021 01 08 00 55 02
+2.01899403E-02 2021 01 08 01 00 02
+1.76926633E-02 2021 01 08 01 05 02
+3.44295670E-02 2021 01 08 01 10 02
+3.05168467E-02 2021 01 08 01 15 02
+8.76931080E-03 2021 01 08 01 20 02
-1.08572036E-02 2021 01 08 01 25 02
+1.38507905E-02 2021 01 08 01 30 02
-3.62117846E-03 2021 01 08 01 35 02
-6.90717257E-03 2021 01 08 01 40 02
-1.29842241E-02 2021 01 08 01 45 02
+9.24364032E-03 2021 01 08 01 50 02
+3.62043248E-02 2021 01 08 01 55 02
+3.35925826E-03 2021 01 08 02 00 02
+9.83069051E-03 2021 01 08 02 05 02
+9.91546233E-02 2021 01 08 02 10 02
+3.11472119E-02 2021 01 08 02 15 03
+1.30732898E-01 2021 01 08 02 20 02
+9.74079903E-02 2021 01 08 02 25 02
+7.63298682E-02 2021 01 08 02 30 02
+3.57543199E-02 2021 01 08 02 35 02
-3.37531008E-02 2021 01 08 02 40 03
-1.14527184E-01 2021 01 08 02 45 02
-1.44449695E-02 2021 01 08 02 50 02
+2.94284097E-02 2021 01 08 02 55 02
-8.71320935E-03 2021 01 08 03 00 02
+4.56480880E-02 2021 01 08 03 05 02
+3.60168788E-02 2021 01 08 03 10 02
+1.76005758E-02 2021 01 08 03 15 02
-2.10170583E-02 2021 01 08 03 20 02
-9.49183545E-02 2021 01 08 03 25 02
-8.93642766E-02 2021 01 08 03 30 02
-9.53010836E-02 2021 01 08 03 35 02
-9.98040895E-02 2021 01 08 03 40 02
-1.35698203E-01 2021 01 08 03 45 02
-1.65956440E-01 2021 01 08 03 50 02
-2.31624651E-01 2021 01 08 03 55 02
-2.88185160E-01 2021 01 08 04 00 02
-2.99726585E-01 2021 01 08 04 05 03
-3.20734746E-01 2021 01 08 04 10 02
-2.78763852E-01 2021 01 08 04 15 02
-2.51685039E-01 2021 01 08 04 20 02
-2.00280750E-01 2021 01 08 04 25 02
-2.35067944E-01 2021 01 08 04 30 03
-2.70851501E-01 2021 01 08 04 35 02
-2.55895746E-01 2021 01 08 04 40 02
-2.85494981E-01 2021 01 08 04 45 02
-2.69905903E-01 2021 01 08 04 50 02
-3.20130647E-01 2021 01 08 04 55 02
-2.97505686E-01 2021 01 08 05 00 02
-3.29573889E-01 2021 01 08 05 05 02
-3.14343164E-01 2021 01 08 05 10 02
-3.10049278E-01 2021 01 08 05 15 02
-3.00467568E-01 2021 01 08 05 20 02
-3.42161366E-01 2021 01 08 05 25 02
-3.41936632E-01 2021 01 08 05 30 02
-3.54344531E-01 2021 01 08 05 35 02
-3.79951693E-01 2021 01 08 05 40 02
-3.90056712E-01 2021 01 08 05 45 02
-4.24267715E-01 2021 01 08 05 50 02
-4.35167046E-01 2021 01 08 05 55 03
-4.76225140E-01 2021 01 08 06 00 02
-3.17338417E-01 2021 01 08 06 05 02
-3.33898930E-01 2021 01 08 06 10 02
-2.81381630E-01 2021 01 08 06 15 02
-2.93995260E-01 2021 01 08 06 20 02
-2.61489398E-01 2021 01 08 06 25 02
-2.79454169E-01 2021 01 08 06 30 02
-2.99558599E-01 2021 01 08 06 35 02
-3.62966750E-01 2021 01 08 06 40 02
-4.35922087E-01 2021 01 08 06 45 02
-5.14168277E-01 2021 01 08 06 50 02
-5.02312130E-01 2021 01 08 06 55 02
-5.43387953E-01 2021 01 08 07 00 02
-5.92114815E-01 2021 01 08 07 05 02
-5.95398308E-01 2021 01 08 07 10 02
-5.86092416E-01 2021 01 08 07 15 02
-5.21485696E-01 2021 01 08 07 20 03
-5.14473542E-01 2021 01 08 07 25 02
-5.01941412E-01 2021 01 08 07 30 02
-5.06372144E-01 2021 01 08 07 35 02
-4.10213071E-01 2021 01 08 07 40 02
-5.17763582E-01 2021 01 08 07 45 02
-5.63323752E-01 2021 01 08 07 50 02
-5.00650446E-01 2021 01 08 07 55 02
-5.86999539E-01 2021 01 08 08 00 02
-6.27749106E-01 2021 01 08 08 05 02
-5.97173904E-01 2021 01 08 08 10 02
-5.20733090E-01 2021 01 08 08 15 02
-5.12873461E-01 2021 01 08 08 20 02
-5.63700096E-01 2021 01 08 08 25 02
-5.49014393E-01 2021 01 08 08 30 02
-6.30211801E-01 2021 01 08 08 35 02
-6.38488070E-01 2021 01 08 08 40 02
-7.65489873E-01 2021 01 08 08 45 03
-6.32856915E-01 2021 01 08 08 50 02
-5.67685289E-01 2021 01 08 08 55 02
-5.93603242E-01 2021 01 08 09 00 02
-6.69867909E-01 2021 01 08 09 05 02
-6.89772463E-01 2021 01 08 09 10 03
-7.07799828E-01 2021 01 08 09 15 02
-6.21410664E-01 2021 01 08 09 20 02
-6.70695244E-01 2021 01 08 09 25 02
-6.00777060E-01 2021 01 08 09 30 02
-6.79691401E-01 2021 01 08 09 35 02
-7.21448573E-01 2021 01 08 09 40 02
-6.81936032E-01 2021 01 08 09 45 02
-6.76801316E-01 2021 01 08 09 50 02
-5.49189194E-01 2021 01 08 09 55 02
-5.71165810E-01 2021 01 08 10 00 02
-5.31817512E-01 2021 01 08 10 05 02
-6.17871617E-01 2021 01 08 10 10 03
-5.59956462E-01 2021 01 08 10 15 02
-5.71779531E-01 2021 01 08 10 20 02
-5.24444822E-01 2021 01 08 10 25 02
-5.07305283E-01 2021 01 08 10 30 02
-5.05266860E-01 2021 01 08 10 35 03
-4.44065226E-01 2021 01 08 10 40 02
-4.05759382E-01 2021 01 08 10 45 02
-3.40761822E-01 2021 01 08 10 50 02
-3.52107973E-01 2021 01 08 10 55 02
-3.46784534E-01 2021 01 08 11 00 02
-2.83290323E-01 2021 01 08 11 05 02
-2.61059830E-01 2021 01 08 11 10 02
-2.53309755E-01 2021 01 08 11 15 02
-2.31432715E-01 2021 01 08 11 20 02
-2.12561577E-01 2021 01 08 11 25 02
-1.97600118E-01 2021 01 08 11 30 02
-1.93648669E-01 2021 01 08 11 35 02
-1.17421070E-01 2021 01 08 11 40 02
-2.13897274E-01 2021 01 08 11 45 02
-7.95056945E-02 2021 01 08 11 50 02
-2.84508857E-02 2021 01 08 11 55 02
-4.14351424E-02 2021 01 08 12 00 03
-1.62500423E-01 2021 01 08 12 05 02
-7.01485690E-02 2021 01 08 12 10 02
-1.60815077E-02 2021 01 08 12 15 02
-9.19458772E-02 2021 01 08 12 20 02
+5.85884285E-02 2021 01 08 12 25 03
-6.35840445E-02 2021 01 08 12 30 02
+6.68430095E-02 2021 01 08 12 35 02
+8.13533720E-02 2021 01 08 12 40 02
+1.16610272E-01 2021 01 08 12 45 02
+7.64661350E-02 2021 01 08 12 50 02
+3.66017546E-02 2021 01 08 12 55 02
+1.35896200E-01 2021 01 08 13 00 02
+3.38862853E-02 2021 01 08 13 05 02
+1.63337206E-01 2021 01 08 13 10 02
+1.10161344E-01 2021 01 08 13 15 02
+2.04419506E-01 2021 01 08 13 20 02
+1.17327880E-01 2021 01 08 13 25 02
+1.16416283E-01 2021 01 08 13 30 02
+4.96619353E-02 2021 01 08 13 35 02
+8.45102844E-02 2021 01 08 13 40 02
+1.03674178E-01 2021 01 08 13 45 02
+4.64165348E-02 2021 01 08 13 50 03
+2.08060214E-02 2021 01 08 13 55 02
+1.65732371E-02 2021 01 08 14 00 02
-7.31487711E-02 2021 01 08 14 05 02
-4.82150139E-02 2021 01 08 14 10 02
-8.46545453E-02 2021 01 08 14 15 03
-5.66951065E-02 2021 01 08 14 20 02
-1.34896264E-02 2021 01 08 14 25 02
-9.33091066E-02 2021 01 08 14 30 02
-1.05308055E-01 2021 01 08 14 35 02
-1.87032734E-01 2021 01 08 14 40 02
-1.29358729E-01 2021 01 08 14 45 02
-5.00763466E-02 2021 01 08 14 50 02
-7.38434734E-02 2021 01 08 14 55 02
-1.86180255E-01 2021 01 08 15 00 02
-2.10336003E-01 2021 01 08 15 05 02
-1.75223167E-01 2021 01 08 15 10 02
-3.04248782E-01 2021 01 08 15 15 02
-2.65964891E-01 2021 01 08 15 20 02
-2.79453434E-01 2021 01 08 15 25 02
-3.12821141E-01 2021 01 08 15 30 02
-3.38499762E-01 2021 01 08 15 35 02
-3.69931268E-01 2021 01 08 15 40 03
-4.08511523E-01 2021 01 08 15 45 02
-4.22201582E-01 2021 01 08 15 50 02
-3.59741502E-01 2021 01 08 15 55 02
-5.08429000E-01 2021 01 08 16 00 02
-4.43698567E-01 2021 01 08 16 05 02
-5.17203202E-01 2021 01 08 16 10 02
-5.20412539E-01 2021 01 08 16 15 02
-5.08736258E-01 2021 01 08 16 20 02
-6.11954638E-01 2021 01 08 16 25 02
-6.25115280E-01 2021 01 08 16 30 02
-5.63716406E-01 2021 01 08 16 35 02
-6.12256064E-01 2021 01 08 16 40 03
-6.70072308E-01 2021 01 08 16 45 02
-6.00755757E-01 2021 01 08 16 50 02
-5.93607970E-01 2021 01 08 16 55 02
-6.00947987E-01 2021 01 08 17 00 02
-6.48574199E-01 2021 01 08 17 05 03
-6.28434537E-01 2021 01 08 17 10 02
-6.19127154E-01 2021 01 08 17 15 02
-6.61051654E-01 2021 01 08 17 20 02
-6.99726956E-01 2021 01 08 17 25 02
-6.06113256E-01 2021 01 08 17 30 02
-6.04918218E-01 2021 01 08 17 35 02
-5.78304866E-01 2021 01 08 17 40 02
-6.62697678E-01 2021 01 08 17 45 02
-5.98487603E-01 2021 01 08 17 50 02
-6.42730675E-01 2021 01 08 17 55 02
-6.48937505E-01 2021 01 08 18 00 02
-6.92570618E-01 2021 01 08 18 05 03
-6.61729909E-01 2021 01 08 18 10 02
-6.06166755E-01 2021 01 08 18 15 02
-6.71012186E-01 2021 01 08 18 20 02
-7.19179556E-01 2021 01 08 18 25 02
-6.85276971E-01 2021 01 08 18 30 03
-6.18397672E-01 2021 01 08 18 35 02
-6.91243742E-01 2021 01 08 18 40 02
-6.87129030E-01 2021 01 08 18 45 02
-7.17950045E-01 2021 01 08 18 50 02
-7.29318067E-01 2021 01 08 18 55 02
-7.10887384E-01 2021 01 08 19 00 02
-8.07392214E-01 2021 01 08 19 05 03
-7.57538916E-01 2021 01 08 19 10 02
-7.76318648E-01 2021 01 08 19 15 02
-7.88326955E-01 2021 01 08 19 20 02
-7.09055287E-01 2021 01 08 19 25 02
-7.71563438E-01 2021 01 08 19 30 03
-7.35793877E-01 2021 01 08 19 35 02
-7.41340248E-01 2021 01 08 19 40 02
-7.50276289E-01 2021 01 08 19 45 02
-7.97452374E-01 2021 01 08 19 50 02
-7.86673471E-01 2021 01 08 19 55 02
-7.83034093E-01 2021 01 08 20 00 02
-7.17260307E-01 2021 01 08 20 05 02
-7.41169991E-01 2021 01 08 20 10 02
-7.67966054E-01 2021 01 08 20 15 02
-7.51092689E-01 2021 01 08 20 20 02
-7.23062070E-01 2021 01 08 20 25 02
-7.31751825E-01 2021 01 08 20 30 03
-7.48921269E-01 2021 01 08 20 35 02
-7.06064724E-01 2021 01 08 20 40 02
-7.21208017E-01 2021 01 08 20 45 02
-7.15776920E-01 2021 01 08 20 50 02
-7.49948221E-01 2021 01 08 20 55 02
-6.88982087E-01 2021 01 08 21 00 02
-6.78186368E-01 2021 01 08 21 05 02
-6.92252550E-01 2021 01 08 21 10 02
-6.60624088E-01 2021 01 08 21 15 02
-6.57147887E-01 2021 01 08 21 20 02
-6.72760704E-01 2021 01 08 21 25 02
-6.13759937E-01 2021 01 08 21 30 03
-7.12121174E-01 2021 01 08 21 35 02
-6.50426081E-01 2021 01 08 21 40 02
-6.36908085E-01 2021 01 08 21 45 02
-5.61049143E-01 2021 01 08 21 50 02
-5.74375743E-01 2021 01 08 21 55 02
-5.61353081E-01 2021 01 08 22 00 02
-5.79388718E-01 2021 01 08 22 05 02
-5.42079661E-01 2021 01 08 22 10 02
-4.77594863E-01 2021 01 08 22 15 02
-5.23314372E-01 2021 01 08 22 20 02
-5.94108243E-01 2021 01 08 22 25 02
-4.93310818E-01 2021 01 08 22 30 02
-4.75392989E-01 2021 01 08 22 35 02
-4.99550205E-01 2021 01 08 22 40 02
-5.67304299E-01 2021 01 08 22 45 02
-4.52983012E-01 2021 01 08 22 50 02
-4.37589151E-01 2021 01 08 22 55 03
-4.42897685E-01 2021 01 08 23 00 02
-4.08736944E-01 2021 01 08 23 05 02
-3.44077617E-01 2021 01 08 23 10 02
-4.49004264E-01 2021 01 08 23 15 02
-3.13606427E-01 2021 01 08 23 20 02
-5.01691762E-01 2021 01 08 23 25 02
-3.47811777E-01 2021 01 08 23 30 02
-3.04298996E-01 2021 01 08 23 35 02
-2.97493842E-01 2021 01 08 23 40 02
-2.62692132E-01 2021 01 08 23 45 02
-2.56533868E-01 2021 01 08 23 50 02
-2.47318616E-01 2021 01 08 23 55 02
