-1.37958220E+00 2021 01 12 00 00 02
-1.45339049E+00 2021 01 12 00 05 02
-1.27826753E+00 2021 01 12 00 10 02
-9.46339490E-01 2021 01 12 00 15 02
-1.07790033E+00 2021 01 12 00 20 02
-1.26776627E+00 2021 01 12 00 25 03
-1.21341939E+00 2021 01 12 00 30 02
-9.16654530E-01 2021 01 12 00 35 02
-9.37559717E-01 2021 01 12 00 40 02
-7.93958110E-01 2021 01 12 00 45 02
-6.60397094E-01 2021 01 12 00 50 02
-7.62714526E-01 2021 01 12 00 55 02
-7.53044419E-01 2021 01 12 01 00 02
-7.00827734E-01 2021 01 12 01 05 02
-5.46341917E-01 2021 01 12 01 10 02
-8.04039385E-01 2021 01 12 01 15 02
-8.45420339E-01 2021 01 12 01 20 02
-7.92880803E-01 2021 01 12 01 25 02
-4.52335378E-01 2021 01 12 01 30 02
-3.68896317E-01 2021 01 12 01 35 02
-1.38104556E-02 2021 01 12 01 40 02
+1.57069806E-01 2021 01 12 01 45 02
+1.57165394E-01 2021 01 12 01 50 03
-1.09473203E-01 2021 01 12 01 55 02
-3.84894951E-01 2021 01 12 02 00 02
-3.14818123E-01 2021 01 12 02 05 02
-4.42978953E-01 2021 01 12 02 10 02
-6.17981626E-01 2021 01 12 02 15 03
-6.56068023E-01 2021 01 12 02 20 02
-5.20477023E-01 2021 01 12 02 25 02
-4.51679961E-01 2021 01 12 02 30 02
-1.76250808E-01 2021 01 12 02 35 02
-2.70344029E-01 2021 01 12 02 40 02
-4.62298959E-01 2021 01 12 02 45 02
-5.38396722E-01 2021 01 12 02 50 02
-5.04487174E-01 2021 01 12 02 55 02
-5.87721239E-01 2021 01 12 03 00 02
-5.88400875E-01 2021 01 12 03 05 02
-1.98285810E-01 2021 01 12 03 10 02
+1.33323846E-02 2021 01 12 03 15 03
+9.13002010E-02 2021 01 12 03 20 02
+2.02788533E-01 2021 01 12 03 25 02
+3.13056093E-01 2021 01 12 03 30 02
+2.93518370E-01 2021 01 12 03 35 02
+2.38195902E-01 2021 01 12 03 40 02
+2.52202768E-01 2021 01 12 03 45 02
+2.73873338E-01 2021 01 12 03 50 02
+3.97410008E-01 2021 01 12 03 55 02
+3.37424080E-01 2021 01 12 04 00 02
+4.42259955E-01 2021 01 12 04 05 02
+3.76155556E-01 2021 01 12 04 10 02
+3.26040331E-01 2021 01 12 04 15 02
+2.74525906E-01 2021 01 12 04 20 02
+3.18768689E-01 2021 01 12 04 25 02
+4.76344487E-01 2021 01 12 04 30 02
+3.68248089E-01 2021 01 12 04 35 02
+3.64039248E-01 2021 01 12 04 40 03
+4.83006175E-01 2021 01 12 04 45 02
+6.97789688E-01 2021 01 12 04 50 02
+6.44194114E-01 2021 01 12 04 55 02
+2.61602272E-01 2021 01 12 05 00 02
+5.02193564E-01 2021 01 12 05 05 03
+5.60630555E-01 2021 01 12 05 10 02
+6.69038696E-01 2021 01 12 05 15 02
+6.10451907E-01 2021 01 12 05 20 02
+5.06104945E-01 2021 01 12 05 25 02
+6.09381640E-01 2021 01 12 05 30 02
+8.84274122E-01 2021 01 12 05 35 02
+9.41606990E-01 2021 01 12 05 40 02
+8.05656961E-01 2021 01 12 05 45 02
+8.67904807E-01 2021 01 12 05 50 02
+7.79585030E-01 2021 01 12 05 55 02
+5.59284489E-01 2021 01 12 06 00 02
+3.65900014E-01 2021 01 12 06 05 02
+2.57195990E-01 2021 01 12 06 10 02
+2.97282872E-01 2021 01 12 06 15 02
+3.12481339E-01 2021 01 12 06 20 02
+2.94163411E-01 2021 01 12 06 25 02
+2.41658840E-01 2021 01 12 06 30 03
+2.93923999E-01 2021 01 12 06 35 02
+3.80928654E-01 2021 01 12 06 40 02
+3.56982838E-01 2021 01 12 06 45 02
+3.99418002E-01 2021 01 12 06 50 02
+3.81028166E-01 2021 01 12 06 55 02
+3.41859478E-01 2021 01 12 07 00 02
+2.67959180E-01 2021 01 12 07 05 02
+2.37529499E-01 2021 01 12 07 10 02
+2.85021010E-01 2021 01 12 07 15 02
+2.28837551E-01 2021 01 12 07 20 02
+2.06166013E-01 2021 01 12 07 25 02
+1.58316592E-01 2021 01 12 07 30 03
+1.03500724E-01 2021 01 12 07 35 02
-1.17708001E-02 2021 01 12 07 40 02
+5.71495286E-02 2021 01 12 07 45 02
+2.32908168E-02 2021 01 12 07 50 02
+7.93257381E-02 2021 01 12 07 55 02
+2.23761595E-01 2021 01 12 08 00 02
+2.71359321E-01 2021 01 12 08 05 02
+1.63665130E-01 2021 01 12 08 10 02
+3.36971985E-02 2021 01 12 08 15 02
+6.51438075E-02 2021 01 12 08 20 02
+2.42582290E-02 2021 01 12 08 25 02
-1.00456861E-02 2021 01 12 08 30 03
-8.29122323E-02 2021 01 12 08 35 02
+2.34239708E-01 2021 01 12 08 40 02
-7.55309190E-02 2021 01 12 08 45 02
-7.07246327E-02 2021 01 12 08 50 02
-2.05130169E-01 2021 01 12 08 55 03
-2.11725092E-01 2021 01 12 09 00 02
-3.21577279E-01 2021 01 12 09 05 02
-2.65350566E-01 2021 01 12 09 10 02
-2.48373992E-01 2021 01 12 09 15 02
-2.51431710E-01 2021 01 12 09 20 02
-2.99879320E-01 2021 01 12 09 25 02
-4.67489901E-01 2021 01 12 09 30 02
-5.61174118E-01 2021 01 12 09 35 02
-4.63122478E-01 2021 01 12 09 40 02
-5.73446211E-01 2021 01 12 09 45 02
-5.45047572E-01 2021 01 12 09 50 02
-6.33355355E-01 2021 01 12 09 55 03
-7.91663385E-01 2021 01 12 10 00 02
-6.87671964E-01 2021 01 12 10 05 02
-8.33631967E-01 2021 01 12 10 10 02
-7.20635145E-01 2021 01 12 10 15 02
-8.42726947E-01 2021 01 12 10 20 02
-7.84783649E-01 2021 01 12 10 25 02
-7.37645170E-01 2021 01 12 10 30 02
-8.22483031E-01 2021 01 12 10 35 02
-9.20278657E-01 2021 01 12 10 40 02
-7.94042828E-01 2021 01 12 10 45 02
-6.61353533E-01 2021 01 12 10 50 02
-6.97513371E-01 2021 01 12 10 55 02
-8.17221397E-01 2021 01 12 11 00 02
-7.42564276E-01 2021 01 12 11 05 02
-8.91045255E-01 2021 01 12 11 10 02
-7.97516918E-01 2021 01 12 11 15 02
-8.34248215E-01 2021 01 12 11 20 03
-7.80967489E-01 2021 01 12 11 25 02
-7.46545052E-01 2021 01 12 11 30 02
-8.90007776E-01 2021 01 12 11 35 02
-1.02520816E+00 2021 01 12 11 40 02
-9.16940705E-01 2021 01 12 11 45 02
-9.64030095E-01 2021 01 12 11 50 02
-1.07530161E+00 2021 01 12 11 55 02
-9.77211870E-01 2021 01 12 12 00 02
-1.07391878E+00 2021 01 12 12 05 02
-1.00399760E+00 2021 01 12 12 10 02
-1.00889311E+00 2021 01 12 12 15 02
-1.03724572E+00 2021 01 12 12 20 03
-1.07225018E+00 2021 01 12 12 25 02
-1.05268141E+00 2021 01 12 12 30 02
-1.09189159E+00 2021 01 12 12 35 02
-1.12248189E+00 2021 01 12 12 40 02
-1.05314119E+00 2021 01 12 12 45 02
-9.38430669E-01 2021 01 12 12 50 02
-1.07710298E+00 2021 01 12 12 55 02
-9.87026715E-01 2021 01 12 13 00 02
-9.92692537E-01 2021 01 12 13 05 02
-9.68498272E-01 2021 01 12 13 10 02
-9.83662663E-01 2021 01 12 13 15 02
-9.58459576E-01 2021 01 12 13 20 02
-9.24704584E-01 2021 01 12 13 25 02
-9.21003938E-01 2021 01 12 13 30 02
-8.37884544E-01 2021 01 12 13 35 02
-7.67589576E-01 2021 01 12 13 40 02
-7.64586444E-01 2021 01 12 13 45 02
-7.54237164E-01 2021 01 12 13 50 02
-7.81603256E-01 2021 01 12 13 55 02
-7.39400781E-01 2021 01 12 14 00 02
-8.04971940E-01 2021 01 12 14 05 02
-7.96499093E-01 2021 01 12 14 10 03
-7.44070993E-01 2021 01 12 14 15 02
-7.69002473E-01 2021 01 12 14 20 02
-6.21913641E-01 2021 01 12 14 25 02
-7.48441321E-01 2021 01 12 14 30 02
-7.62472752E-01 2021 01 12 14 35 02
-6.67638159E-01 2021 01 12 14 40 02
-7.40082960E-01 2021 01 12 14 45 02
-6.10508765E-01 2021 01 12 14 50 02
-5.82562268E-01 2021 01 12 14 55 02
-5.28798344E-01 2021 01 12 15 00 02
-4.50128034E-01 2021 01 12 15 05 02
-6.61396764E-01 2021 01 12 15 10 02
-6.40269740E-01 2021 01 12 15 15 02
-5.86151629E-01 2021 01 12 15 20 02
-5.24748243E-01 2021 01 12 15 25 02
-5.31696402E-01 2021 01 12 15 30 02
-4.25126487E-01 2021 01 12 15 35 03
-4.44822080E-01 2021 01 12 15 40 02
-2.15283633E-01 2021 01 12 15 45 02
-2.96063113E-01 2021 01 12 15 50 02
-4.30787118E-01 2021 01 12 15 55 02
-3.01918164E-01 2021 01 12 16 00 02
-3.40670469E-01 2021 01 12 16 05 02
-3.63586331E-01 2021 01 12 16 10 02
-3.76461423E-01 2021 01 12 16 15 02
-4.18621367E-01 2021 01 12 16 20 02
-3.15445295E-01 2021 01 12 16 25 02
-3.26090570E-01 2021 01 12 16 30 02
-3.52801289E-01 2021 01 12 16 35 02
-3.12296169E-01 2021 01 12 16 40 02
-3.88228138E-01 2021 01 12 16 45 02
-3.40724789E-01 2021 01 12 16 50 02
-2.75943475E-01 2021 01 12 16 55 02
-2.97572945E-01 2021 01 12 17 00 03
-2.59723816E-01 2021 01 12 17 05 02
-2.72982667E-01 2021 01 12 17 10 02
-2.12646922E-01 2021 01 12 17 15 02
-1.93136896E-01 2021 01 12 17 20 02
-3.22494712E-01 2021 01 12 17 25 03
-2.28774695E-01 2021 01 12 17 30 02
-2.76905015E-01 2021 01 12 17 35 02
-3.34974373E-01 2021 01 12 17 40 02
-2.57532836E-01 2021 01 12 17 45 02
-2.61680516E-01 2021 01 12 17 50 03
-3.02457000E-01 2021 01 12 17 55 02
-3.63075242E-01 2021 01 12 18 00 02
-4.04106101E-01 2021 01 12 18 05 02
-3.34479802E-01 2021 01 12 18 10 02
-3.15422373E-01 2021 01 12 18 15 02
-3.21774911E-01 2021 01 12 18 20 02
-3.39774402E-01 2021 01 12 18 25 03
-2.72827925E-01 2021 01 12 18 30 02
-3.22561197E-01 2021 01 12 18 35 02
-3.55084580E-01 2021 01 12 18 40 02
-3.59368569E-01 2021 01 12 18 45 02
-4.04291229E-01 2021 01 12 18 50 03
-3.95342437E-01 2021 01 12 18 55 02
-4.14025456E-01 2021 01 12 19 00 02
-4.22259668E-01 2021 01 12 19 05 02
-4.66505568E-01 2021 01 12 19 10 02
-4.30016899E-01 2021 01 12 19 15 02
-4.35104804E-01 2021 01 12 19 20 02
-4.59286943E-01 2021 01 12 19 25 02
-6.82263849E-01 2021 01 12 19 30 02
-7.23787396E-01 2021 01 12 19 35 02
-6.32796179E-01 2021 01 12 19 40 02
-5.80952159E-01 2021 01 12 19 45 02
-5.50683568E-01 2021 01 12 19 50 03
-4.77923425E-01 2021 01 12 19 55 02
-3.93866210E-01 2021 01 12 20 00 02
-4.30944758E-01 2021 01 12 20 05 02
-4.53264661E-01 2021 01 12 20 10 02
-4.11268765E-01 2021 01 12 20 15 02
-4.87134185E-01 2021 01 12 20 20 02
-4.37057418E-01 2021 01 12 20 25 02
-5.30206586E-01 2021 01 12 20 30 02
-5.33113327E-01 2021 01 12 20 35 02
-6.37292908E-01 2021 01 12 20 40 02
-7.30077349E-01 2021 01 12 20 45 02
-7.90384429E-01 2021 01 12 20 50 03
-8.01445592E-01 2021 01 12 20 55 02
-7.29531551E-01 2021 01 12 21 00 02
-7.59842476E-01 2021 01 12 21 05 02
-8.03574615E-01 2021 01 12 21 10 02
-7.99638404E-01 2021 01 12 21 15 03
-8.01386759E-01 2021 01 12 21 20 02
-8.96515278E-01 2021 01 12 21 25 02
-8.23831112E-01 2021 01 12 21 30 02
-8.85238446E-01 2021 01 12 21 35 02
-9.63420896E-01 2021 01 12 21 40 02
-1.03840375E+00 2021 01 12 21 45 02
-9.39721367E-01 2021 01 12 21 50 02
-9.58454707E-01 2021 01 12 21 55 02
-9.40090322E-01 2021 01 12 22 00 02
-9.43518675E-01 2021 01 12 22 05 02
-1.01374660E+00 2021 01 12 22 10 02
-9.91020032E-01 2021 01 12 22 15 03
-1.04076288E+00 2021 01 12 22 20 02
-1.06414791E+00 2021 01 12 22 25 02
-1.06443220E+00 2021 01 12 22 30 02
-1.09434385E+00 2021 01 12 22 35 02
-1.13275560E+00 2021 01 12 22 40 02
-1.12112078E+00 2021 01 12 22 45 02
-1.13632920E+00 2021 01 12 22 50 02
-1.15401256E+00 2021 01 12 22 55 02
-1.06100237E+00 2021 01 12 23 00 02
-1.07293350E+00 2021 01 12 23 05 02
-1.00623207E+00 2021 01 12 23 10 02
-1.09873803E+00 2021 01 12 23 15 02
-9.78092530E-01 2021 01 12 23 20 02
-1.11093316E+00 2021 01 12 23 25 02
-1.07111598E+00 2021 01 12 23 30 02
-1.06921350E+00 2021 01 12 23 35 02
-1.11589675E+00 2021 01 12 23 40 03
-1.10930284E+00 2021 01 12 23 45 02
-1.16350704E+00 2021 01 12 23 50 02
-1.07907881E+00 2021 01 12 23 55 02
