-9.55182222E-01 2021 01 30 00 00 02
-9.89751155E-01 2021 01 30 00 05 02
-1.00197207E+00 2021 01 30 00 10 02
-1.08961178E+00 2021 01 30 00 15 02
-9.67958928E-01 2021 01 30 00 20 03
-9.50216044E-01 2021 01 30 00 25 02
-9.92390444E-01 2021 01 30 00 30 02
-1.02196752E+00 2021 01 30 00 35 02
-1.06398420E+00 2021 01 30 00 40 02
-1.11385356E+00 2021 01 30 00 45 03
-1.08385501E+00 2021 01 30 00 50 02
-1.10342102E+00 2021 01 30 00 55 02
-1.10202888E+00 2021 01 30 01 00 02
-1.07636094E+00 2021 01 30 01 05 02
-1.03707727E+00 2021 01 30 01 10 03
-1.02269763E+00 2021 01 30 01 15 02
-1.03036259E+00 2021 01 30 01 20 02
-1.01205127E+00 2021 01 30 01 25 02
-1.01693712E+00 2021 01 30 01 30 02
-1.00951070E+00 2021 01 30 01 35 02
-1.00917897E+00 2021 01 30 01 40 02
-1.01120879E+00 2021 01 30 01 45 02
-9.99698993E-01 2021 01 30 01 50 02
-9.93232419E-01 2021 01 30 01 55 02
-9.49347097E-01 2021 01 30 02 00 02
-8.98897148E-01 2021 01 30 02 05 02
-8.60908107E-01 2021 01 30 02 10 02
-8.39770749E-01 2021 01 30 02 15 02
-8.38201571E-01 2021 01 30 02 20 02
-8.28814642E-01 2021 01 30 02 25 02
-7.77178361E-01 2021 01 30 02 30 02
-7.81053719E-01 2021 01 30 02 35 03
-7.49845262E-01 2021 01 30 02 40 02
-7.67660697E-01 2021 01 30 02 45 02
-7.39071411E-01 2021 01 30 02 50 02
-7.01917316E-01 2021 01 30 02 55 02
-6.34748598E-01 2021 01 30 03 00 02
-6.36444165E-01 2021 01 30 03 05 02
-6.62632396E-01 2021 01 30 03 10 02
-6.24596456E-01 2021 01 30 03 15 02
-5.93866553E-01 2021 01 30 03 20 02
-5.66027223E-01 2021 01 30 03 25 02
-5.39828522E-01 2021 01 30 03 30 02
-5.75395810E-01 2021 01 30 03 35 02
-5.62301346E-01 2021 01 30 03 40 02
-4.98755577E-01 2021 01 30 03 45 02
-4.45664266E-01 2021 01 30 03 50 02
-4.24377367E-01 2021 01 30 03 55 02
-3.87902229E-01 2021 01 30 04 00 03
-3.52728443E-01 2021 01 30 04 05 02
-3.06374502E-01 2021 01 30 04 10 02
-2.85534220E-01 2021 01 30 04 15 02
-2.56862499E-01 2021 01 30 04 20 02
-2.31705402E-01 2021 01 30 04 25 03
-2.43103881E-01 2021 01 30 04 30 02
-2.21013128E-01 2021 01 30 04 35 02
-1.52128444E-01 2021 01 30 04 40 02
-8.85611546E-02 2021 01 30 04 45 02
-7.48033259E-02 2021 01 30 04 50 02
-7.98989343E-02 2021 01 30 04 55 02
-7.01660769E-02 2021 01 30 05 00 02
-2.06541816E-02 2021 01 30 05 05 02
-2.04027260E-02 2021 01 30 05 10 02
+6.73806106E-02 2021 01 30 05 15 02
+9.11346036E-02 2021 01 30 05 20 02
+1.29895015E-01 2021 01 30 05 25 02
+1.63965729E-01 2021 01 30 05 30 02
+1.92440129E-01 2021 01 30 05 35 02
+2.12145517E-01 2021 01 30 05 40 02
+2.21503475E-01 2021 01 30 05 45 02
+2.38100285E-01 2021 01 30 05 50 02
+2.26014604E-01 2021 01 30 05 55 02
+2.45240496E-01 2021 01 30 06 00 02
+2.50826048E-01 2021 01 30 06 05 02
+2.64878704E-01 2021 01 30 06 10 02
+3.01592452E-01 2021 01 30 06 15 03
+3.15173006E-01 2021 01 30 06 20 02
+3.78458677E-01 2021 01 30 06 25 02
+3.22524254E-01 2021 01 30 06 30 02
+4.15710394E-01 2021 01 30 06 35 02
+3.69141748E-01 2021 01 30 06 40 02
+3.68375754E-01 2021 01 30 06 45 02
+3.45008772E-01 2021 01 30 06 50 02
+3.89690661E-01 2021 01 30 06 55 02
+3.42715205E-01 2021 01 30 07 00 02
+3.43384261E-01 2021 01 30 07 05 02
+3.55630135E-01 2021 01 30 07 10 02
+3.28164348E-01 2021 01 30 07 15 02
+3.30919807E-01 2021 01 30 07 20 02
+3.41069707E-01 2021 01 30 07 25 02
+3.54934261E-01 2021 01 30 07 30 02
+3.97267107E-01 2021 01 30 07 35 02
+3.79327853E-01 2021 01 30 07 40 03
+3.58705543E-01 2021 01 30 07 45 02
+2.88597839E-01 2021 01 30 07 50 02
+2.53794552E-01 2021 01 30 07 55 02
+3.62048557E-01 2021 01 30 08 00 02
+2.83408862E-01 2021 01 30 08 05 03
+3.50040622E-01 2021 01 30 08 10 02
+2.82109768E-01 2021 01 30 08 15 02
+2.93585297E-01 2021 01 30 08 20 02
+2.10132079E-01 2021 01 30 08 25 02
+8.17404392E-02 2021 01 30 08 30 02
+2.40729263E-01 2021 01 30 08 35 02
+1.45806276E-01 2021 01 30 08 40 02
+1.73778301E-01 2021 01 30 08 45 02
+1.39374763E-01 2021 01 30 08 50 02
+1.88636634E-01 2021 01 30 08 55 02
+1.61294729E-01 2021 01 30 09 00 02
+1.84919883E-01 2021 01 30 09 05 03
+1.49707589E-01 2021 01 30 09 10 02
+4.61038379E-02 2021 01 30 09 15 02
+9.39300231E-02 2021 01 30 09 20 02
-6.74691216E-03 2021 01 30 09 25 02
+1.17071451E-01 2021 01 30 09 30 03
+1.05530748E-01 2021 01 30 09 35 02
+6.65189666E-02 2021 01 30 09 40 02
+8.54684943E-02 2021 01 30 09 45 02
-3.20623355E-02 2021 01 30 09 50 02
+2.30893649E-02 2021 01 30 09 55 02
-5.29700602E-02 2021 01 30 10 00 02
-7.82942160E-02 2021 01 30 10 05 02
-7.31734725E-02 2021 01 30 10 10 02
-1.07608851E-01 2021 01 30 10 15 02
-1.35532767E-01 2021 01 30 10 20 02
-2.14949195E-01 2021 01 30 10 25 02
-1.16706323E-01 2021 01 30 10 30 03
-2.43828293E-01 2021 01 30 10 35 02
-1.71939090E-01 2021 01 30 10 40 02
-2.59183717E-01 2021 01 30 10 45 02
-3.09707303E-01 2021 01 30 10 50 02
-3.10365542E-01 2021 01 30 10 55 03
-3.19639853E-01 2021 01 30 11 00 02
-3.91829163E-01 2021 01 30 11 05 02
-4.39395463E-01 2021 01 30 11 10 02
-4.20902316E-01 2021 01 30 11 15 02
-4.54842909E-01 2021 01 30 11 20 02
-4.29371852E-01 2021 01 30 11 25 02
-4.43505570E-01 2021 01 30 11 30 02
-5.19380864E-01 2021 01 30 11 35 02
-5.42662694E-01 2021 01 30 11 40 02
-5.98382659E-01 2021 01 30 11 45 02
-6.55274037E-01 2021 01 30 11 50 02
-6.19017208E-01 2021 01 30 11 55 02
-6.31278493E-01 2021 01 30 12 00 02
-6.53665821E-01 2021 01 30 12 05 02
-6.87349070E-01 2021 01 30 12 10 02
-7.25684862E-01 2021 01 30 12 15 02
-7.54696157E-01 2021 01 30 12 20 03
-7.23051243E-01 2021 01 30 12 25 02
-7.90862941E-01 2021 01 30 12 30 02
-7.78209030E-01 2021 01 30 12 35 02
-7.83628111E-01 2021 01 30 12 40 02
-8.42879800E-01 2021 01 30 12 45 03
-8.54723834E-01 2021 01 30 12 50 02
-8.34780673E-01 2021 01 30 12 55 02
-8.06353950E-01 2021 01 30 13 00 02
-8.21468934E-01 2021 01 30 13 05 02
-9.38259302E-01 2021 01 30 13 10 02
-8.74736867E-01 2021 01 30 13 15 02
-8.56341671E-01 2021 01 30 13 20 02
-8.34976749E-01 2021 01 30 13 25 02
-8.59431184E-01 2021 01 30 13 30 02
-9.71585133E-01 2021 01 30 13 35 02
-8.81922227E-01 2021 01 30 13 40 02
-8.49300237E-01 2021 01 30 13 45 02
-8.60699061E-01 2021 01 30 13 50 02
-9.18442183E-01 2021 01 30 13 55 02
-8.86534267E-01 2021 01 30 14 00 02
-9.34073110E-01 2021 01 30 14 05 02
-9.02867534E-01 2021 01 30 14 10 03
-8.72890146E-01 2021 01 30 14 15 02
-8.74151420E-01 2021 01 30 14 20 02
-9.14869942E-01 2021 01 30 14 25 02
-8.87821985E-01 2021 01 30 14 30 02
-7.82086727E-01 2021 01 30 14 35 03
-8.60679618E-01 2021 01 30 14 40 02
-8.29510459E-01 2021 01 30 14 45 02
-8.05211418E-01 2021 01 30 14 50 02
-7.47863379E-01 2021 01 30 14 55 02
-8.30453851E-01 2021 01 30 15 00 02
-7.95011583E-01 2021 01 30 15 05 02
-8.22359164E-01 2021 01 30 15 10 02
-7.35735509E-01 2021 01 30 15 15 02
-7.77150716E-01 2021 01 30 15 20 02
-7.72752074E-01 2021 01 30 15 25 02
-6.23030541E-01 2021 01 30 15 30 02
-7.15129684E-01 2021 01 30 15 35 02
-6.67741719E-01 2021 01 30 15 40 02
-6.68827056E-01 2021 01 30 15 45 02
-6.75475814E-01 2021 01 30 15 50 02
-6.65763110E-01 2021 01 30 15 55 02
-6.21506608E-01 2021 01 30 16 00 03
-5.89059765E-01 2021 01 30 16 05 02
-5.74745857E-01 2021 01 30 16 10 02
-5.61217749E-01 2021 01 30 16 15 02
-6.94966754E-01 2021 01 30 16 20 02
-5.17223306E-01 2021 01 30 16 25 02
-5.42143952E-01 2021 01 30 16 30 02
-5.12322010E-01 2021 01 30 16 35 02
-4.48259397E-01 2021 01 30 16 40 02
-4.79484716E-01 2021 01 30 16 45 02
-4.85620338E-01 2021 01 30 16 50 02
-4.21633628E-01 2021 01 30 16 55 02
-4.59779107E-01 2021 01 30 17 00 02
-3.94581783E-01 2021 01 30 17 05 02
-4.59636525E-01 2021 01 30 17 10 02
-4.39571519E-01 2021 01 30 17 15 02
-3.85425544E-01 2021 01 30 17 20 02
-3.51739664E-01 2021 01 30 17 25 03
-3.18352458E-01 2021 01 30 17 30 02
-3.31078222E-01 2021 01 30 17 35 02
-3.87992245E-01 2021 01 30 17 40 02
-3.21736660E-01 2021 01 30 17 45 02
-2.38961454E-01 2021 01 30 17 50 03
-2.81552678E-01 2021 01 30 17 55 02
-2.30656674E-01 2021 01 30 18 00 02
-3.16537166E-01 2021 01 30 18 05 02
-3.12961375E-01 2021 01 30 18 10 02
-2.27640345E-01 2021 01 30 18 15 03
-2.52851217E-01 2021 01 30 18 20 02
-2.43303489E-01 2021 01 30 18 25 02
-1.76437279E-01 2021 01 30 18 30 02
-1.49247326E-01 2021 01 30 18 35 02
-2.17227432E-01 2021 01 30 18 40 02
-1.67055930E-01 2021 01 30 18 45 02
-1.61610130E-01 2021 01 30 18 50 02
-1.93382928E-01 2021 01 30 18 55 02
-1.85444665E-01 2021 01 30 19 00 02
-1.51698401E-01 2021 01 30 19 05 02
-2.22498385E-01 2021 01 30 19 10 02
-1.56930729E-01 2021 01 30 19 15 03
-1.31304440E-01 2021 01 30 19 20 02
-7.76206615E-02 2021 01 30 19 25 02
-7.76794813E-02 2021 01 30 19 30 02
-1.26231617E-01 2021 01 30 19 35 02
-1.17642122E-01 2021 01 30 19 40 03
-1.40330129E-01 2021 01 30 19 45 02
-1.11414547E-01 2021 01 30 19 50 02
-8.45024287E-02 2021 01 30 19 55 02
-1.21328055E-01 2021 01 30 20 00 02
-1.03740891E-01 2021 01 30 20 05 02
-8.82929187E-02 2021 01 30 20 10 02
-1.27408836E-01 2021 01 30 20 15 02
-1.38887668E-01 2021 01 30 20 20 02
-1.58024888E-01 2021 01 30 20 25 02
-1.80668272E-01 2021 01 30 20 30 02
-7.16224411E-02 2021 01 30 20 35 02
-1.76371101E-01 2021 01 30 20 40 03
-1.29681323E-01 2021 01 30 20 45 02
-1.78135749E-01 2021 01 30 20 50 02
-2.62619067E-01 2021 01 30 20 55 02
-2.65815461E-01 2021 01 30 21 00 02
-3.36809198E-01 2021 01 30 21 05 02
-2.78787051E-01 2021 01 30 21 10 02
-2.70473364E-01 2021 01 30 21 15 02
-2.85862990E-01 2021 01 30 21 20 02
-3.05108496E-01 2021 01 30 21 25 02
-2.58798651E-01 2021 01 30 21 30 02
-3.35289956E-01 2021 01 30 21 35 02
-3.81716996E-01 2021 01 30 21 40 02
-4.05607951E-01 2021 01 30 21 45 02
-3.92515239E-01 2021 01 30 21 50 02
-3.51550330E-01 2021 01 30 21 55 02
-4.33710442E-01 2021 01 30 22 00 02
-4.53102452E-01 2021 01 30 22 05 02
-5.20043361E-01 2021 01 30 22 10 02
-5.73418836E-01 2021 01 30 22 15 03
-5.46421399E-01 2021 01 30 22 20 02
-7.51031064E-01 2021 01 30 22 25 02
-5.81042741E-01 2021 01 30 22 30 02
-6.07308868E-01 2021 01 30 22 35 02
-5.90846883E-01 2021 01 30 22 40 03
-6.43969518E-01 2021 01 30 22 45 02
-6.40856820E-01 2021 01 30 22 50 02
-6.48755750E-01 2021 01 30 22 55 02
-6.90099399E-01 2021 01 30 23 00 02
-6.68960838E-01 2021 01 30 23 05 02
-6.76497703E-01 2021 01 30 23 10 02
-7.38496488E-01 2021 01 30 23 15 02
-7.77701999E-01 2021 01 30 23 20 02
-7.65065353E-01 2021 01 30 23 25 02
-7.69687945E-01 2021 01 30 23 30 02
-8.33607132E-01 2021 01 30 23 35 02
-8.40995040E-01 2021 01 30 23 40 03
-8.48484099E-01 2021 01 30 23 45 02
-8.30731284E-01 2021 01 30 23 50 02
-8.89664937E-01 2021 01 30 23 55 02
