-1.94957934E-01 2021 01 05 00 00 02
-2.65086245E-01 2021 01 05 00 05 02
-2.40448572E-01 2021 01 05 00 10 02
-2.71841237E-01 2021 01 05 00 15 02
-2.99637559E-01 2021 01 05 00 20 02
-3.14656208E-01 2021 01 05 00 25 02
-3.49366982E-01 2021 01 05 00 30 02
-3.82604629E-01 2021 01 05 00 35 02
-4.04941227E-01 2021 01 05 00 40 03
-4.07132473E-01 2021 01 05 00 45 02
-3.83496827E-01 2021 01 05 00 50 02
-3.10738083E-01 2021 01 05 00 55 02
-3.56879998E-01 2021 01 05 01 00 02
-4.55145662E-01 2021 01 05 01 05 03
-4.97002900E-01 2021 01 05 01 10 02
-4.82250205E-01 2021 01 05 01 15 02
-5.39314831E-01 2021 01 05 01 20 02
-5.30704286E-01 2021 01 05 01 25 02
-4.88326367E-01 2021 01 05 01 30 02
-5.13972092E-01 2021 01 05 01 35 02
-5.10693847E-01 2021 01 05 01 40 03
-5.38458235E-01 2021 01 05 01 45 02
-5.86708157E-01 2021 01 05 01 50 02
-6.06321366E-01 2021 01 05 01 55 02
-6.12709060E-01 2021 01 05 02 00 02
-6.28166199E-01 2021 01 05 02 05 03
-6.24615725E-01 2021 01 05 02 10 02
-6.57731671E-01 2021 01 05 02 15 02
-6.53645222E-01 2021 01 05 02 20 02
-6.54280430E-01 2021 01 05 02 25 02
-6.47218991E-01 2021 01 05 02 30 02
-6.80672150E-01 2021 01 05 02 35 02
-7.05257139E-01 2021 01 05 02 40 02
-7.33642506E-01 2021 01 05 02 45 02
-7.34635399E-01 2021 01 05 02 50 02
-6.94925959E-01 2021 01 05 02 55 02
-7.04698739E-01 2021 01 05 03 00 02
-7.05601278E-01 2021 01 05 03 05 03
-7.26452978E-01 2021 01 05 03 10 02
-7.36682555E-01 2021 01 05 03 15 02
-7.37688799E-01 2021 01 05 03 20 02
-7.44838581E-01 2021 01 05 03 25 02
-7.44238833E-01 2021 01 05 03 30 03
-7.29323437E-01 2021 01 05 03 35 02
-7.34081467E-01 2021 01 05 03 40 02
-7.19894900E-01 2021 01 05 03 45 02
-7.19234035E-01 2021 01 05 03 50 02
-7.33778860E-01 2021 01 05 03 55 02
-7.30393921E-01 2021 01 05 04 00 02
-7.42710173E-01 2021 01 05 04 05 02
-7.76485689E-01 2021 01 05 04 10 02
-7.91373582E-01 2021 01 05 04 15 02
-7.21693714E-01 2021 01 05 04 20 02
-7.30783292E-01 2021 01 05 04 25 02
-7.39199630E-01 2021 01 05 04 30 03
-7.36861437E-01 2021 01 05 04 35 02
-7.45390946E-01 2021 01 05 04 40 02
-7.31930625E-01 2021 01 05 04 45 02
-7.18937997E-01 2021 01 05 04 50 02
-7.05935934E-01 2021 01 05 04 55 03
-6.78031192E-01 2021 01 05 05 00 02
-6.77048348E-01 2021 01 05 05 05 02
-6.62457481E-01 2021 01 05 05 10 02
-6.77179580E-01 2021 01 05 05 15 02
-6.74547196E-01 2021 01 05 05 20 02
-6.52149902E-01 2021 01 05 05 25 02
-6.22008084E-01 2021 01 05 05 30 02
-6.08997912E-01 2021 01 05 05 35 02
-5.74583527E-01 2021 01 05 05 40 02
-5.68638779E-01 2021 01 05 05 45 02
-6.37201130E-01 2021 01 05 05 50 02
-6.35446719E-01 2021 01 05 05 55 03
-5.27632488E-01 2021 01 05 06 00 02
-4.87799535E-01 2021 01 05 06 05 02
-4.83446337E-01 2021 01 05 06 10 02
-4.50710906E-01 2021 01 05 06 15 02
-4.52847076E-01 2021 01 05 06 20 02
-4.01477541E-01 2021 01 05 06 25 02
-4.43795351E-01 2021 01 05 06 30 02
-3.86808814E-01 2021 01 05 06 35 02
-3.56423834E-01 2021 01 05 06 40 02
-3.15259727E-01 2021 01 05 06 45 02
-2.53962112E-01 2021 01 05 06 50 02
-2.65886071E-01 2021 01 05 06 55 03
-2.20309620E-01 2021 01 05 07 00 02
-2.01312004E-01 2021 01 05 07 05 02
-2.77118110E-01 2021 01 05 07 10 02
-2.74347570E-01 2021 01 05 07 15 02
-3.49904314E-01 2021 01 05 07 20 02
-2.38619284E-01 2021 01 05 07 25 02
-2.36158903E-01 2021 01 05 07 30 02
-2.22267574E-01 2021 01 05 07 35 02
-2.27169814E-01 2021 01 05 07 40 02
-2.28666692E-01 2021 01 05 07 45 02
-2.32477624E-01 2021 01 05 07 50 02
-1.94762564E-01 2021 01 05 07 55 03
-2.23245730E-01 2021 01 05 08 00 02
-2.35290953E-01 2021 01 05 08 05 02
-2.26987455E-01 2021 01 05 08 10 02
-3.12607379E-01 2021 01 05 08 15 02
-2.24197821E-01 2021 01 05 08 20 02
-1.79351172E-01 2021 01 05 08 25 02
-1.99156989E-01 2021 01 05 08 30 02
-3.17970358E-01 2021 01 05 08 35 02
-2.30854187E-01 2021 01 05 08 40 02
-2.22690548E-01 2021 01 05 08 45 02
-1.47206208E-01 2021 01 05 08 50 02
-1.22298323E-01 2021 01 05 08 55 03
-2.13915283E-01 2021 01 05 09 00 02
-2.65704013E-01 2021 01 05 09 05 02
-2.93852842E-01 2021 01 05 09 10 02
-1.37159108E-01 2021 01 05 09 15 02
-1.22371581E-01 2021 01 05 09 20 03
-1.22923880E-01 2021 01 05 09 25 02
-8.86044383E-02 2021 01 05 09 30 02
-2.82580814E-02 2021 01 05 09 35 02
-9.37725004E-02 2021 01 05 09 40 02
-4.23520670E-02 2021 01 05 09 45 02
+4.19640861E-02 2021 01 05 09 50 02
-9.84093607E-02 2021 01 05 09 55 02
-8.69201401E-02 2021 01 05 10 00 02
-3.20704890E-02 2021 01 05 10 05 02
-6.81649661E-02 2021 01 05 10 10 02
+1.50484965E-02 2021 01 05 10 15 02
-6.00018004E-02 2021 01 05 10 20 02
+2.71384838E-04 2021 01 05 10 25 02
+2.06925303E-02 2021 01 05 10 30 02
-1.71585286E-02 2021 01 05 10 35 02
+3.50268228E-02 2021 01 05 10 40 02
+7.54389754E-02 2021 01 05 10 45 03
-9.37853828E-03 2021 01 05 10 50 02
-1.20912017E-02 2021 01 05 10 55 02
+8.03644955E-02 2021 01 05 11 00 02
+3.60090747E-02 2021 01 05 11 05 02
-1.60190140E-02 2021 01 05 11 10 03
+4.72821173E-02 2021 01 05 11 15 02
+4.25913703E-02 2021 01 05 11 20 02
+1.38282965E-01 2021 01 05 11 25 02
+1.79014476E-01 2021 01 05 11 30 02
+1.76119244E-01 2021 01 05 11 35 02
+2.04544197E-01 2021 01 05 11 40 02
+2.11400394E-01 2021 01 05 11 45 02
+3.01344586E-01 2021 01 05 11 50 02
+3.15402820E-01 2021 01 05 11 55 02
+3.08125194E-01 2021 01 05 12 00 02
+3.00485660E-01 2021 01 05 12 05 02
+4.01324508E-01 2021 01 05 12 10 03
+2.05110209E-01 2021 01 05 12 15 02
+2.07171883E-01 2021 01 05 12 20 02
+2.23249520E-01 2021 01 05 12 25 02
+1.66890426E-01 2021 01 05 12 30 02
+1.94887467E-01 2021 01 05 12 35 03
+1.33214283E-01 2021 01 05 12 40 02
+7.44810096E-02 2021 01 05 12 45 02
+1.71947339E-01 2021 01 05 12 50 02
+3.00903473E-03 2021 01 05 12 55 02
+1.58680921E-01 2021 01 05 13 00 02
+5.63808972E-02 2021 01 05 13 05 02
-5.24127188E-03 2021 01 05 13 10 02
-8.21753884E-02 2021 01 05 13 15 02
-5.78776592E-02 2021 01 05 13 20 02
-7.75861927E-02 2021 01 05 13 25 02
-1.68654219E-01 2021 01 05 13 30 02
-1.81540324E-01 2021 01 05 13 35 03
-2.25151642E-01 2021 01 05 13 40 02
-2.49649740E-01 2021 01 05 13 45 02
-2.86409604E-01 2021 01 05 13 50 02
-3.09162132E-01 2021 01 05 13 55 02
-3.62054171E-01 2021 01 05 14 00 02
-5.42502921E-01 2021 01 05 14 05 02
-4.43363180E-01 2021 01 05 14 10 02
-5.15631110E-01 2021 01 05 14 15 02
-4.40658333E-01 2021 01 05 14 20 02
-4.93812058E-01 2021 01 05 14 25 02
-5.34250908E-01 2021 01 05 14 30 02
-5.26966791E-01 2021 01 05 14 35 02
-5.57680849E-01 2021 01 05 14 40 02
-5.93928527E-01 2021 01 05 14 45 02
-6.86484073E-01 2021 01 05 14 50 02
-6.52667565E-01 2021 01 05 14 55 02
-7.05643696E-01 2021 01 05 15 00 02
-6.89984463E-01 2021 01 05 15 05 02
-6.78734463E-01 2021 01 05 15 10 02
-6.53791850E-01 2021 01 05 15 15 02
-6.51584670E-01 2021 01 05 15 20 02
-6.18704272E-01 2021 01 05 15 25 02
-6.18881352E-01 2021 01 05 15 30 02
-6.61899486E-01 2021 01 05 15 35 03
-6.51242574E-01 2021 01 05 15 40 02
-5.93788608E-01 2021 01 05 15 45 02
-7.33045029E-01 2021 01 05 15 50 02
-6.85836409E-01 2021 01 05 15 55 02
-7.46605806E-01 2021 01 05 16 00 03
-6.45342629E-01 2021 01 05 16 05 02
-7.18752323E-01 2021 01 05 16 10 02
-7.01098368E-01 2021 01 05 16 15 02
-7.75535498E-01 2021 01 05 16 20 02
-7.95004791E-01 2021 01 05 16 25 02
-7.46001170E-01 2021 01 05 16 30 02
-7.11741416E-01 2021 01 05 16 35 02
-7.11519633E-01 2021 01 05 16 40 02
-6.97525842E-01 2021 01 05 16 45 02
-7.24276077E-01 2021 01 05 16 50 02
-6.73333791E-01 2021 01 05 16 55 02
-6.31857904E-01 2021 01 05 17 00 02
-6.28028414E-01 2021 01 05 17 05 02
-5.99113307E-01 2021 01 05 17 10 02
-5.55177179E-01 2021 01 05 17 15 02
-6.30132571E-01 2021 01 05 17 20 02
-6.31376338E-01 2021 01 05 17 25 03
-6.09986176E-01 2021 01 05 17 30 02
-5.96069533E-01 2021 01 05 17 35 02
-6.59203742E-01 2021 01 05 17 40 02
-6.70464822E-01 2021 01 05 17 45 02
-6.68042134E-01 2021 01 05 17 50 02
-7.04903941E-01 2021 01 05 17 55 02
-6.30981847E-01 2021 01 05 18 00 02
-6.44936555E-01 2021 01 05 18 05 02
-6.31125369E-01 2021 01 05 18 10 02
-7.31010839E-01 2021 01 05 18 15 02
-6.47654094E-01 2021 01 05 18 20 02
-6.46146953E-01 2021 01 05 18 25 03
-6.21143783E-01 2021 01 05 18 30 02
-6.23044673E-01 2021 01 05 18 35 02
-6.17720764E-01 2021 01 05 18 40 02
-6.06715450E-01 2021 01 05 18 45 02
-6.26044101E-01 2021 01 05 18 50 02
-5.59179713E-01 2021 01 05 18 55 02
-6.11677548E-01 2021 01 05 19 00 02
-5.26990454E-01 2021 01 05 19 05 02
-5.95072387E-01 2021 01 05 19 10 02
-4.95114066E-01 2021 01 05 19 15 02
-5.35130823E-01 2021 01 05 19 20 02
-4.18731362E-01 2021 01 05 19 25 02
-3.57010980E-01 2021 01 05 19 30 02
-4.06804323E-01 2021 01 05 19 35 02
-3.96203610E-01 2021 01 05 19 40 02
-3.45431996E-01 2021 01 05 19 45 02
-3.17972254E-01 2021 01 05 19 50 03
-3.25681335E-01 2021 01 05 19 55 02
-3.41349313E-01 2021 01 05 20 00 02
-2.70807023E-01 2021 01 05 20 05 02
-2.80159028E-01 2021 01 05 20 10 02
-2.77039483E-01 2021 01 05 20 15 03
-2.73707263E-01 2021 01 05 20 20 02
-2.62288286E-01 2021 01 05 20 25 02
-2.58371598E-01 2021 01 05 20 30 02
-2.37956145E-01 2021 01 05 20 35 02
-1.34086445E-01 2021 01 05 20 40 02
-3.27475299E-01 2021 01 05 20 45 02
-2.36132748E-01 2021 01 05 20 50 03
-2.15120078E-01 2021 01 05 20 55 02
-1.81463797E-01 2021 01 05 21 00 02
-1.91987443E-01 2021 01 05 21 05 02
-1.02615673E-01 2021 01 05 21 10 02
-1.95489488E-01 2021 01 05 21 15 03
-2.25223882E-01 2021 01 05 21 20 02
-4.09456987E-01 2021 01 05 21 25 02
-3.34845472E-01 2021 01 05 21 30 02
-2.61273081E-01 2021 01 05 21 35 02
-3.50393230E-02 2021 01 05 21 40 02
+9.51715873E-02 2021 01 05 21 45 02
-8.41615706E-02 2021 01 05 21 50 02
-7.10277822E-02 2021 01 05 21 55 02
-1.83481691E-01 2021 01 05 22 00 02
-2.72379210E-01 2021 01 05 22 05 02
-3.86236744E-01 2021 01 05 22 10 02
-2.28959282E-01 2021 01 05 22 15 02
-3.18110933E-01 2021 01 05 22 20 02
-3.66306180E-01 2021 01 05 22 25 02
-1.12752099E+00 2021 01 05 22 30 02
-1.41395575E+00 2021 01 05 22 35 02
-9.19313566E-01 2021 01 05 22 40 03
-1.34938953E+00 2021 01 05 22 45 02
-9.88853741E-01 2021 01 05 22 50 02
-1.07847497E+00 2021 01 05 22 55 02
-6.45285933E-01 2021 01 05 23 00 02
-2.55431014E-01 2021 01 05 23 05 03
-2.09760319E-02 2021 01 05 23 10 02
+1.06197465E-01 2021 01 05 23 15 02
+6.28518595E-02 2021 01 05 23 20 02
+1.52724820E-01 2021 01 05 23 25 02
+7.68954696E-02 2021 01 05 23 30 02
+1.05370287E-01 2021 01 05 23 35 02
+6.55441847E-02 2021 01 05 23 40 02
+1.90402309E-01 2021 01 05 23 45 02
+1.10835801E-01 2021 01 05 23 50 02
-1.74226193E-01 2021 01 05 23 55 02
