-6.46564220E-01 2021 01 03 00 00 02
-6.23668864E-01 2021 01 03 00 05 02
-6.31407000E-01 2021 01 03 00 10 02
-6.68334423E-01 2021 01 03 00 15 02
-6.90459390E-01 2021 01 03 00 20 02
-6.73919548E-01 2021 01 03 00 25 02
-7.05199500E-01 2021 01 03 00 30 02
-6.64977459E-01 2021 01 03 00 35 02
-6.08462389E-01 2021 01 03 00 40 02
-7.01968080E-01 2021 01 03 00 45 03
-8.73580370E-01 2021 01 03 00 50 02
-7.17854160E-01 2021 01 03 00 55 02
-8.09315025E-01 2021 01 03 01 00 02
-7.75865553E-01 2021 01 03 01 05 02
-7.47749848E-01 2021 01 03 01 10 03
-8.37587114E-01 2021 01 03 01 15 02
-8.96892937E-01 2021 01 03 01 20 02
-8.55952661E-01 2021 01 03 01 25 02
-8.10885562E-01 2021 01 03 01 30 02
-8.11543925E-01 2021 01 03 01 35 02
-8.94134643E-01 2021 01 03 01 40 02
-9.17520655E-01 2021 01 03 01 45 02
-8.47635888E-01 2021 01 03 01 50 02
-8.73229907E-01 2021 01 03 01 55 02
-8.84069730E-01 2021 01 03 02 00 02
-8.67823387E-01 2021 01 03 02 05 02
-8.90491709E-01 2021 01 03 02 10 03
-9.15048226E-01 2021 01 03 02 15 02
-9.30424835E-01 2021 01 03 02 20 02
-9.37844158E-01 2021 01 03 02 25 02
-9.35163311E-01 2021 01 03 02 30 02
-8.85983015E-01 2021 01 03 02 35 03
-8.66829835E-01 2021 01 03 02 40 02
-8.58826460E-01 2021 01 03 02 45 02
-8.86456856E-01 2021 01 03 02 50 02
-9.14262111E-01 2021 01 03 02 55 02
-8.32807866E-01 2021 01 03 03 00 03
-8.79420384E-01 2021 01 03 03 05 02
-8.59947717E-01 2021 01 03 03 10 02
-8.62601486E-01 2021 01 03 03 15 02
-8.35622221E-01 2021 01 03 03 20 02
-8.15949757E-01 2021 01 03 03 25 02
-8.56924195E-01 2021 01 03 03 30 02
-8.40986866E-01 2021 01 03 03 35 02
-8.25254328E-01 2021 01 03 03 40 02
-8.10160223E-01 2021 01 03 03 45 02
-7.82878530E-01 2021 01 03 03 50 02
-7.65404752E-01 2021 01 03 03 55 02
-7.41133189E-01 2021 01 03 04 00 02
-7.22963852E-01 2021 01 03 04 05 02
-6.98864642E-01 2021 01 03 04 10 02
-6.91305084E-01 2021 01 03 04 15 02
-6.72233384E-01 2021 01 03 04 20 02
-6.34092266E-01 2021 01 03 04 25 02
-5.66133968E-01 2021 01 03 04 30 02
-5.67586856E-01 2021 01 03 04 35 02
-5.55434672E-01 2021 01 03 04 40 02
-5.52059514E-01 2021 01 03 04 45 02
-4.64783073E-01 2021 01 03 04 50 03
-4.85009355E-01 2021 01 03 04 55 02
-4.49249569E-01 2021 01 03 05 00 02
-4.71257853E-01 2021 01 03 05 05 02
-4.28524215E-01 2021 01 03 05 10 02
-4.30014563E-01 2021 01 03 05 15 02
-3.93124832E-01 2021 01 03 05 20 02
-3.71353633E-01 2021 01 03 05 25 02
-3.46712810E-01 2021 01 03 05 30 02
-3.42377434E-01 2021 01 03 05 35 02
-2.88256344E-01 2021 01 03 05 40 02
-2.54700574E-01 2021 01 03 05 45 02
-2.98796093E-01 2021 01 03 05 50 03
-2.77341842E-01 2021 01 03 05 55 02
-2.43578086E-01 2021 01 03 06 00 02
-1.94070512E-01 2021 01 03 06 05 02
-1.44481945E-01 2021 01 03 06 10 02
-1.10456592E-01 2021 01 03 06 15 03
-8.27581620E-02 2021 01 03 06 20 02
-3.49381207E-02 2021 01 03 06 25 02
-7.33395626E-02 2021 01 03 06 30 02
+1.87102446E-02 2021 01 03 06 35 02
+1.00791867E-02 2021 01 03 06 40 02
+2.19215127E-02 2021 01 03 06 45 02
-7.56614425E-02 2021 01 03 06 50 03
+3.86392225E-02 2021 01 03 06 55 02
+1.57659641E-01 2021 01 03 07 00 02
+1.14692350E-01 2021 01 03 07 05 02
+1.59127314E-01 2021 01 03 07 10 02
+3.29060965E-02 2021 01 03 07 15 03
+1.03546020E-02 2021 01 03 07 20 02
+4.01775843E-02 2021 01 03 07 25 02
+6.31330963E-03 2021 01 03 07 30 02
+2.62877296E-02 2021 01 03 07 35 02
+2.91462248E-02 2021 01 03 07 40 02
-3.06317690E-02 2021 01 03 07 45 02
+1.00115948E-01 2021 01 03 07 50 02
+7.55277309E-02 2021 01 03 07 55 02
+6.70098860E-02 2021 01 03 08 00 02
+8.48688011E-02 2021 01 03 08 05 02
+8.59809234E-02 2021 01 03 08 10 02
+1.10852806E-01 2021 01 03 08 15 03
+4.64518747E-02 2021 01 03 08 20 02
+4.92539529E-02 2021 01 03 08 25 02
+9.28583916E-02 2021 01 03 08 30 02
+1.19646041E-01 2021 01 03 08 35 02
+1.30113199E-01 2021 01 03 08 40 03
+1.66709057E-01 2021 01 03 08 45 02
+2.03963086E-01 2021 01 03 08 50 02
+2.25075464E-01 2021 01 03 08 55 02
+1.13807681E-01 2021 01 03 09 00 02
+1.46088958E-01 2021 01 03 09 05 02
+1.60497618E-01 2021 01 03 09 10 02
+1.85480056E-01 2021 01 03 09 15 02
+2.20621743E-01 2021 01 03 09 20 02
+1.84818146E-01 2021 01 03 09 25 02
+1.53026360E-01 2021 01 03 09 30 02
+1.71707406E-01 2021 01 03 09 35 02
+2.06331530E-01 2021 01 03 09 40 03
+2.05713786E-01 2021 01 03 09 45 02
+1.95097740E-01 2021 01 03 09 50 02
+1.97853198E-01 2021 01 03 09 55 02
+2.32169926E-01 2021 01 03 10 00 02
+2.47139998E-01 2021 01 03 10 05 03
+2.24190447E-01 2021 01 03 10 10 02
+2.94344281E-01 2021 01 03 10 15 02
+3.05077904E-01 2021 01 03 10 20 02
+2.46604868E-01 2021 01 03 10 25 02
+2.36882774E-01 2021 01 03 10 30 02
+1.45808397E-01 2021 01 03 10 35 02
+2.24344891E-01 2021 01 03 10 40 02
+2.14845885E-01 2021 01 03 10 45 02
+6.01482068E-02 2021 01 03 10 50 02
+2.31602114E-01 2021 01 03 10 55 02
+2.22359034E-01 2021 01 03 11 00 02
+2.44670194E-01 2021 01 03 11 05 02
+2.16243088E-01 2021 01 03 11 10 02
+2.24551176E-01 2021 01 03 11 15 02
+2.48664768E-01 2021 01 03 11 20 02
+3.19466536E-01 2021 01 03 11 25 02
+2.72516388E-01 2021 01 03 11 30 03
+2.55636184E-01 2021 01 03 11 35 02
+3.38819221E-01 2021 01 03 11 40 02
+3.72349682E-01 2021 01 03 11 45 02
+3.76290979E-01 2021 01 03 11 50 02
+3.32862772E-01 2021 01 03 11 55 03
+2.36838980E-01 2021 01 03 12 00 02
+2.47775815E-01 2021 01 03 12 05 02
+1.63282745E-01 2021 01 03 12 10 02
+1.70102888E-01 2021 01 03 12 15 02
+1.37771204E-01 2021 01 03 12 20 02
+1.34730733E-01 2021 01 03 12 25 02
+1.22529619E-01 2021 01 03 12 30 02
+1.15048459E-01 2021 01 03 12 35 02
-4.16670425E-03 2021 01 03 12 40 02
-7.83129598E-02 2021 01 03 12 45 02
-8.81476394E-02 2021 01 03 12 50 02
-1.21920076E-01 2021 01 03 12 55 03
-1.24598814E-01 2021 01 03 13 00 02
-2.00004350E-01 2021 01 03 13 05 02
-1.68848277E-01 2021 01 03 13 10 02
-2.64082988E-01 2021 01 03 13 15 02
-2.96195977E-01 2021 01 03 13 20 02
-3.02646483E-01 2021 01 03 13 25 02
-4.73935435E-01 2021 01 03 13 30 02
-4.08122051E-01 2021 01 03 13 35 02
-4.42931220E-01 2021 01 03 13 40 02
-4.86967892E-01 2021 01 03 13 45 02
-5.16160693E-01 2021 01 03 13 50 02
-5.82821081E-01 2021 01 03 13 55 02
-5.93629387E-01 2021 01 03 14 00 02
-6.37348695E-01 2021 01 03 14 05 02
-6.43861546E-01 2021 01 03 14 10 02
-6.53801791E-01 2021 01 03 14 15 02
-6.07311881E-01 2021 01 03 14 20 03
-6.45014579E-01 2021 01 03 14 25 02
-6.76850761E-01 2021 01 03 14 30 02
-7.07650269E-01 2021 01 03 14 35 02
-7.01902498E-01 2021 01 03 14 40 02
-6.44417806E-01 2021 01 03 14 45 03
-7.15299985E-01 2021 01 03 14 50 02
-7.80703321E-01 2021 01 03 14 55 02
-7.51575997E-01 2021 01 03 15 00 02
-8.02401568E-01 2021 01 03 15 05 02
-7.47150961E-01 2021 01 03 15 10 02
-7.69011377E-01 2021 01 03 15 15 02
-6.75552826E-01 2021 01 03 15 20 02
-7.98228007E-01 2021 01 03 15 25 02
-7.86105996E-01 2021 01 03 15 30 02
-8.13877637E-01 2021 01 03 15 35 02
-8.66292279E-01 2021 01 03 15 40 02
-7.79135946E-01 2021 01 03 15 45 03
-7.68410650E-01 2021 01 03 15 50 02
-7.32327236E-01 2021 01 03 15 55 02
-7.45597823E-01 2021 01 03 16 00 02
-7.11641921E-01 2021 01 03 16 05 02
-7.28612660E-01 2021 01 03 16 10 03
-7.66202048E-01 2021 01 03 16 15 02
-7.04278457E-01 2021 01 03 16 20 02
-7.39577974E-01 2021 01 03 16 25 02
-6.84355926E-01 2021 01 03 16 30 02
-7.40083820E-01 2021 01 03 16 35 02
-6.90954626E-01 2021 01 03 16 40 02
-6.41147115E-01 2021 01 03 16 45 02
-7.31934969E-01 2021 01 03 16 50 02
-6.24825612E-01 2021 01 03 16 55 02
-6.56184843E-01 2021 01 03 17 00 02
-6.52421178E-01 2021 01 03 17 05 02
-6.61050935E-01 2021 01 03 17 10 03
-6.17340531E-01 2021 01 03 17 15 02
-6.20376309E-01 2021 01 03 17 20 02
-6.53023751E-01 2021 01 03 17 25 02
-5.87862180E-01 2021 01 03 17 30 02
-5.83011408E-01 2021 01 03 17 35 02
-5.13152009E-01 2021 01 03 17 40 02
-5.20378074E-01 2021 01 03 17 45 02
-5.11988887E-01 2021 01 03 17 50 02
-5.06071640E-01 2021 01 03 17 55 02
-5.13976836E-01 2021 01 03 18 00 02
-4.68631458E-01 2021 01 03 18 05 02
-4.72895482E-01 2021 01 03 18 10 03
-4.75670729E-01 2021 01 03 18 15 02
-4.41816260E-01 2021 01 03 18 20 02
-5.23338585E-01 2021 01 03 18 25 02
-4.41587150E-01 2021 01 03 18 30 02
-4.47544105E-01 2021 01 03 18 35 02
-3.86802217E-01 2021 01 03 18 40 02
-3.95820864E-01 2021 01 03 18 45 02
-3.55647497E-01 2021 01 03 18 50 02
-3.79481736E-01 2021 01 03 18 55 02
-3.31504985E-01 2021 01 03 19 00 02
-3.14718195E-01 2021 01 03 19 05 02
-2.87990583E-01 2021 01 03 19 10 02
-2.53110340E-01 2021 01 03 19 15 02
-2.79109119E-01 2021 01 03 19 20 02
-2.30877694E-01 2021 01 03 19 25 02
-1.87661935E-01 2021 01 03 19 30 02
-2.45250632E-01 2021 01 03 19 35 03
-2.11942489E-01 2021 01 03 19 40 02
-2.11124074E-01 2021 01 03 19 45 02
-1.80360462E-01 2021 01 03 19 50 02
-1.61613552E-01 2021 01 03 19 55 02
-2.18111708E-01 2021 01 03 20 00 02
-1.75835644E-01 2021 01 03 20 05 02
-1.90797209E-01 2021 01 03 20 10 02
-1.93532181E-01 2021 01 03 20 15 02
-1.55475377E-01 2021 01 03 20 20 02
-1.47774729E-01 2021 01 03 20 25 02
-1.30892099E-01 2021 01 03 20 30 02
-1.13657675E-01 2021 01 03 20 35 03
-1.37644984E-01 2021 01 03 20 40 02
-1.38674100E-01 2021 01 03 20 45 02
-1.56051906E-01 2021 01 03 20 50 02
-1.27177169E-01 2021 01 03 20 55 02
-1.46187551E-01 2021 01 03 21 00 03
-1.39433013E-01 2021 01 03 21 05 02
-1.56399415E-01 2021 01 03 21 10 02
-1.07768409E-01 2021 01 03 21 15 02
-1.25986457E-01 2021 01 03 21 20 02
-1.30109071E-01 2021 01 03 21 25 02
-1.54676664E-01 2021 01 03 21 30 02
-1.05903597E-01 2021 01 03 21 35 02
-1.45264658E-01 2021 01 03 21 40 02
-1.53677256E-01 2021 01 03 21 45 02
-1.97536689E-01 2021 01 03 21 50 02
-1.50818491E-01 2021 01 03 21 55 02
-7.32429728E-02 2021 01 03 22 00 03
-1.87772730E-01 2021 01 03 22 05 02
-1.41761505E-01 2021 01 03 22 10 02
-1.44436078E-01 2021 01 03 22 15 02
-2.18954094E-01 2021 01 03 22 20 02
-2.67198285E-01 2021 01 03 22 25 03
-2.41474056E-01 2021 01 03 22 30 02
-2.36741858E-01 2021 01 03 22 35 02
-2.24765656E-01 2021 01 03 22 40 02
-2.87520169E-01 2021 01 03 22 45 02
-2.68137900E-01 2021 01 03 22 50 03
-2.33291181E-01 2021 01 03 22 55 02
-2.84590711E-01 2021 01 03 23 00 02
-2.70840663E-01 2021 01 03 23 05 02
-2.98881903E-01 2021 01 03 23 10 02
-3.21407144E-01 2021 01 03 23 15 02
-2.57396200E-01 2021 01 03 23 20 02
-3.40906165E-01 2021 01 03 23 25 02
-3.57780175E-01 2021 01 03 23 30 02
-3.43809541E-01 2021 01 03 23 35 02
-4.12139068E-01 2021 01 03 23 40 02
-4.21103963E-01 2021 01 03 23 45 02
-4.45936245E-01 2021 01 03 23 50 03
-4.51276748E-01 2021 01 03 23 55 02
