-8.44378812E-01 2021 01 28 00 00 03
-9.33866296E-01 2021 01 28 00 05 03
-9.89662347E-01 2021 01 28 00 10 02
-1.03918832E+00 2021 01 28 00 15 02
-1.00185761E+00 2021 01 28 00 20 02
-1.14424900E+00 2021 01 28 00 25 02
-1.13999765E+00 2021 01 28 00 30 03
-1.04027774E+00 2021 01 28 00 35 02
-9.46190078E-01 2021 01 28 00 40 02
-7.98971515E-01 2021 01 28 00 45 02
-6.93813438E-01 2021 01 28 00 50 02
-7.73924765E-01 2021 01 28 00 55 02
-8.36023297E-01 2021 01 28 01 00 02
-8.41529138E-01 2021 01 28 01 05 02
-5.29277916E-01 2021 01 28 01 10 02
-4.75899452E-01 2021 01 28 01 15 02
-4.93280286E-01 2021 01 28 01 20 02
-6.20640912E-01 2021 01 28 01 25 02
-5.75293420E-01 2021 01 28 01 30 02
-5.13570080E-01 2021 01 28 01 35 02
-4.91288605E-01 2021 01 28 01 40 02
-5.63382026E-01 2021 01 28 01 45 02
-5.95236079E-01 2021 01 28 01 50 02
-4.60312758E-01 2021 01 28 01 55 03
-5.20095653E-01 2021 01 28 02 00 02
-5.23263273E-01 2021 01 28 02 05 02
-7.02052569E-01 2021 01 28 02 10 02
-6.97801654E-01 2021 01 28 02 15 02
-6.79047352E-01 2021 01 28 02 20 02
-7.95544186E-01 2021 01 28 02 25 02
-8.17493471E-01 2021 01 28 02 30 02
-6.11200663E-01 2021 01 28 02 35 02
-5.88171848E-01 2021 01 28 02 40 02
-4.60932487E-01 2021 01 28 02 45 02
-2.82981230E-01 2021 01 28 02 50 02
-3.12780661E-01 2021 01 28 02 55 03
-2.34570469E-01 2021 01 28 03 00 02
-1.61857653E-01 2021 01 28 03 05 02
-1.78341053E-01 2021 01 28 03 10 02
-1.32232750E-01 2021 01 28 03 15 02
-8.07659150E-02 2021 01 28 03 20 02
-7.87631988E-02 2021 01 28 03 25 02
-9.70766758E-02 2021 01 28 03 30 02
-8.12685704E-02 2021 01 28 03 35 02
-7.82882955E-02 2021 01 28 03 40 02
-8.04732718E-02 2021 01 28 03 45 02
-4.76554196E-03 2021 01 28 03 50 02
+2.62914206E-02 2021 01 28 03 55 02
+9.97696515E-03 2021 01 28 04 00 02
+7.15089728E-02 2021 01 28 04 05 02
+1.65049354E-01 2021 01 28 04 10 02
+1.89453194E-01 2021 01 28 04 15 02
+1.49519355E-01 2021 01 28 04 20 03
+1.39969011E-01 2021 01 28 04 25 02
+1.52208301E-01 2021 01 28 04 30 02
+1.32460283E-01 2021 01 28 04 35 02
+1.27476442E-01 2021 01 28 04 40 02
+1.25701906E-01 2021 01 28 04 45 02
+1.22925039E-01 2021 01 28 04 50 02
+1.41004838E-01 2021 01 28 04 55 02
+1.78545891E-01 2021 01 28 05 00 02
+1.60508842E-01 2021 01 28 05 05 02
+1.68367111E-01 2021 01 28 05 10 02
+1.94194307E-01 2021 01 28 05 15 02
+2.47018000E-01 2021 01 28 05 20 03
+2.35442481E-01 2021 01 28 05 25 02
+2.80731931E-01 2021 01 28 05 30 02
+2.39268436E-01 2021 01 28 05 35 02
+3.34417460E-01 2021 01 28 05 40 02
+2.61944424E-01 2021 01 28 05 45 03
+2.89297543E-01 2021 01 28 05 50 02
+2.75655281E-01 2021 01 28 05 55 02
+2.44140654E-01 2021 01 28 06 00 02
+3.10290318E-01 2021 01 28 06 05 02
+1.87200000E-01 2021 01 28 06 10 02
+2.36683779E-01 2021 01 28 06 15 02
+2.31353170E-01 2021 01 28 06 20 02
+3.21765980E-01 2021 01 28 06 25 02
+2.20245746E-01 2021 01 28 06 30 02
+3.26508370E-01 2021 01 28 06 35 02
+1.18533416E-01 2021 01 28 06 40 02
+1.69562926E-01 2021 01 28 06 45 02
+2.19739852E-01 2021 01 28 06 50 02
+2.28092714E-01 2021 01 28 06 55 02
+2.73743671E-01 2021 01 28 07 00 02
+2.45399523E-01 2021 01 28 07 05 02
+2.92533283E-01 2021 01 28 07 10 03
+2.96765041E-01 2021 01 28 07 15 02
+4.33115607E-01 2021 01 28 07 20 02
+5.41457502E-01 2021 01 28 07 25 02
+5.11405561E-01 2021 01 28 07 30 02
+4.96786229E-01 2021 01 28 07 35 03
+3.95542708E-01 2021 01 28 07 40 02
+3.52914926E-01 2021 01 28 07 45 02
+2.86189643E-01 2021 01 28 07 50 02
+1.95165591E-01 2021 01 28 07 55 02
+4.41616056E-02 2021 01 28 08 00 02
-1.45578604E-01 2021 01 28 08 05 02
-1.22904950E-01 2021 01 28 08 10 02
-1.17649338E-01 2021 01 28 08 15 02
-1.35524590E-01 2021 01 28 08 20 02
-1.19737611E-01 2021 01 28 08 25 02
-1.45566625E-02 2021 01 28 08 30 02
-7.72622977E-02 2021 01 28 08 35 03
+4.83350083E-03 2021 01 28 08 40 02
-3.27510923E-02 2021 01 28 08 45 02
+3.32967621E-02 2021 01 28 08 50 02
-2.14528473E-02 2021 01 28 08 55 02
-7.98739257E-02 2021 01 28 09 00 02
-2.09004234E-02 2021 01 28 09 05 02
-6.95464564E-02 2021 01 28 09 10 02
-5.51344709E-03 2021 01 28 09 15 02
-6.37405033E-02 2021 01 28 09 20 02
-1.75168382E-01 2021 01 28 09 25 02
-2.18623073E-01 2021 01 28 09 30 02
-1.30110319E-01 2021 01 28 09 35 02
-1.78723083E-01 2021 01 28 09 40 02
-2.19332116E-01 2021 01 28 09 45 02
-3.49978911E-01 2021 01 28 09 50 02
-4.06333063E-01 2021 01 28 09 55 02
-4.44408429E-01 2021 01 28 10 00 03
-4.26998354E-01 2021 01 28 10 05 02
-5.76561177E-01 2021 01 28 10 10 02
-4.98802214E-01 2021 01 28 10 15 02
-5.67365960E-01 2021 01 28 10 20 02
-6.67741040E-01 2021 01 28 10 25 03
-5.82990490E-01 2021 01 28 10 30 02
-5.67476840E-01 2021 01 28 10 35 02
-5.19790079E-01 2021 01 28 10 40 02
-5.81879291E-01 2021 01 28 10 45 02
-5.16912695E-01 2021 01 28 10 50 02
-6.10514255E-01 2021 01 28 10 55 02
-6.16972976E-01 2021 01 28 11 00 02
-6.46930702E-01 2021 01 28 11 05 02
-7.23518471E-01 2021 01 28 11 10 02
-6.80025725E-01 2021 01 28 11 15 02
-7.78293487E-01 2021 01 28 11 20 02
-7.49238899E-01 2021 01 28 11 25 03
-8.34452074E-01 2021 01 28 11 30 02
-8.32946477E-01 2021 01 28 11 35 02
-8.96417067E-01 2021 01 28 11 40 02
-9.10479034E-01 2021 01 28 11 45 02
-9.05109055E-01 2021 01 28 11 50 03
-9.26188811E-01 2021 01 28 11 55 02
-9.61213372E-01 2021 01 28 12 00 02
-9.23152084E-01 2021 01 28 12 05 02
-9.88656137E-01 2021 01 28 12 10 02
-8.75761030E-01 2021 01 28 12 15 02
-1.03058739E+00 2021 01 28 12 20 02
-9.05415289E-01 2021 01 28 12 25 02
-9.87845796E-01 2021 01 28 12 30 02
-9.32714687E-01 2021 01 28 12 35 02
-9.90429471E-01 2021 01 28 12 40 02
-1.03683192E+00 2021 01 28 12 45 02
-1.06180262E+00 2021 01 28 12 50 02
-1.09595477E+00 2021 01 28 12 55 02
-1.06522860E+00 2021 01 28 13 00 02
-1.15996282E+00 2021 01 28 13 05 02
-1.01936098E+00 2021 01 28 13 10 02
-1.11339768E+00 2021 01 28 13 15 03
-1.09179343E+00 2021 01 28 13 20 02
-1.03926250E+00 2021 01 28 13 25 02
-1.11410461E+00 2021 01 28 13 30 02
-1.07852924E+00 2021 01 28 13 35 02
-1.09384098E+00 2021 01 28 13 40 02
-9.86300786E-01 2021 01 28 13 45 02
-1.17185219E+00 2021 01 28 13 50 02
-1.08732774E+00 2021 01 28 13 55 02
-1.05565456E+00 2021 01 28 14 00 02
-1.16419513E+00 2021 01 28 14 05 02
-1.06797464E+00 2021 01 28 14 10 02
-1.02576129E+00 2021 01 28 14 15 02
-1.07471408E+00 2021 01 28 14 20 02
-1.02130088E+00 2021 01 28 14 25 02
-1.03406868E+00 2021 01 28 14 30 02
-9.66052843E-01 2021 01 28 14 35 02
-9.58111480E-01 2021 01 28 14 40 03
-9.01886401E-01 2021 01 28 14 45 02
-9.17239044E-01 2021 01 28 14 50 02
-8.69868026E-01 2021 01 28 14 55 02
-9.17470841E-01 2021 01 28 15 00 02
-8.71879683E-01 2021 01 28 15 05 02
-8.19068962E-01 2021 01 28 15 10 02
-7.74481429E-01 2021 01 28 15 15 02
-8.20564444E-01 2021 01 28 15 20 02
-8.58921329E-01 2021 01 28 15 25 02
-6.97098175E-01 2021 01 28 15 30 02
-7.82385087E-01 2021 01 28 15 35 02
-7.17877144E-01 2021 01 28 15 40 02
-7.07093967E-01 2021 01 28 15 45 02
-8.04319702E-01 2021 01 28 15 50 02
-7.41025188E-01 2021 01 28 15 55 02
-7.10511540E-01 2021 01 28 16 00 02
-6.28182767E-01 2021 01 28 16 05 03
-6.91585111E-01 2021 01 28 16 10 02
-6.19001002E-01 2021 01 28 16 15 02
-5.92893120E-01 2021 01 28 16 20 02
-5.65843870E-01 2021 01 28 16 25 02
-5.14054569E-01 2021 01 28 16 30 02
-5.01632884E-01 2021 01 28 16 35 02
-5.22058992E-01 2021 01 28 16 40 02
-5.51563894E-01 2021 01 28 16 45 02
-4.55277259E-01 2021 01 28 16 50 02
-3.90298145E-01 2021 01 28 16 55 02
-4.66840511E-01 2021 01 28 17 00 02
-3.81999464E-01 2021 01 28 17 05 03
-5.24127060E-01 2021 01 28 17 10 02
-3.55099740E-01 2021 01 28 17 15 02
-5.09825999E-01 2021 01 28 17 20 02
-4.86240206E-01 2021 01 28 17 25 02
-4.31878509E-01 2021 01 28 17 30 02
-3.18572023E-01 2021 01 28 17 35 02
-4.34087795E-01 2021 01 28 17 40 02
-3.55328307E-01 2021 01 28 17 45 02
-3.46404904E-01 2021 01 28 17 50 02
-3.72041185E-01 2021 01 28 17 55 02
-3.99116251E-01 2021 01 28 18 00 02
-3.94402776E-01 2021 01 28 18 05 02
-3.24533065E-01 2021 01 28 18 10 02
-3.96054467E-01 2021 01 28 18 15 02
-3.93184872E-01 2021 01 28 18 20 02
-4.01083540E-01 2021 01 28 18 25 02
-4.15327047E-01 2021 01 28 18 30 03
-4.22147768E-01 2021 01 28 18 35 02
-4.36167146E-01 2021 01 28 18 40 02
-4.16325746E-01 2021 01 28 18 45 02
-4.45812191E-01 2021 01 28 18 50 02
-4.48558571E-01 2021 01 28 18 55 02
-3.76373132E-01 2021 01 28 19 00 02
-3.73366764E-01 2021 01 28 19 05 02
-5.00007949E-01 2021 01 28 19 10 02
-4.25574461E-01 2021 01 28 19 15 02
-4.60140774E-01 2021 01 28 19 20 02
-4.41593093E-01 2021 01 28 19 25 02
-4.67066333E-01 2021 01 28 19 30 02
-4.91266808E-01 2021 01 28 19 35 02
-5.19287512E-01 2021 01 28 19 40 02
-5.57946300E-01 2021 01 28 19 45 02
-5.53865568E-01 2021 01 28 19 50 02
-5.77270142E-01 2021 01 28 19 55 03
-5.88307581E-01 2021 01 28 20 00 02
-4.87579513E-01 2021 01 28 20 05 02
-6.01944621E-01 2021 01 28 20 10 02
-6.30858357E-01 2021 01 28 20 15 02
-6.27604532E-01 2021 01 28 20 20 02
-6.53254040E-01 2021 01 28 20 25 02
-6.67785481E-01 2021 01 28 20 30 02
-5.65482551E-01 2021 01 28 20 35 02
-5.65632955E-01 2021 01 28 20 40 02
-6.77174937E-01 2021 01 28 20 45 02
-7.92961434E-01 2021 01 28 20 50 02
-7.84366895E-01 2021 01 28 20 55 02
-7.39229177E-01 2021 01 28 21 00 02
-7.78171565E-01 2021 01 28 21 05 02
-7.40521871E-01 2021 01 28 21 10 02
-7.53900642E-01 2021 01 28 21 15 02
-7.43206977E-01 2021 01 28 21 20 03
-8.61406108E-01 2021 01 28 21 25 02
-8.65864453E-01 2021 01 28 21 30 02
-8.53965445E-01 2021 01 28 21 35 02
-8.24641876E-01 2021 01 28 21 40 02
-1.01804224E+00 2021 01 28 21 45 03
-9.39688941E-01 2021 01 28 21 50 02
-9.83825704E-01 2021 01 28 21 55 02
-9.39804248E-01 2021 01 28 22 00 02
-9.11636533E-01 2021 01 28 22 05 02
-9.84547201E-01 2021 01 28 22 10 02
-1.02050983E+00 2021 01 28 22 15 02
-1.07327954E+00 2021 01 28 22 20 02
-1.05717992E+00 2021 01 28 22 25 02
-1.04007636E+00 2021 01 28 22 30 02
-1.09202992E+00 2021 01 28 22 35 02
-1.09341915E+00 2021 01 28 22 40 02
-1.10922459E+00 2021 01 28 22 45 02
-1.10735550E+00 2021 01 28 22 50 02
-1.12599067E+00 2021 01 28 22 55 02
-1.17933129E+00 2021 01 28 23 00 02
-1.17711142E+00 2021 01 28 23 05 02
-1.18258956E+00 2021 01 28 23 10 03
-1.17795978E+00 2021 01 28 23 15 02
-1.16813639E+00 2021 01 28 23 20 02
-1.13814017E+00 2021 01 28 23 25 02
-1.14277211E+00 2021 01 28 23 30 02
-1.24099549E+00 2021 01 28 23 35 02
-1.23853666E+00 2021 01 28 23 40 02
-1.19796872E+00 2021 01 28 23 45 02
-1.25355178E+00 2021 01 28 23 50 02
-1.21028166E+00 2021 01 28 23 55 02
