-3.92400160E-01 2021 01 18 00 00 02
-4.14396566E-01 2021 01 18 00 05 02
-4.35003180E-01 2021 01 18 00 10 02
-4.23744362E-01 2021 01 18 00 15 02
-4.24769957E-01 2021 01 18 00 20 02
-4.85237456E-01 2021 01 18 00 25 02
-5.03779435E-01 2021 01 18 00 30 02
-5.45317528E-01 2021 01 18 00 35 02
-5.43553108E-01 2021 01 18 00 40 02
-5.46870537E-01 2021 01 18 00 45 03
-5.98059715E-01 2021 01 18 00 50 02
-6.03502702E-01 2021 01 18 00 55 02
-6.44240959E-01 2021 01 18 01 00 02
-6.57562562E-01 2021 01 18 01 05 02
-6.52127828E-01 2021 01 18 01 10 03
-7.06963624E-01 2021 01 18 01 15 02
-7.00270530E-01 2021 01 18 01 20 02
-6.96322961E-01 2021 01 18 01 25 02
-7.20125680E-01 2021 01 18 01 30 02
-7.04841325E-01 2021 01 18 01 35 03
-7.37076030E-01 2021 01 18 01 40 02
-7.73763604E-01 2021 01 18 01 45 02
-7.75085388E-01 2021 01 18 01 50 02
-7.87294441E-01 2021 01 18 01 55 02
-8.17172550E-01 2021 01 18 02 00 02
-8.31652312E-01 2021 01 18 02 05 02
-8.18377839E-01 2021 01 18 02 10 02
-8.32583791E-01 2021 01 18 02 15 02
-8.15216056E-01 2021 01 18 02 20 02
-8.49114227E-01 2021 01 18 02 25 02
-8.63210191E-01 2021 01 18 02 30 02
-8.54304992E-01 2021 01 18 02 35 03
-8.52025662E-01 2021 01 18 02 40 02
-8.51242278E-01 2021 01 18 02 45 02
-8.60127068E-01 2021 01 18 02 50 02
-8.57435311E-01 2021 01 18 02 55 02
-8.50565226E-01 2021 01 18 03 00 03
-8.38628152E-01 2021 01 18 03 05 02
-8.32527139E-01 2021 01 18 03 10 02
-8.40264539E-01 2021 01 18 03 15 02
-8.39633669E-01 2021 01 18 03 20 02
-8.39457261E-01 2021 01 18 03 25 02
-8.32851562E-01 2021 01 18 03 30 02
-8.33819674E-01 2021 01 18 03 35 02
-8.33825026E-01 2021 01 18 03 40 02
-8.34696180E-01 2021 01 18 03 45 02
-8.18052099E-01 2021 01 18 03 50 02
-8.17654816E-01 2021 01 18 03 55 02
-8.20193754E-01 2021 01 18 04 00 02
-8.12184886E-01 2021 01 18 04 05 02
-7.87055325E-01 2021 01 18 04 10 02
-7.69990653E-01 2021 01 18 04 15 02
-7.71363711E-01 2021 01 18 04 20 02
-7.64771718E-01 2021 01 18 04 25 03
-7.40865385E-01 2021 01 18 04 30 02
-7.40313646E-01 2021 01 18 04 35 02
-7.39948913E-01 2021 01 18 04 40 02
-7.03828988E-01 2021 01 18 04 45 02
-6.87937748E-01 2021 01 18 04 50 03
-6.90241205E-01 2021 01 18 04 55 02
-6.62047480E-01 2021 01 18 05 00 02
-6.63062444E-01 2021 01 18 05 05 02
-6.28886312E-01 2021 01 18 05 10 02
-6.11179965E-01 2021 01 18 05 15 02
-6.16422226E-01 2021 01 18 05 20 02
-6.19095016E-01 2021 01 18 05 25 02
-5.44691071E-01 2021 01 18 05 30 02
-5.26591219E-01 2021 01 18 05 35 02
-5.19498075E-01 2021 01 18 05 40 02
-5.50709631E-01 2021 01 18 05 45 02
-5.26511481E-01 2021 01 18 05 50 02
-5.84355112E-01 2021 01 18 05 55 02
-4.80240570E-01 2021 01 18 06 00 02
-4.33783282E-01 2021 01 18 06 05 02
-4.46077176E-01 2021 01 18 06 10 02
-4.01877470E-01 2021 01 18 06 15 03
-3.89087575E-01 2021 01 18 06 20 02
-3.48482022E-01 2021 01 18 06 25 02
-4.05877716E-01 2021 01 18 06 30 02
-4.00201530E-01 2021 01 18 06 35 02
-3.93071890E-01 2021 01 18 06 40 02
-3.67523793E-01 2021 01 18 06 45 02
-3.49706357E-01 2021 01 18 06 50 02
-3.80998085E-01 2021 01 18 06 55 02
-3.04723063E-01 2021 01 18 07 00 02
-2.95168547E-01 2021 01 18 07 05 02
-3.25147861E-01 2021 01 18 07 10 02
-3.32488039E-01 2021 01 18 07 15 02
-1.96860879E-01 2021 01 18 07 20 02
-2.43528739E-01 2021 01 18 07 25 02
-3.00099770E-01 2021 01 18 07 30 02
-2.46604104E-01 2021 01 18 07 35 02
-3.45152419E-01 2021 01 18 07 40 03
-2.68508614E-01 2021 01 18 07 45 02
-2.29910239E-01 2021 01 18 07 50 02
-1.52907092E-01 2021 01 18 07 55 02
-1.68568378E-01 2021 01 18 08 00 02
-1.56017760E-01 2021 01 18 08 05 03
-1.75755716E-01 2021 01 18 08 10 02
-1.45837478E-01 2021 01 18 08 15 02
-2.04164895E-01 2021 01 18 08 20 02
-1.56787947E-01 2021 01 18 08 25 02
-9.87659894E-02 2021 01 18 08 30 02
-2.05832506E-01 2021 01 18 08 35 02
-1.65176330E-01 2021 01 18 08 40 03
-7.67753035E-02 2021 01 18 08 45 02
-7.63498325E-02 2021 01 18 08 50 02
-1.03222678E-01 2021 01 18 08 55 02
-1.30630044E-01 2021 01 18 09 00 02
-1.10539229E-01 2021 01 18 09 05 03
-1.02934000E-01 2021 01 18 09 10 02
-2.78195261E-02 2021 01 18 09 15 02
-1.29379464E-01 2021 01 18 09 20 02
-7.11276134E-02 2021 01 18 09 25 02
-1.06551162E-01 2021 01 18 09 30 03
-7.52780817E-02 2021 01 18 09 35 02
+1.71607223E-02 2021 01 18 09 40 02
-6.34876563E-02 2021 01 18 09 45 02
-1.49656740E-02 2021 01 18 09 50 02
-3.51453109E-02 2021 01 18 09 55 02
-1.21306741E-01 2021 01 18 10 00 02
-4.33475882E-02 2021 01 18 10 05 02
-1.28991505E-01 2021 01 18 10 10 02
-6.40912076E-02 2021 01 18 10 15 02
-4.24838245E-02 2021 01 18 10 20 02
-1.16475741E-01 2021 01 18 10 25 02
+3.56308535E-03 2021 01 18 10 30 03
-4.74576425E-02 2021 01 18 10 35 02
-8.64151809E-02 2021 01 18 10 40 02
-2.80782181E-02 2021 01 18 10 45 02
-4.86513967E-02 2021 01 18 10 50 02
+1.42301844E-02 2021 01 18 10 55 03
-4.49900827E-02 2021 01 18 11 00 02
-7.32103556E-02 2021 01 18 11 05 02
-1.81328361E-02 2021 01 18 11 10 02
+2.02792707E-03 2021 01 18 11 15 02
-4.51710179E-02 2021 01 18 11 20 02
-3.26603975E-02 2021 01 18 11 25 02
-5.16657884E-02 2021 01 18 11 30 02
-9.86980462E-02 2021 01 18 11 35 02
-8.92879469E-02 2021 01 18 11 40 02
-1.04044304E-01 2021 01 18 11 45 02
-9.06838906E-02 2021 01 18 11 50 02
-1.31685148E-01 2021 01 18 11 55 03
-1.09168560E-01 2021 01 18 12 00 02
-1.22497705E-01 2021 01 18 12 05 02
-1.25591015E-01 2021 01 18 12 10 02
-8.94740143E-02 2021 01 18 12 15 02
-1.89200210E-01 2021 01 18 12 20 03
-5.29857881E-02 2021 01 18 12 25 02
-9.76772231E-02 2021 01 18 12 30 02
-1.06933995E-01 2021 01 18 12 35 02
-2.25741449E-01 2021 01 18 12 40 02
-2.72973602E-01 2021 01 18 12 45 03
-3.20244861E-01 2021 01 18 12 50 02
-3.73328810E-01 2021 01 18 12 55 02
-3.29090554E-01 2021 01 18 13 00 02
-3.56736549E-01 2021 01 18 13 05 02
-3.80223866E-01 2021 01 18 13 10 03
-4.33968581E-01 2021 01 18 13 15 02
-5.00566897E-01 2021 01 18 13 20 02
-4.22719322E-01 2021 01 18 13 25 02
-5.72628718E-01 2021 01 18 13 30 02
-5.28692455E-01 2021 01 18 13 35 02
-4.95095785E-01 2021 01 18 13 40 02
-5.23081707E-01 2021 01 18 13 45 02
-5.75202163E-01 2021 01 18 13 50 02
-5.46377441E-01 2021 01 18 13 55 02
-6.25268120E-01 2021 01 18 14 00 02
-6.70912547E-01 2021 01 18 14 05 02
-6.88065758E-01 2021 01 18 14 10 03
-7.30406849E-01 2021 01 18 14 15 02
-7.18484805E-01 2021 01 18 14 20 02
-7.66597159E-01 2021 01 18 14 25 02
-7.77783996E-01 2021 01 18 14 30 02
-8.38893677E-01 2021 01 18 14 35 03
-8.93572744E-01 2021 01 18 14 40 02
-9.46266167E-01 2021 01 18 14 45 02
-9.30338647E-01 2021 01 18 14 50 02
-9.12995268E-01 2021 01 18 14 55 02
-8.96317835E-01 2021 01 18 15 00 02
-9.14836659E-01 2021 01 18 15 05 02
-9.35026247E-01 2021 01 18 15 10 03
-9.43758096E-01 2021 01 18 15 15 02
-9.59136205E-01 2021 01 18 15 20 02
-9.86418933E-01 2021 01 18 15 25 02
-9.72713615E-01 2021 01 18 15 30 02
-9.88186622E-01 2021 01 18 15 35 02
-9.94430623E-01 2021 01 18 15 40 02
-1.03101398E+00 2021 01 18 15 45 02
-1.11771435E+00 2021 01 18 15 50 02
-1.07353238E+00 2021 01 18 15 55 02
-1.09091375E+00 2021 01 18 16 00 02
-9.90781194E-01 2021 01 18 16 05 02
-1.05662142E+00 2021 01 18 16 10 02
-9.97876547E-01 2021 01 18 16 15 02
-1.07170606E+00 2021 01 18 16 20 02
-1.14486547E+00 2021 01 18 16 25 02
-1.08173886E+00 2021 01 18 16 30 02
-1.06938533E+00 2021 01 18 16 35 03
-1.04913223E+00 2021 01 18 16 40 02
-1.07012962E+00 2021 01 18 16 45 02
-1.02792006E+00 2021 01 18 16 50 02
-1.03492477E+00 2021 01 18 16 55 02
-1.11042958E+00 2021 01 18 17 00 03
-9.82410359E-01 2021 01 18 17 05 02
-1.03109009E+00 2021 01 18 17 10 02
-9.86539018E-01 2021 01 18 17 15 02
-9.92179850E-01 2021 01 18 17 20 02
-9.72140813E-01 2021 01 18 17 25 02
-9.59080484E-01 2021 01 18 17 30 02
-9.39256777E-01 2021 01 18 17 35 02
-9.30662782E-01 2021 01 18 17 40 02
-8.33359955E-01 2021 01 18 17 45 02
-9.09344995E-01 2021 01 18 17 50 02
-9.61702070E-01 2021 01 18 17 55 02
-8.43585005E-01 2021 01 18 18 00 02
-8.61044932E-01 2021 01 18 18 05 02
-8.32071702E-01 2021 01 18 18 10 02
-8.13939483E-01 2021 01 18 18 15 02
-7.27419806E-01 2021 01 18 18 20 02
-8.01600731E-01 2021 01 18 18 25 03
-7.48678110E-01 2021 01 18 18 30 02
-7.55173610E-01 2021 01 18 18 35 02
-7.50301353E-01 2021 01 18 18 40 02
-6.59750298E-01 2021 01 18 18 45 02
-6.90144614E-01 2021 01 18 18 50 03
-6.76731492E-01 2021 01 18 18 55 02
-6.36312527E-01 2021 01 18 19 00 02
-5.65328708E-01 2021 01 18 19 05 02
-6.36832335E-01 2021 01 18 19 10 02
-6.07078023E-01 2021 01 18 19 15 03
-5.67725087E-01 2021 01 18 19 20 02
-5.41809808E-01 2021 01 18 19 25 02
-5.51073502E-01 2021 01 18 19 30 02
-5.18569359E-01 2021 01 18 19 35 02
-5.27548279E-01 2021 01 18 19 40 02
-5.02636885E-01 2021 01 18 19 45 02
-5.08881148E-01 2021 01 18 19 50 02
-4.89683156E-01 2021 01 18 19 55 02
-3.83065200E-01 2021 01 18 20 00 02
-3.83675440E-01 2021 01 18 20 05 02
-4.32062102E-01 2021 01 18 20 10 02
-4.30776056E-01 2021 01 18 20 15 02
-3.40983393E-01 2021 01 18 20 20 02
-3.95811780E-01 2021 01 18 20 25 02
-3.63121851E-01 2021 01 18 20 30 02
-3.58863120E-01 2021 01 18 20 35 02
-3.14712161E-01 2021 01 18 20 40 03
-3.85924058E-01 2021 01 18 20 45 02
-3.60540522E-01 2021 01 18 20 50 02
-3.94678990E-01 2021 01 18 20 55 02
-3.35575375E-01 2021 01 18 21 00 02
-3.44187031E-01 2021 01 18 21 05 03
-3.77543778E-01 2021 01 18 21 10 02
-3.53781698E-01 2021 01 18 21 15 02
-2.77165815E-01 2021 01 18 21 20 02
-3.26121176E-01 2021 01 18 21 25 02
-2.68618416E-01 2021 01 18 21 30 02
-2.89375636E-01 2021 01 18 21 35 02
-2.40071262E-01 2021 01 18 21 40 03
-3.19977430E-01 2021 01 18 21 45 02
-3.00194226E-01 2021 01 18 21 50 02
-3.51318548E-01 2021 01 18 21 55 02
-2.56036364E-01 2021 01 18 22 00 02
-2.54510500E-01 2021 01 18 22 05 03
-2.95347067E-01 2021 01 18 22 10 02
-2.15086970E-01 2021 01 18 22 15 02
-2.63546747E-01 2021 01 18 22 20 02
-2.56874640E-01 2021 01 18 22 25 02
-1.85612315E-01 2021 01 18 22 30 03
-2.76434517E-01 2021 01 18 22 35 02
-2.28992383E-01 2021 01 18 22 40 02
-3.00071350E-01 2021 01 18 22 45 02
-2.98861937E-01 2021 01 18 22 50 02
-3.75844926E-01 2021 01 18 22 55 02
-2.58498724E-01 2021 01 18 23 00 02
-2.70007508E-01 2021 01 18 23 05 02
-3.17841752E-01 2021 01 18 23 10 02
-3.38884830E-01 2021 01 18 23 15 02
-3.11306768E-01 2021 01 18 23 20 02
-3.15235678E-01 2021 01 18 23 25 02
-3.43223321E-01 2021 01 18 23 30 03
-3.70417485E-01 2021 01 18 23 35 02
-3.42082600E-01 2021 01 18 23 40 02
-3.43314461E-01 2021 01 18 23 45 02
-3.80800592E-01 2021 01 18 23 50 02
-4.26407778E-01 2021 01 18 23 55 03
