-2.89630155E-01 2021 01 22 00 00 02
-3.84288455E-01 2021 01 22 00 05 02
-3.26892820E-01 2021 01 22 00 10 02
-3.55482100E-01 2021 01 22 00 15 02
-2.72893907E-01 2021 01 22 00 20 02
-2.62360075E-01 2021 01 22 00 25 02
-3.42395583E-01 2021 01 22 00 30 02
-3.33508017E-01 2021 01 22 00 35 02
-2.95483230E-01 2021 01 22 00 40 03
-3.07604766E-01 2021 01 22 00 45 02
-2.87538723E-01 2021 01 22 00 50 02
-3.09672196E-01 2021 01 22 00 55 02
-3.19560462E-01 2021 01 22 01 00 02
-2.84511267E-01 2021 01 22 01 05 03
-2.75974569E-01 2021 01 22 01 10 02
-3.17627845E-01 2021 01 22 01 15 02
-3.44096781E-01 2021 01 22 01 20 02
-2.17978405E-01 2021 01 22 01 25 02
-2.75060948E-01 2021 01 22 01 30 02
-2.57440377E-01 2021 01 22 01 35 02
-3.10460674E-01 2021 01 22 01 40 02
-2.84495287E-01 2021 01 22 01 45 02
-3.50735729E-01 2021 01 22 01 50 02
-3.11006967E-01 2021 01 22 01 55 02
-2.07424646E-01 2021 01 22 02 00 02
-2.93163068E-01 2021 01 22 02 05 03
-3.40380900E-01 2021 01 22 02 10 02
-3.28063860E-01 2021 01 22 02 15 02
-3.36552992E-01 2021 01 22 02 20 02
-3.46716206E-01 2021 01 22 02 25 02
-3.37154865E-01 2021 01 22 02 30 03
-3.35436107E-01 2021 01 22 02 35 02
-3.37541328E-01 2021 01 22 02 40 02
-3.43954615E-01 2021 01 22 02 45 02
-3.46701067E-01 2021 01 22 02 50 02
-3.45314221E-01 2021 01 22 02 55 02
-3.44693759E-01 2021 01 22 03 00 02
-3.30480361E-01 2021 01 22 03 05 02
-3.58967204E-01 2021 01 22 03 10 02
-3.72908966E-01 2021 01 22 03 15 02
-4.02368413E-01 2021 01 22 03 20 02
-4.17808634E-01 2021 01 22 03 25 02
-4.21505756E-01 2021 01 22 03 30 03
-4.05216523E-01 2021 01 22 03 35 02
-3.94092733E-01 2021 01 22 03 40 02
-4.02488682E-01 2021 01 22 03 45 02
-3.98118233E-01 2021 01 22 03 50 02
-3.44303766E-01 2021 01 22 03 55 03
-3.70371463E-01 2021 01 22 04 00 02
-3.97604679E-01 2021 01 22 04 05 02
-4.05689566E-01 2021 01 22 04 10 02
-4.31089565E-01 2021 01 22 04 15 02
-4.47950251E-01 2021 01 22 04 20 02
-4.50797355E-01 2021 01 22 04 25 02
-4.50867486E-01 2021 01 22 04 30 02
-4.47371638E-01 2021 01 22 04 35 02
-4.67462572E-01 2021 01 22 04 40 02
-4.63554005E-01 2021 01 22 04 45 02
-4.76329089E-01 2021 01 22 04 50 02
-4.73143042E-01 2021 01 22 04 55 02
-4.77366945E-01 2021 01 22 05 00 02
-4.87084974E-01 2021 01 22 05 05 02
-4.97497224E-01 2021 01 22 05 10 02
-5.16541167E-01 2021 01 22 05 15 02
-5.39352999E-01 2021 01 22 05 20 03
-5.00025676E-01 2021 01 22 05 25 02
-4.93354812E-01 2021 01 22 05 30 02
-5.02654399E-01 2021 01 22 05 35 02
-5.04283389E-01 2021 01 22 05 40 02
-5.16958357E-01 2021 01 22 05 45 03
-5.31177952E-01 2021 01 22 05 50 02
-5.23015044E-01 2021 01 22 05 55 02
-4.84601235E-01 2021 01 22 06 00 02
-5.16656254E-01 2021 01 22 06 05 02
-5.31508218E-01 2021 01 22 06 10 02
-5.37924828E-01 2021 01 22 06 15 02
-5.38155994E-01 2021 01 22 06 20 02
-5.12740851E-01 2021 01 22 06 25 02
-6.32843379E-01 2021 01 22 06 30 02
-5.49328165E-01 2021 01 22 06 35 02
-5.75995876E-01 2021 01 22 06 40 02
-5.71954045E-01 2021 01 22 06 45 03
-5.85568021E-01 2021 01 22 06 50 02
-6.11742207E-01 2021 01 22 06 55 02
-5.92992080E-01 2021 01 22 07 00 02
-5.98807156E-01 2021 01 22 07 05 02
-6.57637326E-01 2021 01 22 07 10 02
-6.15253944E-01 2021 01 22 07 15 02
-5.13014898E-01 2021 01 22 07 20 02
-6.08091298E-01 2021 01 22 07 25 02
-6.39829735E-01 2021 01 22 07 30 02
-6.82003893E-01 2021 01 22 07 35 02
-6.37123072E-01 2021 01 22 07 40 02
-6.94103751E-01 2021 01 22 07 45 03
-6.66293238E-01 2021 01 22 07 50 02
-6.93863889E-01 2021 01 22 07 55 02
-6.91005337E-01 2021 01 22 08 00 02
-7.27430313E-01 2021 01 22 08 05 02
-7.94627034E-01 2021 01 22 08 10 03
-8.17950051E-01 2021 01 22 08 15 02
-7.95299516E-01 2021 01 22 08 20 02
-7.34251168E-01 2021 01 22 08 25 02
-7.83580554E-01 2021 01 22 08 30 02
-8.61130638E-01 2021 01 22 08 35 02
-8.48874704E-01 2021 01 22 08 40 02
-8.94240533E-01 2021 01 22 08 45 03
-7.52574581E-01 2021 01 22 08 50 02
-8.08691729E-01 2021 01 22 08 55 02
-8.53332788E-01 2021 01 22 09 00 02
-8.05539357E-01 2021 01 22 09 05 02
-8.71613714E-01 2021 01 22 09 10 03
-8.22704766E-01 2021 01 22 09 15 02
-7.34059184E-01 2021 01 22 09 20 02
-8.51317142E-01 2021 01 22 09 25 02
-9.19890844E-01 2021 01 22 09 30 02
-8.62913096E-01 2021 01 22 09 35 03
-8.36119057E-01 2021 01 22 09 40 02
-9.22454824E-01 2021 01 22 09 45 02
-8.20925735E-01 2021 01 22 09 50 02
-7.77009446E-01 2021 01 22 09 55 02
-7.79087967E-01 2021 01 22 10 00 02
-7.55518305E-01 2021 01 22 10 05 02
-7.07121928E-01 2021 01 22 10 10 02
-6.68731107E-01 2021 01 22 10 15 02
-5.71928409E-01 2021 01 22 10 20 02
-5.89935310E-01 2021 01 22 10 25 02
-5.25761066E-01 2021 01 22 10 30 02
-5.41318072E-01 2021 01 22 10 35 02
-5.74277326E-01 2021 01 22 10 40 02
-5.08715535E-01 2021 01 22 10 45 02
-5.12309124E-01 2021 01 22 10 50 02
-4.85593327E-01 2021 01 22 10 55 02
-4.32909084E-01 2021 01 22 11 00 03
-3.74864843E-01 2021 01 22 11 05 02
-3.65796750E-01 2021 01 22 11 10 02
-3.61038269E-01 2021 01 22 11 15 02
-3.15586196E-01 2021 01 22 11 20 02
-2.85040985E-01 2021 01 22 11 25 02
-2.34628084E-01 2021 01 22 11 30 02
-2.60785058E-01 2021 01 22 11 35 02
-1.86503468E-01 2021 01 22 11 40 02
-2.56622463E-01 2021 01 22 11 45 02
-1.68108931E-01 2021 01 22 11 50 02
-9.52587617E-02 2021 01 22 11 55 02
-7.03611897E-02 2021 01 22 12 00 03
-1.33195599E-01 2021 01 22 12 05 02
-9.68591231E-02 2021 01 22 12 10 02
-1.13465562E-01 2021 01 22 12 15 02
-1.13970016E-01 2021 01 22 12 20 02
-1.14201297E-01 2021 01 22 12 25 03
-6.29331909E-02 2021 01 22 12 30 02
-1.52054666E-01 2021 01 22 12 35 02
-6.57545946E-02 2021 01 22 12 40 02
-1.72214731E-02 2021 01 22 12 45 02
-1.14254195E-01 2021 01 22 12 50 02
-1.54413626E-01 2021 01 22 12 55 02
-1.06888593E-01 2021 01 22 13 00 02
-5.83061308E-02 2021 01 22 13 05 02
-7.03592319E-02 2021 01 22 13 10 02
-1.04866914E-01 2021 01 22 13 15 02
-1.98942882E-01 2021 01 22 13 20 02
-1.81043531E-01 2021 01 22 13 25 03
-2.18437519E-01 2021 01 22 13 30 02
-1.85607648E-01 2021 01 22 13 35 02
-1.48103719E-01 2021 01 22 13 40 02
-8.78953062E-02 2021 01 22 13 45 02
-1.45094020E-01 2021 01 22 13 50 03
-2.22544783E-01 2021 01 22 13 55 02
-2.05911871E-01 2021 01 22 14 00 02
-2.56008397E-01 2021 01 22 14 05 02
-2.27338377E-01 2021 01 22 14 10 02
-2.11777920E-01 2021 01 22 14 15 03
-2.70718319E-01 2021 01 22 14 20 02
-2.66890493E-01 2021 01 22 14 25 02
-2.56027532E-01 2021 01 22 14 30 02
-2.62878147E-01 2021 01 22 14 35 02
-3.44660989E-01 2021 01 22 14 40 02
-3.07424162E-01 2021 01 22 14 45 02
-3.54320932E-01 2021 01 22 14 50 02
-3.69081697E-01 2021 01 22 14 55 02
-5.32430543E-01 2021 01 22 15 00 02
-4.73308440E-01 2021 01 22 15 05 02
-4.17157793E-01 2021 01 22 15 10 02
-4.32459116E-01 2021 01 22 15 15 03
-4.32467503E-01 2021 01 22 15 20 02
-5.30330713E-01 2021 01 22 15 25 02
-3.86700247E-01 2021 01 22 15 30 02
-5.58586031E-01 2021 01 22 15 35 02
-5.30567631E-01 2021 01 22 15 40 02
-4.41096211E-01 2021 01 22 15 45 02
-5.56021243E-01 2021 01 22 15 50 02
-5.88524887E-01 2021 01 22 15 55 02
-5.92882004E-01 2021 01 22 16 00 02
-6.10345619E-01 2021 01 22 16 05 02
-5.72420390E-01 2021 01 22 16 10 02
-6.00887636E-01 2021 01 22 16 15 03
-5.81694367E-01 2021 01 22 16 20 02
-6.78208965E-01 2021 01 22 16 25 02
-6.71344010E-01 2021 01 22 16 30 02
-6.46717201E-01 2021 01 22 16 35 02
-6.94558357E-01 2021 01 22 16 40 02
-7.99276043E-01 2021 01 22 16 45 02
-7.36000517E-01 2021 01 22 16 50 02
-7.24406384E-01 2021 01 22 16 55 02
-7.73840009E-01 2021 01 22 17 00 02
-7.23935864E-01 2021 01 22 17 05 02
-6.61588866E-01 2021 01 22 17 10 02
-6.84221943E-01 2021 01 22 17 15 03
-6.98666943E-01 2021 01 22 17 20 02
-8.05018076E-01 2021 01 22 17 25 02
-7.32096211E-01 2021 01 22 17 30 02
-6.82985057E-01 2021 01 22 17 35 02
-7.00523770E-01 2021 01 22 17 40 02
-6.44653074E-01 2021 01 22 17 45 02
-7.46997635E-01 2021 01 22 17 50 02
-7.26789520E-01 2021 01 22 17 55 02
-6.89901291E-01 2021 01 22 18 00 02
-6.60090281E-01 2021 01 22 18 05 02
-6.17543005E-01 2021 01 22 18 10 02
-6.95951847E-01 2021 01 22 18 15 03
-7.14298017E-01 2021 01 22 18 20 02
-7.05081236E-01 2021 01 22 18 25 02
-6.37917876E-01 2021 01 22 18 30 02
-6.53846149E-01 2021 01 22 18 35 02
-6.45611938E-01 2021 01 22 18 40 02
-7.28290815E-01 2021 01 22 18 45 02
-6.87038682E-01 2021 01 22 18 50 02
-6.89214205E-01 2021 01 22 18 55 02
-6.17608592E-01 2021 01 22 19 00 02
-6.53262908E-01 2021 01 22 19 05 02
-7.18532293E-01 2021 01 22 19 10 02
-6.67009058E-01 2021 01 22 19 15 02
-7.36162879E-01 2021 01 22 19 20 02
-5.87779652E-01 2021 01 22 19 25 02
-6.41211370E-01 2021 01 22 19 30 02
-5.46521176E-01 2021 01 22 19 35 02
-6.91214815E-01 2021 01 22 19 40 03
-5.68319277E-01 2021 01 22 19 45 02
-6.30903225E-01 2021 01 22 19 50 02
-6.75594057E-01 2021 01 22 19 55 02
-5.96997563E-01 2021 01 22 20 00 02
-6.41753301E-01 2021 01 22 20 05 03
-5.62204925E-01 2021 01 22 20 10 02
-5.16949979E-01 2021 01 22 20 15 02
-5.60907857E-01 2021 01 22 20 20 02
-6.45116814E-01 2021 01 22 20 25 02
-5.45660655E-01 2021 01 22 20 30 02
-4.43763070E-01 2021 01 22 20 35 02
-5.36054349E-01 2021 01 22 20 40 02
-5.50126887E-01 2021 01 22 20 45 02
-4.98713637E-01 2021 01 22 20 50 02
-5.55925684E-01 2021 01 22 20 55 02
-5.40735760E-01 2021 01 22 21 00 02
-5.82798279E-01 2021 01 22 21 05 03
-5.29780795E-01 2021 01 22 21 10 02
-4.78477565E-01 2021 01 22 21 15 02
-4.77629356E-01 2021 01 22 21 20 02
-5.81314888E-01 2021 01 22 21 25 02
-4.64338105E-01 2021 01 22 21 30 02
-4.24138872E-01 2021 01 22 21 35 02
-4.87567824E-01 2021 01 22 21 40 02
-4.38056398E-01 2021 01 22 21 45 02
-4.68440783E-01 2021 01 22 21 50 02
-5.53881783E-01 2021 01 22 21 55 02
-4.59677736E-01 2021 01 22 22 00 02
-3.73593976E-01 2021 01 22 22 05 03
-4.11034761E-01 2021 01 22 22 10 02
-3.28797822E-01 2021 01 22 22 15 02
-4.07957238E-01 2021 01 22 22 20 02
-4.92730866E-01 2021 01 22 22 25 02
-5.54747157E-01 2021 01 22 22 30 03
-5.13602245E-01 2021 01 22 22 35 02
-3.95785312E-01 2021 01 22 22 40 02
-3.64745794E-01 2021 01 22 22 45 02
-3.42068532E-01 2021 01 22 22 50 02
-3.15636488E-01 2021 01 22 22 55 02
-3.18076674E-01 2021 01 22 23 00 02
-3.19803503E-01 2021 01 22 23 05 03
-2.02194201E-01 2021 01 22 23 10 02
-2.59804856E-01 2021 01 22 23 15 02
-2.82352907E-01 2021 01 22 23 20 02
-2.91688417E-01 2021 01 22 23 25 02
-2.39175549E-01 2021 01 22 23 30 03
-2.14057158E-01 2021 01 22 23 35 02
-2.86211252E-01 2021 01 22 23 40 02
-5.77149158E-02 2021 01 22 23 45 02
-1.84826675E-01 2021 01 22 23 50 02
-1.99423852E-01 2021 01 22 23 55 02
