-7.92605530E-01 2021 01 02 00 00 02
-8.89544274E-01 2021 01 02 00 05 02
-8.67552033E-01 2021 01 02 00 10 02
-8.67020755E-01 2021 01 02 00 15 02
-8.58115223E-01 2021 01 02 00 20 02
-8.87270830E-01 2021 01 02 00 25 03
-9.20582816E-01 2021 01 02 00 30 02
-9.53797963E-01 2021 01 02 00 35 02
-9.88175796E-01 2021 01 02 00 40 02
-9.53299206E-01 2021 01 02 00 45 02
-9.85644091E-01 2021 01 02 00 50 02
-9.94699938E-01 2021 01 02 00 55 02
-8.52587970E-01 2021 01 02 01 00 02
-7.36979912E-01 2021 01 02 01 05 02
-8.43541079E-01 2021 01 02 01 10 02
-8.19395474E-01 2021 01 02 01 15 02
-9.49316609E-01 2021 01 02 01 20 02
-9.71523007E-01 2021 01 02 01 25 03
-9.69427967E-01 2021 01 02 01 30 02
-9.44441806E-01 2021 01 02 01 35 02
-9.62913365E-01 2021 01 02 01 40 02
-1.05278942E+00 2021 01 02 01 45 02
-1.00364399E+00 2021 01 02 01 50 03
-9.54024860E-01 2021 01 02 01 55 02
-1.02152791E+00 2021 01 02 02 00 02
-9.86502167E-01 2021 01 02 02 05 02
-9.64718533E-01 2021 01 02 02 10 02
-9.18876904E-01 2021 01 02 02 15 02
-9.25974204E-01 2021 01 02 02 20 02
-9.37844626E-01 2021 01 02 02 25 02
-9.48780827E-01 2021 01 02 02 30 02
-9.21619280E-01 2021 01 02 02 35 02
-8.87889716E-01 2021 01 02 02 40 02
-8.86994549E-01 2021 01 02 02 45 02
-9.13114858E-01 2021 01 02 02 50 03
-8.90512747E-01 2021 01 02 02 55 02
-8.61271969E-01 2021 01 02 03 00 02
-8.27147583E-01 2021 01 02 03 05 02
-8.19371578E-01 2021 01 02 03 10 02
-7.93585078E-01 2021 01 02 03 15 02
-7.81250141E-01 2021 01 02 03 20 02
-7.59843582E-01 2021 01 02 03 25 02
-7.58110358E-01 2021 01 02 03 30 02
-7.19882129E-01 2021 01 02 03 35 02
-7.10381809E-01 2021 01 02 03 40 02
-6.76819592E-01 2021 01 02 03 45 02
-6.54961194E-01 2021 01 02 03 50 03
-6.17680496E-01 2021 01 02 03 55 02
-6.51109927E-01 2021 01 02 04 00 02
-5.85824030E-01 2021 01 02 04 05 02
-5.07826441E-01 2021 01 02 04 10 02
-4.87526946E-01 2021 01 02 04 15 03
-5.10289884E-01 2021 01 02 04 20 02
-4.84646097E-01 2021 01 02 04 25 02
-4.82763277E-01 2021 01 02 04 30 02
-4.37463804E-01 2021 01 02 04 35 02
-4.11479343E-01 2021 01 02 04 40 02
-4.31007984E-01 2021 01 02 04 45 02
-4.15723552E-01 2021 01 02 04 50 02
-3.64078711E-01 2021 01 02 04 55 02
-3.34682509E-01 2021 01 02 05 00 02
-3.13703859E-01 2021 01 02 05 05 02
-2.97978524E-01 2021 01 02 05 10 02
-2.53100437E-01 2021 01 02 05 15 03
-2.43865442E-01 2021 01 02 05 20 02
-2.13128358E-01 2021 01 02 05 25 02
-1.71322005E-01 2021 01 02 05 30 02
-1.20840222E-01 2021 01 02 05 35 02
-1.27434544E-01 2021 01 02 05 40 02
-1.00027010E-01 2021 01 02 05 45 02
-8.12568200E-02 2021 01 02 05 50 02
-4.40346516E-02 2021 01 02 05 55 02
-6.86739726E-02 2021 01 02 06 00 02
+4.94372203E-02 2021 01 02 06 05 02
+3.59812845E-02 2021 01 02 06 10 02
+9.93056332E-02 2021 01 02 06 15 03
+1.50413361E-01 2021 01 02 06 20 02
+2.02870054E-01 2021 01 02 06 25 02
+1.23249162E-01 2021 01 02 06 30 02
+1.79908874E-01 2021 01 02 06 35 02
+1.21847834E-01 2021 01 02 06 40 03
+6.60690200E-02 2021 01 02 06 45 02
+1.61882496E-01 2021 01 02 06 50 02
+2.05062360E-01 2021 01 02 06 55 02
+2.10240506E-01 2021 01 02 07 00 02
+1.81746143E-01 2021 01 02 07 05 02
+1.99198856E-01 2021 01 02 07 10 02
+2.19789387E-01 2021 01 02 07 15 02
+1.76142019E-01 2021 01 02 07 20 02
+2.15173754E-01 2021 01 02 07 25 02
+2.07254514E-01 2021 01 02 07 30 02
+2.10770159E-01 2021 01 02 07 35 02
+1.87436779E-01 2021 01 02 07 40 02
+1.38405258E-01 2021 01 02 07 45 02
+1.26921568E-01 2021 01 02 07 50 02
+8.54528366E-02 2021 01 02 07 55 02
+9.41229216E-02 2021 01 02 08 00 02
+4.59801443E-02 2021 01 02 08 05 03
+9.40594222E-02 2021 01 02 08 10 02
+1.34608696E-01 2021 01 02 08 15 02
+1.69014778E-01 2021 01 02 08 20 02
+1.18471704E-01 2021 01 02 08 25 02
+1.35668974E-01 2021 01 02 08 30 02
+8.38636741E-02 2021 01 02 08 35 02
+7.23081031E-02 2021 01 02 08 40 02
+8.20644643E-02 2021 01 02 08 45 02
+6.22006835E-02 2021 01 02 08 50 02
+8.45252210E-02 2021 01 02 08 55 02
+8.67295681E-02 2021 01 02 09 00 02
+1.19748655E-01 2021 01 02 09 05 03
+1.61817815E-01 2021 01 02 09 10 02
+6.34434108E-02 2021 01 02 09 15 02
+9.78705705E-02 2021 01 02 09 20 02
+9.93217171E-02 2021 01 02 09 25 02
+1.10361684E-01 2021 01 02 09 30 03
+2.54974288E-03 2021 01 02 09 35 02
+1.82110925E-01 2021 01 02 09 40 02
+1.52604945E-01 2021 01 02 09 45 02
-2.11563721E-02 2021 01 02 09 50 02
+5.16955556E-02 2021 01 02 09 55 03
+1.19640949E-01 2021 01 02 10 00 02
+1.86784626E-01 2021 01 02 10 05 02
+6.40422895E-02 2021 01 02 10 10 02
+5.85231538E-02 2021 01 02 10 15 02
+1.01762622E-01 2021 01 02 10 20 02
+2.77711694E-03 2021 01 02 10 25 02
+7.19345547E-02 2021 01 02 10 30 02
+1.70561151E-02 2021 01 02 10 35 02
+2.60778049E-02 2021 01 02 10 40 02
+2.16338103E-02 2021 01 02 10 45 02
+2.74091741E-02 2021 01 02 10 50 02
+5.43809626E-02 2021 01 02 10 55 03
+3.23245740E-02 2021 01 02 11 00 02
+8.02473007E-02 2021 01 02 11 05 02
+9.49258843E-02 2021 01 02 11 10 02
+1.61428543E-01 2021 01 02 11 15 02
+1.18895164E-01 2021 01 02 11 20 02
+1.96090994E-01 2021 01 02 11 25 02
+2.77013498E-01 2021 01 02 11 30 02
+1.74247860E-01 2021 01 02 11 35 02
+2.04265704E-01 2021 01 02 11 40 02
+1.70365007E-01 2021 01 02 11 45 02
+2.64248242E-01 2021 01 02 11 50 02
+1.56954521E-01 2021 01 02 11 55 03
+1.86627657E-01 2021 01 02 12 00 02
+1.16221908E-01 2021 01 02 12 05 02
-3.45377299E-03 2021 01 02 12 10 02
-2.99526869E-02 2021 01 02 12 15 02
-5.93605870E-02 2021 01 02 12 20 03
-1.05163838E-01 2021 01 02 12 25 02
-1.46652854E-01 2021 01 02 12 30 02
-9.92621459E-02 2021 01 02 12 35 02
-1.99558665E-01 2021 01 02 12 40 02
-2.17713832E-01 2021 01 02 12 45 02
-2.69620046E-01 2021 01 02 12 50 02
-2.96665014E-01 2021 01 02 12 55 02
-3.77667977E-01 2021 01 02 13 00 02
-4.64431547E-01 2021 01 02 13 05 02
-4.19880694E-01 2021 01 02 13 10 02
-3.90275557E-01 2021 01 02 13 15 02
-4.36417227E-01 2021 01 02 13 20 02
-3.65485323E-01 2021 01 02 13 25 02
-4.12803498E-01 2021 01 02 13 30 02
-4.48072687E-01 2021 01 02 13 35 02
-4.95149426E-01 2021 01 02 13 40 02
-5.17451657E-01 2021 01 02 13 45 02
-5.25539964E-01 2021 01 02 13 50 02
-6.22763306E-01 2021 01 02 13 55 02
-5.96080616E-01 2021 01 02 14 00 02
-6.44838734E-01 2021 01 02 14 05 02
-6.64710369E-01 2021 01 02 14 10 03
-6.29295058E-01 2021 01 02 14 15 02
-7.13551915E-01 2021 01 02 14 20 02
-6.98238559E-01 2021 01 02 14 25 02
-6.74297697E-01 2021 01 02 14 30 02
-6.73489547E-01 2021 01 02 14 35 02
-6.34817392E-01 2021 01 02 14 40 02
-6.67083956E-01 2021 01 02 14 45 02
-7.37527081E-01 2021 01 02 14 50 02
-7.10749827E-01 2021 01 02 14 55 02
-7.57037920E-01 2021 01 02 15 00 02
-7.66062152E-01 2021 01 02 15 05 02
-7.95600816E-01 2021 01 02 15 10 02
-7.43317259E-01 2021 01 02 15 15 02
-7.46903394E-01 2021 01 02 15 20 02
-8.23832212E-01 2021 01 02 15 25 02
-8.19357523E-01 2021 01 02 15 30 02
-8.16812742E-01 2021 01 02 15 35 03
-7.78439233E-01 2021 01 02 15 40 02
-7.76227682E-01 2021 01 02 15 45 02
-7.87654902E-01 2021 01 02 15 50 02
-8.50211787E-01 2021 01 02 15 55 02
-8.22670161E-01 2021 01 02 16 00 02
-7.94739480E-01 2021 01 02 16 05 02
-8.26066947E-01 2021 01 02 16 10 02
-8.00410034E-01 2021 01 02 16 15 02
-7.75364789E-01 2021 01 02 16 20 02
-7.68458300E-01 2021 01 02 16 25 02
-7.63783326E-01 2021 01 02 16 30 02
-7.21076886E-01 2021 01 02 16 35 03
-7.52553647E-01 2021 01 02 16 40 02
-6.89634289E-01 2021 01 02 16 45 02
-6.61027522E-01 2021 01 02 16 50 02
-6.31244550E-01 2021 01 02 16 55 02
-6.56382919E-01 2021 01 02 17 00 03
-5.77309725E-01 2021 01 02 17 05 02
-5.93343278E-01 2021 01 02 17 10 02
-6.03345981E-01 2021 01 02 17 15 02
-5.23277739E-01 2021 01 02 17 20 02
-5.56044495E-01 2021 01 02 17 25 02
-4.54280656E-01 2021 01 02 17 30 02
-4.20938343E-01 2021 01 02 17 35 02
-5.20771984E-01 2021 01 02 17 40 02
-4.36731878E-01 2021 01 02 17 45 02
-4.26593222E-01 2021 01 02 17 50 02
-3.61814468E-01 2021 01 02 17 55 02
-4.48653596E-01 2021 01 02 18 00 02
-3.72890252E-01 2021 01 02 18 05 02
-3.90840100E-01 2021 01 02 18 10 02
-3.58992905E-01 2021 01 02 18 15 02
-2.95589839E-01 2021 01 02 18 20 02
-3.14784379E-01 2021 01 02 18 25 02
-2.99120343E-01 2021 01 02 18 30 02
-2.94753619E-01 2021 01 02 18 35 02
-3.56434751E-01 2021 01 02 18 40 02
-3.11677505E-01 2021 01 02 18 45 02
-2.39018176E-01 2021 01 02 18 50 03
-2.18545636E-01 2021 01 02 18 55 02
-2.55485957E-01 2021 01 02 19 00 02
-2.41205936E-01 2021 01 02 19 05 02
-2.08285528E-01 2021 01 02 19 10 02
-1.57240234E-01 2021 01 02 19 15 03
-1.76422257E-01 2021 01 02 19 20 02
-2.08083958E-01 2021 01 02 19 25 02
-1.85063853E-01 2021 01 02 19 30 02
-1.72588859E-01 2021 01 02 19 35 02
-1.51324892E-01 2021 01 02 19 40 02
-2.40813299E-01 2021 01 02 19 45 02
-1.74766952E-01 2021 01 02 19 50 02
-1.47591441E-01 2021 01 02 19 55 02
-1.32056501E-01 2021 01 02 20 00 02
-1.67666044E-01 2021 01 02 20 05 02
-1.18577418E-01 2021 01 02 20 10 02
-1.54707326E-01 2021 01 02 20 15 02
-1.25546077E-01 2021 01 02 20 20 02
-1.69733241E-01 2021 01 02 20 25 02
-1.62535053E-01 2021 01 02 20 30 02
-1.17908083E-01 2021 01 02 20 35 02
-1.04838256E-01 2021 01 02 20 40 03
-1.50918324E-01 2021 01 02 20 45 02
-1.37765118E-01 2021 01 02 20 50 02
-2.35038158E-01 2021 01 02 20 55 02
-1.59039683E-01 2021 01 02 21 00 02
-1.90779905E-01 2021 01 02 21 05 02
-1.61557655E-01 2021 01 02 21 10 02
-1.31243898E-01 2021 01 02 21 15 02
-1.72650710E-01 2021 01 02 21 20 02
-1.82059137E-01 2021 01 02 21 25 02
-2.32458866E-01 2021 01 02 21 30 02
-2.03857894E-01 2021 01 02 21 35 02
-1.94654067E-01 2021 01 02 21 40 03
-2.96710561E-01 2021 01 02 21 45 02
-2.81773804E-01 2021 01 02 21 50 02
-2.25193695E-01 2021 01 02 21 55 02
-2.47094217E-01 2021 01 02 22 00 02
-2.61000956E-01 2021 01 02 22 05 03
-2.47495020E-01 2021 01 02 22 10 02
-2.61866646E-01 2021 01 02 22 15 02
-3.17909947E-01 2021 01 02 22 20 02
-3.32303938E-01 2021 01 02 22 25 02
-3.33551167E-01 2021 01 02 22 30 02
-4.02568691E-01 2021 01 02 22 35 02
-3.41566683E-01 2021 01 02 22 40 02
-3.55998090E-01 2021 01 02 22 45 02
-4.43280933E-01 2021 01 02 22 50 02
-4.29354052E-01 2021 01 02 22 55 02
-4.30449695E-01 2021 01 02 23 00 02
-4.22506674E-01 2021 01 02 23 05 02
-4.10204881E-01 2021 01 02 23 10 02
-4.61874509E-01 2021 01 02 23 15 02
-4.58092384E-01 2021 01 02 23 20 02
-4.77650495E-01 2021 01 02 23 25 02
-5.90631180E-01 2021 01 02 23 30 03
-5.50384808E-01 2021 01 02 23 35 02
-6.05205121E-01 2021 01 02 23 40 02
-5.61748736E-01 2021 01 02 23 45 02
-5.87728103E-01 2021 01 02 23 50 02
-6.57233264E-01 2021 01 02 23 55 03
