-1.21444747E+00 2021 01 29 00 00 02
-1.19482319E+00 2021 01 29 00 05 02
-1.17521071E+00 2021 01 29 00 10 02
-1.18818948E+00 2021 01 29 00 15 02
-1.21958244E+00 2021 01 29 00 20 02
-1.19729059E+00 2021 01 29 00 25 02
-1.15831873E+00 2021 01 29 00 30 02
-1.14715740E+00 2021 01 29 00 35 02
-1.14121048E+00 2021 01 29 00 40 02
-1.17798260E+00 2021 01 29 00 45 02
-1.17284476E+00 2021 01 29 00 50 02
-1.10477802E+00 2021 01 29 00 55 02
-1.10095724E+00 2021 01 29 01 00 02
-1.11423663E+00 2021 01 29 01 05 02
-1.07758932E+00 2021 01 29 01 10 03
-1.08617517E+00 2021 01 29 01 15 02
-1.04526876E+00 2021 01 29 01 20 02
-1.07467615E+00 2021 01 29 01 25 02
-1.07114303E+00 2021 01 29 01 30 02
-1.07050350E+00 2021 01 29 01 35 03
-1.03242451E+00 2021 01 29 01 40 02
-9.91871196E-01 2021 01 29 01 45 02
-9.29149121E-01 2021 01 29 01 50 02
-9.19800230E-01 2021 01 29 01 55 02
-8.91691089E-01 2021 01 29 02 00 02
-8.80759406E-01 2021 01 29 02 05 02
-8.65191561E-01 2021 01 29 02 10 02
-8.14612010E-01 2021 01 29 02 15 02
-8.11396733E-01 2021 01 29 02 20 02
-8.00906024E-01 2021 01 29 02 25 02
-7.90489015E-01 2021 01 29 02 30 02
-7.61677054E-01 2021 01 29 02 35 02
-7.43154112E-01 2021 01 29 02 40 02
-6.94653821E-01 2021 01 29 02 45 02
-6.89116934E-01 2021 01 29 02 50 02
-6.47096721E-01 2021 01 29 02 55 02
-6.18052100E-01 2021 01 29 03 00 03
-5.90352583E-01 2021 01 29 03 05 02
-5.50373617E-01 2021 01 29 03 10 02
-5.08654580E-01 2021 01 29 03 15 02
-4.61722447E-01 2021 01 29 03 20 02
-4.54686852E-01 2021 01 29 03 25 03
-4.10551028E-01 2021 01 29 03 30 02
-3.88332843E-01 2021 01 29 03 35 02
-3.57279792E-01 2021 01 29 03 40 02
-3.37785336E-01 2021 01 29 03 45 02
-3.01365263E-01 2021 01 29 03 50 02
-2.73870313E-01 2021 01 29 03 55 02
-2.39542627E-01 2021 01 29 04 00 02
-2.02134922E-01 2021 01 29 04 05 02
-2.02951346E-01 2021 01 29 04 10 02
-1.81646046E-01 2021 01 29 04 15 02
-1.77899445E-01 2021 01 29 04 20 02
-1.37616881E-01 2021 01 29 04 25 03
-1.29069175E-01 2021 01 29 04 30 02
-4.52631958E-02 2021 01 29 04 35 02
-3.49835383E-02 2021 01 29 04 40 02
+2.02566587E-02 2021 01 29 04 45 02
+1.08327913E-02 2021 01 29 04 50 03
+1.14504513E-01 2021 01 29 04 55 02
+9.86666546E-02 2021 01 29 05 00 02
+6.48935447E-02 2021 01 29 05 05 02
+1.07288102E-01 2021 01 29 05 10 02
+1.23671974E-01 2021 01 29 05 15 03
+1.29904593E-01 2021 01 29 05 20 02
+1.65517791E-01 2021 01 29 05 25 02
+1.98437177E-01 2021 01 29 05 30 02
+1.99087891E-01 2021 01 29 05 35 02
+2.21587248E-01 2021 01 29 05 40 02
+2.38266164E-01 2021 01 29 05 45 02
+2.52052618E-01 2021 01 29 05 50 02
+2.36792011E-01 2021 01 29 05 55 02
+2.36021011E-01 2021 01 29 06 00 02
+2.89971080E-01 2021 01 29 06 05 02
+2.46742284E-01 2021 01 29 06 10 02
+2.58358782E-01 2021 01 29 06 15 03
+3.71986048E-01 2021 01 29 06 20 02
+3.02212449E-01 2021 01 29 06 25 02
+3.71001814E-01 2021 01 29 06 30 02
+3.83374938E-01 2021 01 29 06 35 02
+3.16668052E-01 2021 01 29 06 40 02
+3.72633632E-01 2021 01 29 06 45 02
+2.62569088E-01 2021 01 29 06 50 02
+2.83826832E-01 2021 01 29 06 55 02
+2.94951133E-01 2021 01 29 07 00 02
+3.06256755E-01 2021 01 29 07 05 02
+3.66444418E-01 2021 01 29 07 10 02
+2.81729791E-01 2021 01 29 07 15 03
+4.06273219E-01 2021 01 29 07 20 02
+4.43352518E-01 2021 01 29 07 25 02
+3.68481782E-01 2021 01 29 07 30 02
+3.14324790E-01 2021 01 29 07 35 02
+3.32537303E-01 2021 01 29 07 40 03
+2.90470293E-01 2021 01 29 07 45 02
+2.82520998E-01 2021 01 29 07 50 02
+2.90527295E-01 2021 01 29 07 55 02
+2.50291457E-01 2021 01 29 08 00 02
+1.75848420E-01 2021 01 29 08 05 02
+1.97798374E-01 2021 01 29 08 10 02
+2.47206787E-01 2021 01 29 08 15 02
+2.08503275E-01 2021 01 29 08 20 02
+1.46285306E-01 2021 01 29 08 25 02
+1.98133317E-01 2021 01 29 08 30 02
+2.30820750E-02 2021 01 29 08 35 02
+9.95013180E-02 2021 01 29 08 40 02
+3.58332480E-02 2021 01 29 08 45 02
-4.06195918E-02 2021 01 29 08 50 02
+1.27233713E-01 2021 01 29 08 55 02
-4.73611579E-02 2021 01 29 09 00 02
-5.92848830E-02 2021 01 29 09 05 03
-7.48101639E-02 2021 01 29 09 10 02
-4.87469879E-02 2021 01 29 09 15 02
-1.35256142E-01 2021 01 29 09 20 02
-1.86344883E-01 2021 01 29 09 25 02
-2.03151431E-01 2021 01 29 09 30 03
-6.65069205E-02 2021 01 29 09 35 02
+4.79509983E-03 2021 01 29 09 40 02
-1.56652947E-01 2021 01 29 09 45 02
-1.54257375E-01 2021 01 29 09 50 02
-2.15212162E-01 2021 01 29 09 55 02
-3.41303830E-01 2021 01 29 10 00 02
-1.71539465E-01 2021 01 29 10 05 02
-3.11700346E-01 2021 01 29 10 10 02
-2.40640986E-01 2021 01 29 10 15 02
-2.91638827E-01 2021 01 29 10 20 02
-3.67583572E-01 2021 01 29 10 25 02
-3.15582177E-01 2021 01 29 10 30 03
-3.36071859E-01 2021 01 29 10 35 02
-3.96092697E-01 2021 01 29 10 40 02
-4.45287487E-01 2021 01 29 10 45 02
-3.47938610E-01 2021 01 29 10 50 02
-4.68034352E-01 2021 01 29 10 55 03
-3.92960591E-01 2021 01 29 11 00 02
-4.82628291E-01 2021 01 29 11 05 02
-5.29392525E-01 2021 01 29 11 10 02
-6.22949328E-01 2021 01 29 11 15 02
-5.86365105E-01 2021 01 29 11 20 02
-6.27861673E-01 2021 01 29 11 25 02
-6.10655608E-01 2021 01 29 11 30 02
-6.42443085E-01 2021 01 29 11 35 02
-6.10233801E-01 2021 01 29 11 40 02
-7.62495210E-01 2021 01 29 11 45 02
-6.47137203E-01 2021 01 29 11 50 02
-6.70717917E-01 2021 01 29 11 55 02
-7.33800517E-01 2021 01 29 12 00 02
-7.54558700E-01 2021 01 29 12 05 02
-7.18324775E-01 2021 01 29 12 10 02
-7.63415453E-01 2021 01 29 12 15 02
-8.37688132E-01 2021 01 29 12 20 03
-7.75221163E-01 2021 01 29 12 25 02
-7.61887349E-01 2021 01 29 12 30 02
-7.86602013E-01 2021 01 29 12 35 02
-8.35066118E-01 2021 01 29 12 40 02
-7.90639839E-01 2021 01 29 12 45 02
-8.31074295E-01 2021 01 29 12 50 02
-9.87136870E-01 2021 01 29 12 55 02
-9.03926519E-01 2021 01 29 13 00 02
-8.93796939E-01 2021 01 29 13 05 02
-8.23189672E-01 2021 01 29 13 10 02
-8.52247327E-01 2021 01 29 13 15 02
-9.10039895E-01 2021 01 29 13 20 02
-8.69464268E-01 2021 01 29 13 25 02
-1.05943419E+00 2021 01 29 13 30 02
-9.54204886E-01 2021 01 29 13 35 02
-9.75868856E-01 2021 01 29 13 40 02
-9.66650249E-01 2021 01 29 13 45 03
-8.81994724E-01 2021 01 29 13 50 02
-9.46303392E-01 2021 01 29 13 55 02
-9.21654941E-01 2021 01 29 14 00 02
-9.38285797E-01 2021 01 29 14 05 02
-8.68427533E-01 2021 01 29 14 10 03
-9.15554672E-01 2021 01 29 14 15 02
-8.61254508E-01 2021 01 29 14 20 02
-9.27755794E-01 2021 01 29 14 25 02
-9.11342544E-01 2021 01 29 14 30 02
-8.54612300E-01 2021 01 29 14 35 02
-8.63011953E-01 2021 01 29 14 40 02
-8.07073281E-01 2021 01 29 14 45 03
-8.30164018E-01 2021 01 29 14 50 02
-6.85622413E-01 2021 01 29 14 55 02
-7.96790030E-01 2021 01 29 15 00 02
-7.26344717E-01 2021 01 29 15 05 02
-6.84534522E-01 2021 01 29 15 10 03
-6.95887532E-01 2021 01 29 15 15 02
-6.65316866E-01 2021 01 29 15 20 02
-6.48057171E-01 2021 01 29 15 25 02
-5.47983720E-01 2021 01 29 15 30 02
-5.00573337E-01 2021 01 29 15 35 03
-5.49312057E-01 2021 01 29 15 40 02
-4.84472618E-01 2021 01 29 15 45 02
-6.08713566E-01 2021 01 29 15 50 02
-4.98083561E-01 2021 01 29 15 55 02
-4.59212549E-01 2021 01 29 16 00 02
-4.20799704E-01 2021 01 29 16 05 02
-4.40629388E-01 2021 01 29 16 10 02
-5.82511468E-01 2021 01 29 16 15 02
-3.89529159E-01 2021 01 29 16 20 02
-4.33394066E-01 2021 01 29 16 25 02
-4.46191486E-01 2021 01 29 16 30 02
-4.41412722E-01 2021 01 29 16 35 02
-3.30339891E-01 2021 01 29 16 40 02
-3.30827295E-01 2021 01 29 16 45 02
-2.78693060E-01 2021 01 29 16 50 02
-3.05815524E-01 2021 01 29 16 55 02
-2.85425757E-01 2021 01 29 17 00 02
-1.59310517E-01 2021 01 29 17 05 02
-2.45752592E-01 2021 01 29 17 10 02
-2.50259640E-01 2021 01 29 17 15 02
-2.30023522E-01 2021 01 29 17 20 02
-2.15879996E-01 2021 01 29 17 25 03
-1.82931926E-01 2021 01 29 17 30 02
-1.45525107E-01 2021 01 29 17 35 02
-1.78768597E-01 2021 01 29 17 40 02
-1.19788524E-01 2021 01 29 17 45 02
-8.79536780E-02 2021 01 29 17 50 02
-2.19430783E-01 2021 01 29 17 55 02
-1.12075348E-01 2021 01 29 18 00 02
-1.67362547E-01 2021 01 29 18 05 02
-1.30666244E-01 2021 01 29 18 10 02
-8.44970374E-02 2021 01 29 18 15 02
-9.75152916E-02 2021 01 29 18 20 02
-9.50668025E-02 2021 01 29 18 25 03
-8.30418785E-02 2021 01 29 18 30 02
-1.23648195E-01 2021 01 29 18 35 02
-1.18747645E-01 2021 01 29 18 40 02
-1.43215319E-01 2021 01 29 18 45 02
-1.57819882E-01 2021 01 29 18 50 03
-1.36828656E-01 2021 01 29 18 55 02
-9.53825203E-02 2021 01 29 19 00 02
-1.20530131E-01 2021 01 29 19 05 02
-1.24102877E-01 2021 01 29 19 10 02
-4.07579234E-02 2021 01 29 19 15 02
-1.36193615E-01 2021 01 29 19 20 02
-1.26305383E-01 2021 01 29 19 25 02
-1.20305224E-01 2021 01 29 19 30 02
-1.63352015E-01 2021 01 29 19 35 02
-1.60038598E-01 2021 01 29 19 40 02
-2.05525925E-01 2021 01 29 19 45 02
-2.33110713E-01 2021 01 29 19 50 03
-1.78009695E-01 2021 01 29 19 55 02
-1.65121639E-01 2021 01 29 20 00 02
-1.18701509E-01 2021 01 29 20 05 02
-2.56457219E-01 2021 01 29 20 10 02
-2.62298509E-01 2021 01 29 20 15 03
-3.10108032E-01 2021 01 29 20 20 02
-3.31176231E-01 2021 01 29 20 25 02
-2.35482817E-01 2021 01 29 20 30 02
-2.75461986E-01 2021 01 29 20 35 02
-3.04957014E-01 2021 01 29 20 40 02
-2.87312599E-01 2021 01 29 20 45 02
-3.50637124E-01 2021 01 29 20 50 02
-3.47275067E-01 2021 01 29 20 55 02
-3.32595510E-01 2021 01 29 21 00 02
-4.72655798E-01 2021 01 29 21 05 02
-3.86884689E-01 2021 01 29 21 10 02
-3.31089530E-01 2021 01 29 21 15 02
-3.95956060E-01 2021 01 29 21 20 02
-4.32868812E-01 2021 01 29 21 25 02
-4.54781916E-01 2021 01 29 21 30 02
-4.60157443E-01 2021 01 29 21 35 02
-5.11153259E-01 2021 01 29 21 40 03
-4.56263903E-01 2021 01 29 21 45 02
-5.67569854E-01 2021 01 29 21 50 02
-6.18775580E-01 2021 01 29 21 55 02
-6.64284584E-01 2021 01 29 22 00 02
-6.59035096E-01 2021 01 29 22 05 03
-6.78454532E-01 2021 01 29 22 10 02
-6.73612950E-01 2021 01 29 22 15 02
-7.00592248E-01 2021 01 29 22 20 02
-7.03358565E-01 2021 01 29 22 25 02
-7.15808724E-01 2021 01 29 22 30 02
-7.37323809E-01 2021 01 29 22 35 02
-7.64165379E-01 2021 01 29 22 40 03
-8.21437334E-01 2021 01 29 22 45 02
-8.61581830E-01 2021 01 29 22 50 02
-8.54567857E-01 2021 01 29 22 55 02
-8.58542802E-01 2021 01 29 23 00 02
-8.46318689E-01 2021 01 29 23 05 03
-8.69941578E-01 2021 01 29 23 10 02
-9.16429458E-01 2021 01 29 23 15 02
-9.19676725E-01 2021 01 29 23 20 02
-9.43485516E-01 2021 01 29 23 25 02
-9.48220824E-01 2021 01 29 23 30 02
-9.44773952E-01 2021 01 29 23 35 02
-9.79503161E-01 2021 01 29 23 40 02
-9.63475767E-01 2021 01 29 23 45 02
-9.93302507E-01 2021 01 29 23 50 02
-9.73618405E-01 2021 01 29 23 55 02
