-1.17712376E+00 2021 01 14 00 00 03
-1.17320511E+00 2021 01 14 00 05 02
-1.12436914E+00 2021 01 14 00 10 02
-1.13131347E+00 2021 01 14 00 15 02
-1.16455345E+00 2021 01 14 00 20 02
-1.13813270E+00 2021 01 14 00 25 02
-1.05521720E+00 2021 01 14 00 30 02
-1.06186505E+00 2021 01 14 00 35 03
-1.12792229E+00 2021 01 14 00 40 02
-1.13497633E+00 2021 01 14 00 45 02
-1.16321131E+00 2021 01 14 00 50 02
-1.14849846E+00 2021 01 14 00 55 02
-1.13866305E+00 2021 01 14 01 00 03
-1.17526873E+00 2021 01 14 01 05 02
-1.13362407E+00 2021 01 14 01 10 02
-1.13229635E+00 2021 01 14 01 15 02
-1.09710027E+00 2021 01 14 01 20 02
-1.09725770E+00 2021 01 14 01 25 02
-1.06777583E+00 2021 01 14 01 30 02
-1.07537879E+00 2021 01 14 01 35 02
-1.02616826E+00 2021 01 14 01 40 02
-1.03997485E+00 2021 01 14 01 45 02
-1.07594925E+00 2021 01 14 01 50 02
-1.05995387E+00 2021 01 14 01 55 02
-9.62611155E-01 2021 01 14 02 00 03
-9.52967655E-01 2021 01 14 02 05 02
-9.59497337E-01 2021 01 14 02 10 02
-1.01001796E+00 2021 01 14 02 15 02
-9.90546730E-01 2021 01 14 02 20 02
-9.86340906E-01 2021 01 14 02 25 02
-8.73673337E-01 2021 01 14 02 30 02
-7.97122687E-01 2021 01 14 02 35 02
-8.40268745E-01 2021 01 14 02 40 02
-8.10260698E-01 2021 01 14 02 45 02
-8.29192406E-01 2021 01 14 02 50 02
-8.07763129E-01 2021 01 14 02 55 02
-7.76548923E-01 2021 01 14 03 00 02
-7.30862386E-01 2021 01 14 03 05 02
-7.27949571E-01 2021 01 14 03 10 02
-6.21974961E-01 2021 01 14 03 15 02
-6.13835382E-01 2021 01 14 03 20 02
-5.89207335E-01 2021 01 14 03 25 03
-5.79718101E-01 2021 01 14 03 30 02
-5.50299010E-01 2021 01 14 03 35 02
-5.15889340E-01 2021 01 14 03 40 02
-4.84340309E-01 2021 01 14 03 45 02
-4.00307659E-01 2021 01 14 03 50 03
-3.67933970E-01 2021 01 14 03 55 02
-3.04288573E-01 2021 01 14 04 00 02
-3.37040031E-01 2021 01 14 04 05 02
-2.73659843E-01 2021 01 14 04 10 02
-2.82291643E-01 2021 01 14 04 15 02
-2.80542604E-01 2021 01 14 04 20 02
-2.39098098E-01 2021 01 14 04 25 02
-2.27534434E-01 2021 01 14 04 30 02
-1.95187888E-01 2021 01 14 04 35 02
-1.45291347E-01 2021 01 14 04 40 02
-6.15653533E-02 2021 01 14 04 45 02
-1.79932088E-02 2021 01 14 04 50 02
-1.57877795E-02 2021 01 14 04 55 02
+6.40941537E-02 2021 01 14 05 00 02
+2.30097159E-02 2021 01 14 05 05 02
+6.45550474E-02 2021 01 14 05 10 02
+8.33488483E-02 2021 01 14 05 15 03
+8.66188758E-02 2021 01 14 05 20 02
+1.16849466E-01 2021 01 14 05 25 02
+1.32042092E-01 2021 01 14 05 30 02
+1.59393030E-01 2021 01 14 05 35 02
+2.04650463E-01 2021 01 14 05 40 02
+1.58123927E-01 2021 01 14 05 45 02
+1.78098685E-01 2021 01 14 05 50 02
+7.90405680E-02 2021 01 14 05 55 02
+2.22572133E-01 2021 01 14 06 00 02
+2.41725266E-01 2021 01 14 06 05 02
+2.53445648E-01 2021 01 14 06 10 02
+2.41816592E-01 2021 01 14 06 15 02
+2.56867563E-01 2021 01 14 06 20 02
+3.35890021E-01 2021 01 14 06 25 02
+2.84488655E-01 2021 01 14 06 30 02
+3.41691957E-01 2021 01 14 06 35 02
+2.80043115E-01 2021 01 14 06 40 03
+3.15373719E-01 2021 01 14 06 45 02
+3.55469652E-01 2021 01 14 06 50 02
+3.64969619E-01 2021 01 14 06 55 02
+2.95343818E-01 2021 01 14 07 00 02
+3.31237934E-01 2021 01 14 07 05 02
+3.56420249E-01 2021 01 14 07 10 02
+3.79350861E-01 2021 01 14 07 15 02
+3.38964064E-01 2021 01 14 07 20 02
+3.84253466E-01 2021 01 14 07 25 02
+3.60487813E-01 2021 01 14 07 30 02
+2.66323709E-01 2021 01 14 07 35 02
+4.07583582E-01 2021 01 14 07 40 03
+3.58179841E-01 2021 01 14 07 45 02
+3.25213134E-01 2021 01 14 07 50 02
+3.13819628E-01 2021 01 14 07 55 02
+3.19098850E-01 2021 01 14 08 00 02
+2.73214097E-01 2021 01 14 08 05 02
+3.10578826E-01 2021 01 14 08 10 02
+3.65065514E-01 2021 01 14 08 15 02
+2.23829578E-01 2021 01 14 08 20 02
+2.28576157E-01 2021 01 14 08 25 02
+2.38132452E-01 2021 01 14 08 30 02
+2.25459528E-01 2021 01 14 08 35 02
+9.36807583E-02 2021 01 14 08 40 03
+1.73901434E-01 2021 01 14 08 45 02
+1.86721158E-01 2021 01 14 08 50 02
+1.82877956E-01 2021 01 14 08 55 02
+1.22354589E-01 2021 01 14 09 00 02
+1.35080669E-01 2021 01 14 09 05 03
+3.41975236E-02 2021 01 14 09 10 02
+8.24509298E-02 2021 01 14 09 15 02
+5.39536080E-02 2021 01 14 09 20 02
-1.64966498E-02 2021 01 14 09 25 02
-8.30042642E-03 2021 01 14 09 30 02
+5.78357468E-02 2021 01 14 09 35 02
+4.88714618E-02 2021 01 14 09 40 02
-3.22641938E-02 2021 01 14 09 45 02
-6.46787791E-03 2021 01 14 09 50 02
-9.14929585E-02 2021 01 14 09 55 02
-1.08648248E-01 2021 01 14 10 00 02
-1.22384342E-01 2021 01 14 10 05 02
-1.44930349E-01 2021 01 14 10 10 02
-1.58233591E-01 2021 01 14 10 15 02
-2.12920208E-01 2021 01 14 10 20 02
-2.57157674E-01 2021 01 14 10 25 02
-2.60948658E-01 2021 01 14 10 30 03
-3.06887124E-01 2021 01 14 10 35 02
-3.18081269E-01 2021 01 14 10 40 02
-2.72303634E-01 2021 01 14 10 45 02
-3.22180296E-01 2021 01 14 10 50 02
-3.27030265E-01 2021 01 14 10 55 02
-3.68182367E-01 2021 01 14 11 00 02
-2.82128768E-01 2021 01 14 11 05 02
-3.93902396E-01 2021 01 14 11 10 02
-4.18443067E-01 2021 01 14 11 15 02
-4.03634960E-01 2021 01 14 11 20 02
-4.26026341E-01 2021 01 14 11 25 02
-4.36663981E-01 2021 01 14 11 30 03
-4.23612774E-01 2021 01 14 11 35 02
-4.63154466E-01 2021 01 14 11 40 02
-5.30500518E-01 2021 01 14 11 45 02
-5.19356305E-01 2021 01 14 11 50 02
-4.66666743E-01 2021 01 14 11 55 03
-4.01605137E-01 2021 01 14 12 00 02
-4.66391488E-01 2021 01 14 12 05 02
-5.05805534E-01 2021 01 14 12 10 02
-4.93864763E-01 2021 01 14 12 15 02
-5.39476840E-01 2021 01 14 12 20 02
-4.92111500E-01 2021 01 14 12 25 02
-5.60244678E-01 2021 01 14 12 30 02
-5.38711532E-01 2021 01 14 12 35 02
-6.43272386E-01 2021 01 14 12 40 02
-5.55543496E-01 2021 01 14 12 45 02
-5.91458245E-01 2021 01 14 12 50 02
-6.74836619E-01 2021 01 14 12 55 03
-6.47102381E-01 2021 01 14 13 00 02
-7.64834292E-01 2021 01 14 13 05 02
-7.07662829E-01 2021 01 14 13 10 02
-7.75484073E-01 2021 01 14 13 15 02
-7.15422475E-01 2021 01 14 13 20 02
-7.35336753E-01 2021 01 14 13 25 02
-8.43008279E-01 2021 01 14 13 30 02
-6.78738997E-01 2021 01 14 13 35 02
-6.95444169E-01 2021 01 14 13 40 02
-7.35183115E-01 2021 01 14 13 45 02
-7.00835301E-01 2021 01 14 13 50 02
-7.24737883E-01 2021 01 14 13 55 03
-7.32331384E-01 2021 01 14 14 00 02
-8.10311710E-01 2021 01 14 14 05 02
-6.85966161E-01 2021 01 14 14 10 02
-7.44942912E-01 2021 01 14 14 15 02
-7.31889935E-01 2021 01 14 14 20 03
-7.11663448E-01 2021 01 14 14 25 02
-7.47107393E-01 2021 01 14 14 30 02
-7.30975923E-01 2021 01 14 14 35 02
-8.04720492E-01 2021 01 14 14 40 02
-6.99910727E-01 2021 01 14 14 45 03
-7.48334557E-01 2021 01 14 14 50 02
-6.71759807E-01 2021 01 14 14 55 02
-7.27728302E-01 2021 01 14 15 00 02
-6.70909558E-01 2021 01 14 15 05 02
-6.67175766E-01 2021 01 14 15 10 02
-6.43552262E-01 2021 01 14 15 15 02
-6.59974402E-01 2021 01 14 15 20 02
-6.28958601E-01 2021 01 14 15 25 02
-6.59336611E-01 2021 01 14 15 30 02
-5.98534238E-01 2021 01 14 15 35 02
-5.72593653E-01 2021 01 14 15 40 02
-6.12484917E-01 2021 01 14 15 45 03
-6.43362433E-01 2021 01 14 15 50 02
-5.24468765E-01 2021 01 14 15 55 02
-5.31622094E-01 2021 01 14 16 00 02
-5.02761280E-01 2021 01 14 16 05 02
-5.47294382E-01 2021 01 14 16 10 03
-4.73643069E-01 2021 01 14 16 15 02
-3.81614626E-01 2021 01 14 16 20 02
-3.94135046E-01 2021 01 14 16 25 02
-5.14271351E-01 2021 01 14 16 30 02
-4.70391897E-01 2021 01 14 16 35 03
-4.40025392E-01 2021 01 14 16 40 02
-3.45127234E-01 2021 01 14 16 45 02
-4.68966772E-01 2021 01 14 16 50 02
-3.99988370E-01 2021 01 14 16 55 02
-4.84464893E-01 2021 01 14 17 00 02
-3.63395751E-01 2021 01 14 17 05 02
-3.69872897E-01 2021 01 14 17 10 02
-4.00491801E-01 2021 01 14 17 15 02
-2.86518324E-01 2021 01 14 17 20 02
-2.83168380E-01 2021 01 14 17 25 02
-2.72843258E-01 2021 01 14 17 30 02
-1.40949490E-01 2021 01 14 17 35 03
-2.26450324E-01 2021 01 14 17 40 02
-2.38383235E-01 2021 01 14 17 45 02
-1.83984967E-01 2021 01 14 17 50 02
-2.41178986E-01 2021 01 14 17 55 02
-1.78634191E-01 2021 01 14 18 00 03
-1.23685844E-01 2021 01 14 18 05 02
-5.47875491E-02 2021 01 14 18 10 02
-2.00852484E-01 2021 01 14 18 15 02
-1.47266883E-01 2021 01 14 18 20 02
-8.61606575E-02 2021 01 14 18 25 02
-1.59402130E-02 2021 01 14 18 30 02
-9.02293308E-02 2021 01 14 18 35 02
-8.76877484E-02 2021 01 14 18 40 02
-1.19271713E-01 2021 01 14 18 45 02
-1.09572887E-01 2021 01 14 18 50 02
-4.25939591E-02 2021 01 14 18 55 02
-6.24926253E-02 2021 01 14 19 00 03
-2.13543535E-02 2021 01 14 19 05 02
-7.68281452E-02 2021 01 14 19 10 02
-6.63907050E-02 2021 01 14 19 15 02
-6.22621356E-02 2021 01 14 19 20 02
-1.72741975E-02 2021 01 14 19 25 02
-5.11118567E-02 2021 01 14 19 30 02
-1.96437583E-02 2021 01 14 19 35 02
-2.05688468E-02 2021 01 14 19 40 02
-2.28377263E-02 2021 01 14 19 45 02
-3.39073408E-02 2021 01 14 19 50 02
-3.99694318E-02 2021 01 14 19 55 02
-3.36101027E-02 2021 01 14 20 00 02
-5.30297273E-02 2021 01 14 20 05 02
-6.55601109E-02 2021 01 14 20 10 02
-8.52017066E-02 2021 01 14 20 15 02
-6.71712135E-02 2021 01 14 20 20 02
-1.32782838E-01 2021 01 14 20 25 03
-4.42828529E-02 2021 01 14 20 30 02
-9.88491544E-02 2021 01 14 20 35 02
-5.45742632E-02 2021 01 14 20 40 02
-1.50332125E-01 2021 01 14 20 45 02
-1.16836059E-01 2021 01 14 20 50 02
-1.54673716E-01 2021 01 14 20 55 02
-1.35816066E-01 2021 01 14 21 00 02
-2.84135117E-01 2021 01 14 21 05 02
-2.07255957E-01 2021 01 14 21 10 02
-2.97293596E-01 2021 01 14 21 15 02
-1.76351496E-01 2021 01 14 21 20 02
-2.51824034E-01 2021 01 14 21 25 02
-2.95960330E-01 2021 01 14 21 30 02
-2.44992022E-01 2021 01 14 21 35 02
-3.30581387E-01 2021 01 14 21 40 02
-3.17479588E-01 2021 01 14 21 45 02
-3.09220313E-01 2021 01 14 21 50 03
-2.93748252E-01 2021 01 14 21 55 02
-4.26498746E-01 2021 01 14 22 00 02
-4.08192755E-01 2021 01 14 22 05 02
-4.45603793E-01 2021 01 14 22 10 02
-4.84900594E-01 2021 01 14 22 15 02
-4.65452437E-01 2021 01 14 22 20 02
-5.11749621E-01 2021 01 14 22 25 02
-5.04564164E-01 2021 01 14 22 30 02
-5.53379103E-01 2021 01 14 22 35 02
-6.76258065E-01 2021 01 14 22 40 03
-5.86275482E-01 2021 01 14 22 45 02
-6.68438861E-01 2021 01 14 22 50 02
-6.87432329E-01 2021 01 14 22 55 02
-7.46131215E-01 2021 01 14 23 00 02
-6.80763964E-01 2021 01 14 23 05 03
-7.17563665E-01 2021 01 14 23 10 02
-7.35680674E-01 2021 01 14 23 15 02
-7.87211587E-01 2021 01 14 23 20 02
-8.19340659E-01 2021 01 14 23 25 02
-7.14256698E-01 2021 01 14 23 30 02
-7.85366386E-01 2021 01 14 23 35 02
-8.02462274E-01 2021 01 14 23 40 02
-7.27024106E-01 2021 01 14 23 45 02
-9.03488609E-01 2021 01 14 23 50 02
-8.27662568E-01 2021 01 14 23 55 02
