-1.57211915E-01 2021 01 20 00 00 02
-1.53992230E-01 2021 01 20 00 05 02
-1.39821422E-01 2021 01 20 00 10 02
-1.24642337E-01 2021 01 20 00 15 02
-1.29371986E-01 2021 01 20 00 20 02
-1.84078395E-01 2021 01 20 00 25 02
-1.81984109E-01 2021 01 20 00 30 02
-1.78790730E-01 2021 01 20 00 35 02
-2.59074253E-01 2021 01 20 00 40 02
-2.16413715E-01 2021 01 20 00 45 02
-2.50570727E-01 2021 01 20 00 50 02
-3.20429332E-01 2021 01 20 00 55 02
-3.87093386E-01 2021 01 20 01 00 02
-3.67584738E-01 2021 01 20 01 05 02
-3.60713786E-01 2021 01 20 01 10 03
-3.49890068E-01 2021 01 20 01 15 02
-3.45665120E-01 2021 01 20 01 20 02
-3.33387524E-01 2021 01 20 01 25 02
-3.37938979E-01 2021 01 20 01 30 02
-3.59258476E-01 2021 01 20 01 35 03
-3.57276215E-01 2021 01 20 01 40 02
-3.95115547E-01 2021 01 20 01 45 02
-3.61330494E-01 2021 01 20 01 50 02
-4.06888514E-01 2021 01 20 01 55 02
-4.64138085E-01 2021 01 20 02 00 02
-3.71938039E-01 2021 01 20 02 05 02
-4.84598729E-01 2021 01 20 02 10 02
-4.56736930E-01 2021 01 20 02 15 02
-5.01062813E-01 2021 01 20 02 20 02
-5.21739561E-01 2021 01 20 02 25 02
-4.64802968E-01 2021 01 20 02 30 02
-5.24790294E-01 2021 01 20 02 35 03
-5.43183429E-01 2021 01 20 02 40 02
-5.64041959E-01 2021 01 20 02 45 02
-5.81999126E-01 2021 01 20 02 50 02
-5.74851475E-01 2021 01 20 02 55 02
-5.62509434E-01 2021 01 20 03 00 02
-5.64575228E-01 2021 01 20 03 05 02
-5.80481982E-01 2021 01 20 03 10 02
-5.77444669E-01 2021 01 20 03 15 02
-5.29319736E-01 2021 01 20 03 20 02
-5.43576002E-01 2021 01 20 03 25 02
-1.77171129E-01 2021 01 20 03 30 02
-2.69958696E-01 2021 01 20 03 35 03
-3.59612838E-01 2021 01 20 03 40 02
-5.01791995E-01 2021 01 20 03 45 02
-5.96141078E-01 2021 01 20 03 50 02
-6.66767830E-01 2021 01 20 03 55 02
-7.14726380E-01 2021 01 20 04 00 03
-7.05982129E-01 2021 01 20 04 05 02
-6.31576777E-01 2021 01 20 04 10 02
-5.75716974E-01 2021 01 20 04 15 02
-5.43115555E-01 2021 01 20 04 20 02
-5.15001282E-01 2021 01 20 04 25 02
-5.42331428E-01 2021 01 20 04 30 02
-5.82015252E-01 2021 01 20 04 35 02
-6.63431568E-01 2021 01 20 04 40 02
-6.63056175E-01 2021 01 20 04 45 03
-6.23796876E-01 2021 01 20 04 50 02
-5.95612040E-01 2021 01 20 04 55 02
-6.83024044E-01 2021 01 20 05 00 02
-7.14705731E-01 2021 01 20 05 05 02
-6.53867170E-01 2021 01 20 05 10 02
-6.17874943E-01 2021 01 20 05 15 02
-5.87291252E-01 2021 01 20 05 20 03
-5.24890753E-01 2021 01 20 05 25 02
-5.36489471E-01 2021 01 20 05 30 02
-5.47551766E-01 2021 01 20 05 35 02
-5.05028328E-01 2021 01 20 05 40 02
-4.79955821E-01 2021 01 20 05 45 03
-4.29062601E-01 2021 01 20 05 50 02
-4.70290616E-01 2021 01 20 05 55 02
-4.80076405E-01 2021 01 20 06 00 02
-4.32290936E-01 2021 01 20 06 05 02
-4.12072496E-01 2021 01 20 06 10 02
-3.07905376E-01 2021 01 20 06 15 02
-2.87378488E-01 2021 01 20 06 20 02
-3.51909637E-01 2021 01 20 06 25 02
-4.66468017E-01 2021 01 20 06 30 02
-3.21528497E-01 2021 01 20 06 35 02
-3.11799848E-01 2021 01 20 06 40 02
-3.41703138E-01 2021 01 20 06 45 03
-3.55110640E-01 2021 01 20 06 50 02
-3.23979944E-01 2021 01 20 06 55 02
-3.04873892E-01 2021 01 20 07 00 02
-2.62950774E-01 2021 01 20 07 05 02
-2.61057553E-01 2021 01 20 07 10 03
-2.48602109E-01 2021 01 20 07 15 02
-2.93627775E-01 2021 01 20 07 20 02
-3.21456159E-01 2021 01 20 07 25 02
-3.69188950E-01 2021 01 20 07 30 02
-2.98396688E-01 2021 01 20 07 35 03
-2.49712338E-01 2021 01 20 07 40 02
-2.86204257E-01 2021 01 20 07 45 02
-2.90905552E-01 2021 01 20 07 50 02
-3.38151409E-01 2021 01 20 07 55 02
-3.16062368E-01 2021 01 20 08 00 02
-3.97992875E-01 2021 01 20 08 05 02
-3.53925823E-01 2021 01 20 08 10 02
-3.37130955E-01 2021 01 20 08 15 02
-3.81061278E-01 2021 01 20 08 20 02
-3.35653823E-01 2021 01 20 08 25 02
-2.70675010E-01 2021 01 20 08 30 02
-3.43595722E-01 2021 01 20 08 35 03
-3.22733859E-01 2021 01 20 08 40 02
-3.10094212E-01 2021 01 20 08 45 02
-2.98820060E-01 2021 01 20 08 50 02
-2.88337114E-01 2021 01 20 08 55 02
-3.02520899E-01 2021 01 20 09 00 03
-3.59419132E-01 2021 01 20 09 05 02
-3.66152208E-01 2021 01 20 09 10 02
-3.27889721E-01 2021 01 20 09 15 02
-2.27268314E-01 2021 01 20 09 20 02
-2.72555674E-01 2021 01 20 09 25 02
-3.14106142E-01 2021 01 20 09 30 02
-3.61510381E-01 2021 01 20 09 35 03
-2.05637292E-01 2021 01 20 09 40 02
-2.37112867E-01 2021 01 20 09 45 02
-3.35073730E-01 2021 01 20 09 50 02
-3.79380965E-01 2021 01 20 09 55 02
-3.80793870E-01 2021 01 20 10 00 03
-2.70729381E-01 2021 01 20 10 05 02
-4.25231678E-01 2021 01 20 10 10 02
-3.53189618E-01 2021 01 20 10 15 02
-3.83300062E-01 2021 01 20 10 20 02
-2.97799440E-01 2021 01 20 10 25 03
-3.54051607E-01 2021 01 20 10 30 02
-2.82226639E-01 2021 01 20 10 35 02
-1.54222477E-01 2021 01 20 10 40 02
-1.45460823E-01 2021 01 20 10 45 02
-1.05160874E-01 2021 01 20 10 50 03
-4.33763502E-02 2021 01 20 10 55 02
-5.73823314E-03 2021 01 20 11 00 02
-1.74269526E-02 2021 01 20 11 05 02
-6.70707798E-02 2021 01 20 11 10 02
-2.00167267E-02 2021 01 20 11 15 03
-7.49292609E-02 2021 01 20 11 20 02
-3.96469348E-02 2021 01 20 11 25 02
-6.78144806E-02 2021 01 20 11 30 02
-1.31989583E-02 2021 01 20 11 35 02
+6.79772718E-02 2021 01 20 11 40 02
-1.28903897E-01 2021 01 20 11 45 02
-1.58944952E-01 2021 01 20 11 50 02
-5.87742441E-02 2021 01 20 11 55 02
+8.94602773E-03 2021 01 20 12 00 02
+5.29213225E-02 2021 01 20 12 05 02
+8.58562636E-03 2021 01 20 12 10 02
+5.29239630E-02 2021 01 20 12 15 03
-7.27214269E-02 2021 01 20 12 20 02
-4.19629292E-02 2021 01 20 12 25 02
-3.57317786E-02 2021 01 20 12 30 02
+6.63967952E-02 2021 01 20 12 35 02
-3.92253702E-02 2021 01 20 12 40 03
+7.52185866E-02 2021 01 20 12 45 02
+6.84654250E-02 2021 01 20 12 50 02
+3.31071270E-02 2021 01 20 12 55 02
+4.47047036E-03 2021 01 20 13 00 02
-1.33814260E-02 2021 01 20 13 05 02
+1.61680124E-02 2021 01 20 13 10 02
-4.77794524E-02 2021 01 20 13 15 02
+8.98028570E-03 2021 01 20 13 20 02
-9.07839764E-02 2021 01 20 13 25 02
-3.60915160E-02 2021 01 20 13 30 02
-3.61384358E-03 2021 01 20 13 35 02
-8.81484235E-02 2021 01 20 13 40 03
-1.55332868E-01 2021 01 20 13 45 02
-1.59897663E-01 2021 01 20 13 50 02
-1.61659744E-01 2021 01 20 13 55 02
-1.63695973E-01 2021 01 20 14 00 02
-2.30673958E-01 2021 01 20 14 05 02
-3.38413772E-01 2021 01 20 14 10 02
-2.82347789E-01 2021 01 20 14 15 02
-1.90279034E-01 2021 01 20 14 20 02
-2.48588148E-01 2021 01 20 14 25 02
-2.95680046E-01 2021 01 20 14 30 02
-3.22441647E-01 2021 01 20 14 35 02
-4.59586100E-01 2021 01 20 14 40 02
-4.60736549E-01 2021 01 20 14 45 02
-5.18546679E-01 2021 01 20 14 50 02
-4.78816373E-01 2021 01 20 14 55 02
-4.50941253E-01 2021 01 20 15 00 02
-4.55753162E-01 2021 01 20 15 05 03
-5.74140407E-01 2021 01 20 15 10 02
-6.36670296E-01 2021 01 20 15 15 02
-6.01620162E-01 2021 01 20 15 20 02
-5.61690153E-01 2021 01 20 15 25 02
-4.99988731E-01 2021 01 20 15 30 03
-6.54980392E-01 2021 01 20 15 35 02
-5.76331014E-01 2021 01 20 15 40 02
-5.68641554E-01 2021 01 20 15 45 02
-6.61972128E-01 2021 01 20 15 50 02
-7.11794038E-01 2021 01 20 15 55 02
-7.80935222E-01 2021 01 20 16 00 02
-6.95730702E-01 2021 01 20 16 05 02
-8.45134329E-01 2021 01 20 16 10 02
-9.22094463E-01 2021 01 20 16 15 02
-8.75093398E-01 2021 01 20 16 20 02
-8.38940283E-01 2021 01 20 16 25 02
-7.99143777E-01 2021 01 20 16 30 03
-7.93078576E-01 2021 01 20 16 35 02
-6.90627909E-01 2021 01 20 16 40 02
-9.01648946E-01 2021 01 20 16 45 02
-9.00337405E-01 2021 01 20 16 50 02
-7.57463254E-01 2021 01 20 16 55 03
-6.46687279E-01 2021 01 20 17 00 02
-6.84813463E-01 2021 01 20 17 05 02
-7.40837899E-01 2021 01 20 17 10 02
-8.04379330E-01 2021 01 20 17 15 02
-8.59812265E-01 2021 01 20 17 20 02
-8.03819701E-01 2021 01 20 17 25 02
-6.89394673E-01 2021 01 20 17 30 02
-7.76619800E-01 2021 01 20 17 35 02
-8.66707827E-01 2021 01 20 17 40 02
-8.31070660E-01 2021 01 20 17 45 02
-8.48430743E-01 2021 01 20 17 50 02
-8.04198800E-01 2021 01 20 17 55 02
-7.66550718E-01 2021 01 20 18 00 02
-6.90207906E-01 2021 01 20 18 05 02
-6.53664536E-01 2021 01 20 18 10 02
-7.42966258E-01 2021 01 20 18 15 02
-7.81661079E-01 2021 01 20 18 20 03
-7.43962493E-01 2021 01 20 18 25 02
-6.72227768E-01 2021 01 20 18 30 02
-7.25906710E-01 2021 01 20 18 35 02
-7.37772462E-01 2021 01 20 18 40 02
-7.77076318E-01 2021 01 20 18 45 02
-7.95535957E-01 2021 01 20 18 50 02
-6.64330307E-01 2021 01 20 18 55 02
-6.20758456E-01 2021 01 20 19 00 02
-6.73322162E-01 2021 01 20 19 05 02
-8.26915282E-01 2021 01 20 19 10 02
-7.35725295E-01 2021 01 20 19 15 02
-7.13894296E-01 2021 01 20 19 20 02
-6.99167007E-01 2021 01 20 19 25 02
-6.58865165E-01 2021 01 20 19 30 02
-6.62840305E-01 2021 01 20 19 35 02
-6.76133424E-01 2021 01 20 19 40 02
-5.87912520E-01 2021 01 20 19 45 03
-5.96577636E-01 2021 01 20 19 50 02
-5.55165048E-01 2021 01 20 19 55 02
-4.87180408E-01 2021 01 20 20 00 02
-4.96411046E-01 2021 01 20 20 05 02
-4.52129582E-01 2021 01 20 20 10 03
-4.76339465E-01 2021 01 20 20 15 02
-5.03293079E-01 2021 01 20 20 20 02
-3.82403553E-01 2021 01 20 20 25 02
-4.17826136E-01 2021 01 20 20 30 02
-5.13377431E-01 2021 01 20 20 35 03
-6.44725151E-01 2021 01 20 20 40 02
-5.53002504E-01 2021 01 20 20 45 02
-6.10284335E-01 2021 01 20 20 50 02
-6.21780102E-01 2021 01 20 20 55 02
-5.20848889E-01 2021 01 20 21 00 02
-4.46551764E-01 2021 01 20 21 05 02
-4.61063804E-01 2021 01 20 21 10 02
-3.53553147E-01 2021 01 20 21 15 02
-5.84339810E-01 2021 01 20 21 20 02
-4.38194547E-01 2021 01 20 21 25 02
-3.29300583E-01 2021 01 20 21 30 02
-3.77183452E-01 2021 01 20 21 35 02
-3.06580408E-01 2021 01 20 21 40 02
-2.71087478E-01 2021 01 20 21 45 02
-3.09630734E-01 2021 01 20 21 50 02
-3.53560211E-01 2021 01 20 21 55 02
-2.51802423E-01 2021 01 20 22 00 02
-3.10515706E-01 2021 01 20 22 05 02
-2.91437293E-01 2021 01 20 22 10 02
-1.79232415E-01 2021 01 20 22 15 02
-2.49101056E-01 2021 01 20 22 20 02
-3.31161821E-01 2021 01 20 22 25 03
-6.07735873E-01 2021 01 20 22 30 02
-4.13018999E-01 2021 01 20 22 35 02
-2.43004428E-01 2021 01 20 22 40 02
-1.85199273E-01 2021 01 20 22 45 02
-1.43872997E-01 2021 01 20 22 50 02
-8.56450941E-02 2021 01 20 22 55 02
-1.09328326E-01 2021 01 20 23 00 02
+2.31750266E-02 2021 01 20 23 05 02
-9.13332492E-02 2021 01 20 23 10 02
-6.80113085E-02 2021 01 20 23 15 02
+5.43099209E-02 2021 01 20 23 20 02
-2.85335892E-01 2021 01 20 23 25 03
-2.33063244E-01 2021 01 20 23 30 02
-3.25317257E-01 2021 01 20 23 35 02
-3.05159206E-01 2021 01 20 23 40 02
-2.32305739E-01 2021 01 20 23 45 02
-3.34007110E-01 2021 01 20 23 50 02
-2.52183000E-01 2021 01 20 23 55 02
