-9.11715102E-01 2021 01 16 00 00 03
-9.80522158E-01 2021 01 16 00 05 02
-9.98603727E-01 2021 01 16 00 10 02
-1.05204043E+00 2021 01 16 00 15 03
-1.06955230E+00 2021 01 16 00 20 02
-1.04494687E+00 2021 01 16 00 25 02
-1.06210445E+00 2021 01 16 00 30 02
-8.90040341E-01 2021 01 16 00 35 02
-1.03712232E+00 2021 01 16 00 40 03
-1.08647177E+00 2021 01 16 00 45 02
-1.01533674E+00 2021 01 16 00 50 02
-9.04072868E-01 2021 01 16 00 55 02
-9.06728296E-01 2021 01 16 01 00 02
-1.06637211E+00 2021 01 16 01 05 02
-1.18791158E+00 2021 01 16 01 10 02
-1.25987987E+00 2021 01 16 01 15 02
-1.04469862E+00 2021 01 16 01 20 02
-9.78779844E-01 2021 01 16 01 25 02
-1.06968861E+00 2021 01 16 01 30 02
-1.10800500E+00 2021 01 16 01 35 02
-1.20546621E+00 2021 01 16 01 40 03
-1.25089462E+00 2021 01 16 01 45 02
-1.26662741E+00 2021 01 16 01 50 02
-1.29356734E+00 2021 01 16 01 55 02
-1.37018836E+00 2021 01 16 02 00 02
-1.36523831E+00 2021 01 16 02 05 02
-1.35349596E+00 2021 01 16 02 10 02
-1.28501206E+00 2021 01 16 02 15 02
-1.30023581E+00 2021 01 16 02 20 02
-1.30665194E+00 2021 01 16 02 25 02
-1.21438924E+00 2021 01 16 02 30 02
-1.21303087E+00 2021 01 16 02 35 02
-1.23374869E+00 2021 01 16 02 40 03
-1.24136750E+00 2021 01 16 02 45 02
-1.19961788E+00 2021 01 16 02 50 02
-1.20583247E+00 2021 01 16 02 55 02
-1.16771744E+00 2021 01 16 03 00 02
-1.12521901E+00 2021 01 16 03 05 03
-1.07264661E+00 2021 01 16 03 10 02
-9.90104164E-01 2021 01 16 03 15 02
-9.33611746E-01 2021 01 16 03 20 02
-9.46907637E-01 2021 01 16 03 25 02
-9.04816255E-01 2021 01 16 03 30 02
-9.53314578E-01 2021 01 16 03 35 02
-8.37377839E-01 2021 01 16 03 40 02
-8.02040617E-01 2021 01 16 03 45 02
-7.61728422E-01 2021 01 16 03 50 02
-7.27296472E-01 2021 01 16 03 55 02
-7.87769168E-01 2021 01 16 04 00 02
-8.29731764E-01 2021 01 16 04 05 03
-7.96507454E-01 2021 01 16 04 10 02
-7.41691470E-01 2021 01 16 04 15 02
-7.29574729E-01 2021 01 16 04 20 02
-7.39528736E-01 2021 01 16 04 25 02
-6.74360060E-01 2021 01 16 04 30 02
-6.30678215E-01 2021 01 16 04 35 02
-6.38728691E-01 2021 01 16 04 40 02
-5.06714284E-01 2021 01 16 04 45 02
-5.03323054E-01 2021 01 16 04 50 02
-5.31037586E-01 2021 01 16 04 55 02
-5.24469439E-01 2021 01 16 05 00 02
-4.82656359E-01 2021 01 16 05 05 02
-4.29792557E-01 2021 01 16 05 10 02
-4.17451829E-01 2021 01 16 05 15 02
-3.57491763E-01 2021 01 16 05 20 02
-3.07400271E-01 2021 01 16 05 25 02
-3.48882235E-01 2021 01 16 05 30 02
-3.00237322E-01 2021 01 16 05 35 02
-2.36357823E-01 2021 01 16 05 40 02
-2.36552251E-01 2021 01 16 05 45 02
-1.97295791E-01 2021 01 16 05 50 02
-1.89121745E-01 2021 01 16 05 55 02
-1.25321773E-01 2021 01 16 06 00 02
-1.19722802E-01 2021 01 16 06 05 02
-1.15119334E-01 2021 01 16 06 10 02
-2.74345413E-02 2021 01 16 06 15 02
-6.15268134E-02 2021 01 16 06 20 02
-1.65234179E-02 2021 01 16 06 25 02
+1.89088933E-02 2021 01 16 06 30 02
+1.00657604E-01 2021 01 16 06 35 02
+1.80939199E-02 2021 01 16 06 40 02
+8.04246351E-02 2021 01 16 06 45 02
+6.01687390E-02 2021 01 16 06 50 02
+1.46292867E-01 2021 01 16 06 55 03
+7.39787323E-02 2021 01 16 07 00 02
+7.74910092E-02 2021 01 16 07 05 02
+1.40478729E-01 2021 01 16 07 10 02
+1.21113371E-01 2021 01 16 07 15 02
+1.36872742E-01 2021 01 16 07 20 03
+1.95748689E-01 2021 01 16 07 25 02
+2.02131210E-01 2021 01 16 07 30 02
+2.08561491E-01 2021 01 16 07 35 02
+2.20969421E-01 2021 01 16 07 40 02
+1.85694212E-01 2021 01 16 07 45 03
+2.26135654E-01 2021 01 16 07 50 02
+2.44337093E-01 2021 01 16 07 55 02
+2.31648573E-01 2021 01 16 08 00 02
+2.19972262E-01 2021 01 16 08 05 02
+1.52455844E-01 2021 01 16 08 10 02
+1.91520591E-01 2021 01 16 08 15 02
+2.88912957E-01 2021 01 16 08 20 02
+2.20846772E-01 2021 01 16 08 25 02
+2.35141765E-01 2021 01 16 08 30 02
+1.79732500E-01 2021 01 16 08 35 02
+1.98390658E-01 2021 01 16 08 40 02
+1.81040800E-01 2021 01 16 08 45 02
+2.06295643E-01 2021 01 16 08 50 02
+1.94720475E-01 2021 01 16 08 55 02
+2.00390920E-01 2021 01 16 09 00 02
+1.57861299E-01 2021 01 16 09 05 02
+1.78887315E-01 2021 01 16 09 10 03
+1.63787302E-01 2021 01 16 09 15 02
+1.51854637E-01 2021 01 16 09 20 02
+1.33310104E-01 2021 01 16 09 25 02
+1.68977577E-01 2021 01 16 09 30 02
+1.46797545E-01 2021 01 16 09 35 03
+1.58637204E-01 2021 01 16 09 40 02
+2.22777752E-02 2021 01 16 09 45 02
+5.58320202E-02 2021 01 16 09 50 02
+6.39871278E-02 2021 01 16 09 55 02
+6.17333944E-02 2021 01 16 10 00 03
+1.37690305E-01 2021 01 16 10 05 02
+6.66622154E-02 2021 01 16 10 10 02
+8.05343980E-02 2021 01 16 10 15 02
+1.12978080E-01 2021 01 16 10 20 02
-5.90690601E-04 2021 01 16 10 25 02
+7.08012707E-02 2021 01 16 10 30 02
+6.07912850E-02 2021 01 16 10 35 02
+2.70576213E-02 2021 01 16 10 40 02
+2.05235451E-02 2021 01 16 10 45 02
-5.49225293E-02 2021 01 16 10 50 02
-7.79031246E-02 2021 01 16 10 55 02
-1.34227755E-01 2021 01 16 11 00 03
-6.53888651E-02 2021 01 16 11 05 02
+5.20476744E-02 2021 01 16 11 10 02
+1.86850440E-01 2021 01 16 11 15 02
-8.53901576E-03 2021 01 16 11 20 02
-8.61968977E-02 2021 01 16 11 25 03
+4.46834888E-02 2021 01 16 11 30 02
-5.37643397E-02 2021 01 16 11 35 02
-1.01508861E-01 2021 01 16 11 40 02
-1.10776471E-02 2021 01 16 11 45 02
+1.40516364E-02 2021 01 16 11 50 02
+1.12027275E-02 2021 01 16 11 55 02
-2.94972594E-01 2021 01 16 12 00 02
-1.09951441E-01 2021 01 16 12 05 02
-2.36908302E-01 2021 01 16 12 10 02
-1.72584455E-01 2021 01 16 12 15 02
-2.25525391E-01 2021 01 16 12 20 02
-2.36233460E-01 2021 01 16 12 25 03
-1.80154414E-01 2021 01 16 12 30 02
-2.07715127E-01 2021 01 16 12 35 02
-2.14471227E-01 2021 01 16 12 40 02
-3.03568011E-01 2021 01 16 12 45 02
-2.89007454E-01 2021 01 16 12 50 03
-3.73605973E-01 2021 01 16 12 55 02
-4.00591611E-01 2021 01 16 13 00 02
-5.65800285E-01 2021 01 16 13 05 02
-4.43131936E-01 2021 01 16 13 10 02
-4.25538399E-01 2021 01 16 13 15 02
-4.37653395E-01 2021 01 16 13 20 02
-4.49993738E-01 2021 01 16 13 25 02
-5.09808474E-01 2021 01 16 13 30 02
-4.88808200E-01 2021 01 16 13 35 02
-5.79172338E-01 2021 01 16 13 40 02
-5.72323349E-01 2021 01 16 13 45 02
-5.97191361E-01 2021 01 16 13 50 03
-6.46119260E-01 2021 01 16 13 55 02
-6.61790281E-01 2021 01 16 14 00 02
-7.13114085E-01 2021 01 16 14 05 02
-6.70801833E-01 2021 01 16 14 10 02
-6.69490550E-01 2021 01 16 14 15 03
-7.17619294E-01 2021 01 16 14 20 02
-7.36293400E-01 2021 01 16 14 25 02
-7.41171814E-01 2021 01 16 14 30 02
-7.25058629E-01 2021 01 16 14 35 02
-6.61496830E-01 2021 01 16 14 40 03
-7.43001642E-01 2021 01 16 14 45 02
-7.53460613E-01 2021 01 16 14 50 02
-7.68591361E-01 2021 01 16 14 55 02
-8.31250737E-01 2021 01 16 15 00 02
-8.29800903E-01 2021 01 16 15 05 02
-8.00106665E-01 2021 01 16 15 10 02
-8.28703565E-01 2021 01 16 15 15 02
-8.75185486E-01 2021 01 16 15 20 02
-8.53417110E-01 2021 01 16 15 25 02
-7.80625419E-01 2021 01 16 15 30 02
-8.62020107E-01 2021 01 16 15 35 02
-8.29922219E-01 2021 01 16 15 40 03
-7.71685816E-01 2021 01 16 15 45 02
-8.55116786E-01 2021 01 16 15 50 02
-7.70146878E-01 2021 01 16 15 55 02
-7.86627882E-01 2021 01 16 16 00 02
-7.32536628E-01 2021 01 16 16 05 02
-8.47947291E-01 2021 01 16 16 10 02
-6.98512250E-01 2021 01 16 16 15 03
-6.49143797E-01 2021 01 16 16 20 02
-7.14025091E-01 2021 01 16 16 25 02
-7.98713893E-01 2021 01 16 16 30 02
-7.28044424E-01 2021 01 16 16 35 02
-7.28096004E-01 2021 01 16 16 40 03
-5.86054136E-01 2021 01 16 16 45 02
-5.42364151E-01 2021 01 16 16 50 02
-5.88251353E-01 2021 01 16 16 55 02
-6.34109717E-01 2021 01 16 17 00 02
-6.55239121E-01 2021 01 16 17 05 02
-6.08799294E-01 2021 01 16 17 10 02
-5.34330748E-01 2021 01 16 17 15 02
-4.56550482E-01 2021 01 16 17 20 02
-4.56272836E-01 2021 01 16 17 25 02
-4.57013014E-01 2021 01 16 17 30 02
-3.94397217E-01 2021 01 16 17 35 02
-3.23806961E-01 2021 01 16 17 40 03
-3.42356975E-01 2021 01 16 17 45 02
-2.76535652E-01 2021 01 16 17 50 02
-2.41337833E-01 2021 01 16 17 55 02
-3.27479029E-01 2021 01 16 18 00 02
-2.67167691E-01 2021 01 16 18 05 03
-2.94423609E-01 2021 01 16 18 10 02
-2.29337915E-01 2021 01 16 18 15 02
-3.44516543E-01 2021 01 16 18 20 02
-3.27962439E-01 2021 01 16 18 25 02
-2.71716519E-01 2021 01 16 18 30 02
-1.79664182E-01 2021 01 16 18 35 02
-1.62449867E-01 2021 01 16 18 40 02
-1.22608699E-01 2021 01 16 18 45 02
-1.09797271E-01 2021 01 16 18 50 02
-1.23920139E-01 2021 01 16 18 55 02
-7.81610199E-02 2021 01 16 19 00 02
-8.70674947E-03 2021 01 16 19 05 03
-7.57714065E-02 2021 01 16 19 10 02
-8.64665902E-03 2021 01 16 19 15 02
-4.42863624E-02 2021 01 16 19 20 02
-6.85093565E-02 2021 01 16 19 25 02
-5.67659469E-02 2021 01 16 19 30 03
-9.59395148E-02 2021 01 16 19 35 02
-2.25294028E-02 2021 01 16 19 40 02
-1.05819521E-02 2021 01 16 19 45 02
-5.31225331E-03 2021 01 16 19 50 02
+8.61027561E-02 2021 01 16 19 55 02
+2.17650473E-02 2021 01 16 20 00 02
+4.69724879E-02 2021 01 16 20 05 02
+2.03053019E-02 2021 01 16 20 10 02
+7.27891228E-02 2021 01 16 20 15 02
+5.11281196E-02 2021 01 16 20 20 02
-3.12544732E-02 2021 01 16 20 25 02
+4.03566973E-02 2021 01 16 20 30 03
+8.00226636E-02 2021 01 16 20 35 02
+5.77523457E-02 2021 01 16 20 40 02
+3.02683522E-02 2021 01 16 20 45 02
+1.66777191E-02 2021 01 16 20 50 02
+2.23047869E-02 2021 01 16 20 55 03
+1.02902323E-02 2021 01 16 21 00 02
+1.82165845E-03 2021 01 16 21 05 02
-3.48644817E-02 2021 01 16 21 10 02
+3.81036809E-02 2021 01 16 21 15 02
-1.72189163E-02 2021 01 16 21 20 02
-3.38793041E-02 2021 01 16 21 25 02
-3.01373059E-02 2021 01 16 21 30 02
-3.11089157E-02 2021 01 16 21 35 02
-9.32327037E-02 2021 01 16 21 40 02
-9.95899539E-02 2021 01 16 21 45 02
-2.83344645E-02 2021 01 16 21 50 02
-5.94310991E-02 2021 01 16 21 55 03
-1.15322890E-01 2021 01 16 22 00 02
-1.12070291E-01 2021 01 16 22 05 02
-8.85918992E-02 2021 01 16 22 10 02
-7.64517937E-02 2021 01 16 22 15 02
-1.83102413E-01 2021 01 16 22 20 02
-2.46598418E-01 2021 01 16 22 25 02
-2.29220041E-01 2021 01 16 22 30 02
-1.92140204E-01 2021 01 16 22 35 02
-9.70170130E-02 2021 01 16 22 40 02
-2.01971788E-01 2021 01 16 22 45 02
-2.04143077E-01 2021 01 16 22 50 02
-1.95026873E-01 2021 01 16 22 55 02
-2.59733805E-01 2021 01 16 23 00 02
-2.93305733E-01 2021 01 16 23 05 02
-3.27125872E-01 2021 01 16 23 10 02
-3.56265919E-01 2021 01 16 23 15 02
-3.81481079E-01 2021 01 16 23 20 03
-3.71994931E-01 2021 01 16 23 25 02
-3.98504064E-01 2021 01 16 23 30 02
-4.57279428E-01 2021 01 16 23 35 02
-4.19977485E-01 2021 01 16 23 40 02
-4.65038789E-01 2021 01 16 23 45 03
-4.44369207E-01 2021 01 16 23 50 02
-4.77943073E-01 2021 01 16 23 55 02
