-1.01731304E+00 2021 01 01 00 00 02
-1.01466946E+00 2021 01 01 00 05 02
-1.00959125E+00 2021 01 01 00 10 02
-9.49274092E-01 2021 01 01 00 15 02
-1.04196360E+00 2021 01 01 00 20 02
-1.08479804E+00 2021 01 01 00 25 02
-1.02022198E+00 2021 01 01 00 30 02
-1.03788887E+00 2021 01 01 00 35 02
-1.03184675E+00 2021 01 01 00 40 02
-1.02306892E+00 2021 01 01 00 45 03
-1.02666936E+00 2021 01 01 00 50 02
-1.01085560E+00 2021 01 01 00 55 02
-1.01984161E+00 2021 01 01 01 00 02
-1.01955516E+00 2021 01 01 01 05 02
-1.02239429E+00 2021 01 01 01 10 02
-9.39043549E-01 2021 01 01 01 15 02
-9.88659110E-01 2021 01 01 01 20 02
-1.03265227E+00 2021 01 01 01 25 02
-1.00876775E+00 2021 01 01 01 30 02
-9.85544404E-01 2021 01 01 01 35 02
-9.97852529E-01 2021 01 01 01 40 02
-9.81240111E-01 2021 01 01 01 45 03
-9.82196192E-01 2021 01 01 01 50 02
-9.34443214E-01 2021 01 01 01 55 02
-9.33521538E-01 2021 01 01 02 00 02
-8.61562747E-01 2021 01 01 02 05 02
-9.12836792E-01 2021 01 01 02 10 03
-8.57192556E-01 2021 01 01 02 15 02
-7.95388237E-01 2021 01 01 02 20 02
-7.32295841E-01 2021 01 01 02 25 02
-6.65894589E-01 2021 01 01 02 30 02
-6.81808873E-01 2021 01 01 02 35 02
-7.03402935E-01 2021 01 01 02 40 02
-7.55031210E-01 2021 01 01 02 45 02
-8.12398696E-01 2021 01 01 02 50 02
-8.06210728E-01 2021 01 01 02 55 02
-7.79725386E-01 2021 01 01 03 00 02
-7.62720857E-01 2021 01 01 03 05 02
-7.36035576E-01 2021 01 01 03 10 03
-7.18990844E-01 2021 01 01 03 15 02
-6.67042392E-01 2021 01 01 03 20 02
-6.12141615E-01 2021 01 01 03 25 02
-5.74848116E-01 2021 01 01 03 30 02
-5.76065689E-01 2021 01 01 03 35 03
-5.24574135E-01 2021 01 01 03 40 02
-4.97724194E-01 2021 01 01 03 45 02
-4.54527136E-01 2021 01 01 03 50 02
-4.56194372E-01 2021 01 01 03 55 02
-3.68930635E-01 2021 01 01 04 00 02
-3.71855895E-01 2021 01 01 04 05 02
-3.54212480E-01 2021 01 01 04 10 02
-3.01547500E-01 2021 01 01 04 15 02
-2.66213591E-01 2021 01 01 04 20 02
-2.33218690E-01 2021 01 01 04 25 02
-2.10600893E-01 2021 01 01 04 30 02
-1.82045593E-01 2021 01 01 04 35 02
-1.24408617E-01 2021 01 01 04 40 02
-1.51928690E-01 2021 01 01 04 45 02
-1.41155198E-01 2021 01 01 04 50 02
-1.05383917E-01 2021 01 01 04 55 02
-7.86408461E-02 2021 01 01 05 00 02
-7.77941101E-02 2021 01 01 05 05 02
-5.84932677E-02 2021 01 01 05 10 02
-3.62194095E-02 2021 01 01 05 15 02
-2.43515634E-02 2021 01 01 05 20 02
-2.90415269E-03 2021 01 01 05 25 02
+1.71271669E-02 2021 01 01 05 30 02
+4.95039602E-02 2021 01 01 05 35 02
+1.55544209E-01 2021 01 01 05 40 02
+1.63950004E-01 2021 01 01 05 45 02
+1.92211569E-01 2021 01 01 05 50 02
+1.28705785E-01 2021 01 01 05 55 02
+1.51348456E-01 2021 01 01 06 00 02
+1.80624937E-01 2021 01 01 06 05 02
+2.11689692E-01 2021 01 01 06 10 02
+2.71686138E-01 2021 01 01 06 15 03
+2.00996596E-01 2021 01 01 06 20 02
+2.81176180E-01 2021 01 01 06 25 02
+2.53797117E-01 2021 01 01 06 30 02
+2.92184493E-01 2021 01 01 06 35 02
+2.23420794E-01 2021 01 01 06 40 03
+3.19770971E-01 2021 01 01 06 45 02
+2.88201222E-01 2021 01 01 06 50 02
+3.79695284E-01 2021 01 01 06 55 02
+3.39805367E-01 2021 01 01 07 00 02
+3.08185968E-01 2021 01 01 07 05 02
+3.21679843E-01 2021 01 01 07 10 02
+2.68712755E-01 2021 01 01 07 15 02
+3.42484278E-01 2021 01 01 07 20 02
+2.82599365E-01 2021 01 01 07 25 02
+3.03651743E-01 2021 01 01 07 30 02
+2.94973828E-01 2021 01 01 07 35 02
+2.83073183E-01 2021 01 01 07 40 03
+3.14924287E-01 2021 01 01 07 45 02
+3.09633617E-01 2021 01 01 07 50 02
+2.82395842E-01 2021 01 01 07 55 02
+3.06233505E-01 2021 01 01 08 00 02
+2.85234689E-01 2021 01 01 08 05 03
+2.17501476E-01 2021 01 01 08 10 02
+2.50529660E-01 2021 01 01 08 15 02
+2.43561491E-01 2021 01 01 08 20 02
+2.51338755E-01 2021 01 01 08 25 02
+2.40238119E-01 2021 01 01 08 30 02
+2.18279763E-01 2021 01 01 08 35 02
+1.44723789E-01 2021 01 01 08 40 02
+1.24821792E-01 2021 01 01 08 45 02
+1.04309810E-01 2021 01 01 08 50 02
+7.71573917E-02 2021 01 01 08 55 02
+1.42231719E-01 2021 01 01 09 00 02
+1.59685448E-01 2021 01 01 09 05 02
+7.67755812E-02 2021 01 01 09 10 02
+1.38667110E-01 2021 01 01 09 15 02
+1.00133561E-01 2021 01 01 09 20 02
+1.05766299E-01 2021 01 01 09 25 02
+7.39075736E-02 2021 01 01 09 30 02
+5.75296376E-02 2021 01 01 09 35 02
+2.12284926E-02 2021 01 01 09 40 02
-1.00478547E-02 2021 01 01 09 45 02
-3.19450211E-02 2021 01 01 09 50 02
-2.31372679E-02 2021 01 01 09 55 02
-4.13021189E-02 2021 01 01 10 00 02
-4.44972632E-02 2021 01 01 10 05 03
-6.82009699E-02 2021 01 01 10 10 02
-5.13612732E-02 2021 01 01 10 15 02
+1.09853558E-02 2021 01 01 10 20 02
-3.92172075E-02 2021 01 01 10 25 02
-1.39177209E-01 2021 01 01 10 30 03
-1.08465784E-01 2021 01 01 10 35 02
-4.98207416E-02 2021 01 01 10 40 02
-1.00555292E-01 2021 01 01 10 45 02
-7.00840209E-02 2021 01 01 10 50 02
-8.60138950E-02 2021 01 01 10 55 02
-2.31649623E-01 2021 01 01 11 00 02
-1.25872429E-01 2021 01 01 11 05 02
-1.67919544E-01 2021 01 01 11 10 02
-8.22767479E-02 2021 01 01 11 15 02
-1.44540108E-01 2021 01 01 11 20 02
-1.12909454E-01 2021 01 01 11 25 02
-2.18714459E-01 2021 01 01 11 30 02
-2.67468259E-01 2021 01 01 11 35 02
-1.91673194E-01 2021 01 01 11 40 02
-2.15107358E-01 2021 01 01 11 45 02
-1.66935619E-01 2021 01 01 11 50 02
-1.95046100E-01 2021 01 01 11 55 03
-1.83520171E-01 2021 01 01 12 00 02
-1.78758620E-01 2021 01 01 12 05 02
-3.10549132E-01 2021 01 01 12 10 02
-2.97434809E-01 2021 01 01 12 15 02
-3.80154127E-01 2021 01 01 12 20 02
-3.18768270E-01 2021 01 01 12 25 02
-3.83311760E-01 2021 01 01 12 30 02
-3.85594797E-01 2021 01 01 12 35 02
-4.23876329E-01 2021 01 01 12 40 02
-4.92628560E-01 2021 01 01 12 45 02
-5.01855148E-01 2021 01 01 12 50 02
-5.14410063E-01 2021 01 01 12 55 02
-5.17008460E-01 2021 01 01 13 00 02
-5.65957619E-01 2021 01 01 13 05 02
-5.95822779E-01 2021 01 01 13 10 02
-6.72053553E-01 2021 01 01 13 15 02
-7.93268235E-01 2021 01 01 13 20 03
-6.84836450E-01 2021 01 01 13 25 02
-7.14780532E-01 2021 01 01 13 30 02
-7.54036366E-01 2021 01 01 13 35 02
-7.82092462E-01 2021 01 01 13 40 02
-8.51203904E-01 2021 01 01 13 45 03
-6.92490999E-01 2021 01 01 13 50 02
-8.43836928E-01 2021 01 01 13 55 02
-7.82750286E-01 2021 01 01 14 00 02
-7.25034869E-01 2021 01 01 14 05 02
-7.98111590E-01 2021 01 01 14 10 02
-8.21739810E-01 2021 01 01 14 15 02
-8.34562219E-01 2021 01 01 14 20 02
-8.11651371E-01 2021 01 01 14 25 02
-9.50245561E-01 2021 01 01 14 30 02
-8.54848800E-01 2021 01 01 14 35 02
-8.31720307E-01 2021 01 01 14 40 02
-8.04889099E-01 2021 01 01 14 45 03
-8.34129598E-01 2021 01 01 14 50 02
-7.98767079E-01 2021 01 01 14 55 02
-7.72452347E-01 2021 01 01 15 00 02
-8.52464460E-01 2021 01 01 15 05 02
-7.71837749E-01 2021 01 01 15 10 03
-7.99078754E-01 2021 01 01 15 15 02
-7.07003039E-01 2021 01 01 15 20 02
-7.20515077E-01 2021 01 01 15 25 02
-7.20358849E-01 2021 01 01 15 30 02
-7.20642114E-01 2021 01 01 15 35 02
-7.87608220E-01 2021 01 01 15 40 02
-7.43168000E-01 2021 01 01 15 45 02
-7.55381235E-01 2021 01 01 15 50 02
-6.64810044E-01 2021 01 01 15 55 02
-6.94087180E-01 2021 01 01 16 00 02
-7.07480681E-01 2021 01 01 16 05 02
-6.04425279E-01 2021 01 01 16 10 03
-7.65726690E-01 2021 01 01 16 15 02
-6.60824674E-01 2021 01 01 16 20 02
-7.12444778E-01 2021 01 01 16 25 02
-6.26506246E-01 2021 01 01 16 30 02
-6.76551712E-01 2021 01 01 16 35 03
-7.92900464E-01 2021 01 01 16 40 02
-5.95137268E-01 2021 01 01 16 45 02
-6.47856304E-01 2021 01 01 16 50 02
-5.78495419E-01 2021 01 01 16 55 02
-5.65281802E-01 2021 01 01 17 00 03
-5.43643126E-01 2021 01 01 17 05 02
-5.94871886E-01 2021 01 01 17 10 02
-5.04426020E-01 2021 01 01 17 15 02
-4.59110833E-01 2021 01 01 17 20 02
-4.13075540E-01 2021 01 01 17 25 02
-3.82058893E-01 2021 01 01 17 30 02
-4.06540331E-01 2021 01 01 17 35 02
-3.05645088E-01 2021 01 01 17 40 02
-3.78106739E-01 2021 01 01 17 45 02
-3.41539477E-01 2021 01 01 17 50 02
-2.65775267E-01 2021 01 01 17 55 02
-2.76070849E-01 2021 01 01 18 00 03
-2.11106665E-01 2021 01 01 18 05 02
-1.56724108E-01 2021 01 01 18 10 02
-2.12199904E-01 2021 01 01 18 15 02
-2.16505549E-01 2021 01 01 18 20 02
-2.18268935E-01 2021 01 01 18 25 02
-2.24246584E-01 2021 01 01 18 30 02
-2.25469993E-01 2021 01 01 18 35 02
-1.81339722E-01 2021 01 01 18 40 02
-1.95966762E-01 2021 01 01 18 45 02
-1.76700978E-01 2021 01 01 18 50 02
-1.61938555E-01 2021 01 01 18 55 02
-1.78541226E-01 2021 01 01 19 00 02
-1.35608242E-01 2021 01 01 19 05 02
-1.74290388E-01 2021 01 01 19 10 02
-1.20819423E-01 2021 01 01 19 15 02
-1.36416348E-01 2021 01 01 19 20 02
-1.49449860E-01 2021 01 01 19 25 03
-1.86124476E-01 2021 01 01 19 30 02
-1.74013966E-01 2021 01 01 19 35 02
-1.69924584E-01 2021 01 01 19 40 02
-1.59923628E-01 2021 01 01 19 45 02
-1.25227887E-01 2021 01 01 19 50 03
-9.14623116E-03 2021 01 01 19 55 02
-8.59631088E-02 2021 01 01 20 00 02
-1.43130119E-01 2021 01 01 20 05 02
-1.30961186E-01 2021 01 01 20 10 02
-1.46437044E-01 2021 01 01 20 15 02
-1.83102004E-01 2021 01 01 20 20 02
-1.71023265E-01 2021 01 01 20 25 02
-1.86977926E-01 2021 01 01 20 30 02
-9.45240233E-02 2021 01 01 20 35 02
-1.46624705E-01 2021 01 01 20 40 02
-1.88870443E-01 2021 01 01 20 45 02
-2.12925521E-01 2021 01 01 20 50 02
-2.56793245E-01 2021 01 01 20 55 02
-2.51491473E-01 2021 01 01 21 00 02
-2.97595005E-01 2021 01 01 21 05 02
-3.60418167E-01 2021 01 01 21 10 02
-1.43212564E-01 2021 01 01 21 15 03
-2.69580244E-01 2021 01 01 21 20 02
-2.94057379E-01 2021 01 01 21 25 02
-3.10824622E-01 2021 01 01 21 30 02
-2.46974551E-01 2021 01 01 21 35 02
-3.52640206E-01 2021 01 01 21 40 03
-3.80715664E-01 2021 01 01 21 45 02
-4.17709941E-01 2021 01 01 21 50 02
-4.00118943E-01 2021 01 01 21 55 02
-4.13094242E-01 2021 01 01 22 00 02
-4.55156743E-01 2021 01 01 22 05 02
-4.39196648E-01 2021 01 01 22 10 02
-4.48853776E-01 2021 01 01 22 15 02
-4.57517255E-01 2021 01 01 22 20 02
-5.76822474E-01 2021 01 01 22 25 02
-5.47765747E-01 2021 01 01 22 30 02
-5.70018803E-01 2021 01 01 22 35 02
-5.53620713E-01 2021 01 01 22 40 03
-6.16920296E-01 2021 01 01 22 45 02
-6.05181465E-01 2021 01 01 22 50 02
-5.70340145E-01 2021 01 01 22 55 02
-6.26456136E-01 2021 01 01 23 00 02
-6.14161461E-01 2021 01 01 23 05 03
-6.32323269E-01 2021 01 01 23 10 02
-7.11133497E-01 2021 01 01 23 15 02
-6.81059652E-01 2021 01 01 23 20 02
-6.85217601E-01 2021 01 01 23 25 02
-7.90725801E-01 2021 01 01 23 30 02
-8.35600554E-01 2021 01 01 23 35 02
-8.22056633E-01 2021 01 01 23 40 02
-7.99221422E-01 2021 01 01 23 45 02
-8.40970638E-01 2021 01 01 23 50 02
-8.06441227E-01 2021 01 01 23 55 02
