-4.59618656E-01 2021 01 04 00 00 02
-4.51494903E-01 2021 01 04 00 05 02
-4.73190467E-01 2021 01 04 00 10 02
-4.48022846E-01 2021 01 04 00 15 02
-4.78662604E-01 2021 01 04 00 20 02
-5.43348532E-01 2021 01 04 00 25 02
-5.50450600E-01 2021 01 04 00 30 02
-5.53234791E-01 2021 01 04 00 35 02
-5.52075932E-01 2021 01 04 00 40 02
-5.53865503E-01 2021 01 04 00 45 02
-5.71369014E-01 2021 01 04 00 50 03
-6.22799627E-01 2021 01 04 00 55 02
-6.76418456E-01 2021 01 04 01 00 02
-6.62025718E-01 2021 01 04 01 05 02
-6.57797086E-01 2021 01 04 01 10 02
-7.03595280E-01 2021 01 04 01 15 02
-7.16237512E-01 2021 01 04 01 20 02
-7.20440070E-01 2021 01 04 01 25 02
-7.97762752E-01 2021 01 04 01 30 02
-7.91761340E-01 2021 01 04 01 35 02
-7.82112618E-01 2021 01 04 01 40 02
-6.97361780E-01 2021 01 04 01 45 02
-8.28032436E-01 2021 01 04 01 50 02
-8.20656721E-01 2021 01 04 01 55 02
-8.65379388E-01 2021 01 04 02 00 02
-8.71691556E-01 2021 01 04 02 05 02
-8.86377903E-01 2021 01 04 02 10 02
-8.91761796E-01 2021 01 04 02 15 02
-8.75454810E-01 2021 01 04 02 20 02
-8.54281445E-01 2021 01 04 02 25 02
-8.47250513E-01 2021 01 04 02 30 02
-8.36613418E-01 2021 01 04 02 35 02
-8.41390369E-01 2021 01 04 02 40 03
-8.44661876E-01 2021 01 04 02 45 02
-8.39389522E-01 2021 01 04 02 50 02
-8.43053881E-01 2021 01 04 02 55 02
-8.47737102E-01 2021 01 04 03 00 02
-8.67662157E-01 2021 01 04 03 05 02
-8.50324530E-01 2021 01 04 03 10 02
-8.35813105E-01 2021 01 04 03 15 02
-8.32012320E-01 2021 01 04 03 20 02
-8.08862839E-01 2021 01 04 03 25 02
-8.39161128E-01 2021 01 04 03 30 02
-8.51026230E-01 2021 01 04 03 35 02
-8.50320471E-01 2021 01 04 03 40 03
-8.08102535E-01 2021 01 04 03 45 02
-7.54619720E-01 2021 01 04 03 50 02
-7.54424470E-01 2021 01 04 03 55 02
-8.06622190E-01 2021 01 04 04 00 02
-8.00804316E-01 2021 01 04 04 05 02
-7.79195483E-01 2021 01 04 04 10 02
-7.54814548E-01 2021 01 04 04 15 02
-7.39428339E-01 2021 01 04 04 20 02
-7.21672560E-01 2021 01 04 04 25 02
-7.18348956E-01 2021 01 04 04 30 02
-6.95175509E-01 2021 01 04 04 35 02
-6.87892356E-01 2021 01 04 04 40 02
-6.95931334E-01 2021 01 04 04 45 02
-6.75343978E-01 2021 01 04 04 50 02
-6.60047149E-01 2021 01 04 04 55 02
-6.30670900E-01 2021 01 04 05 00 02
-6.17283410E-01 2021 01 04 05 05 03
-6.14946472E-01 2021 01 04 05 10 02
-5.72613352E-01 2021 01 04 05 15 02
-6.02800275E-01 2021 01 04 05 20 02
-5.99869933E-01 2021 01 04 05 25 02
-5.77711335E-01 2021 01 04 05 30 03
-4.50988436E-01 2021 01 04 05 35 02
-4.45409283E-01 2021 01 04 05 40 02
-3.95763747E-01 2021 01 04 05 45 02
-4.70966174E-01 2021 01 04 05 50 02
-4.24401377E-01 2021 01 04 05 55 02
-4.20201409E-01 2021 01 04 06 00 02
-4.19660727E-01 2021 01 04 06 05 02
-3.91436117E-01 2021 01 04 06 10 02
-3.90023748E-01 2021 01 04 06 15 02
-3.99946739E-01 2021 01 04 06 20 02
-2.89014868E-01 2021 01 04 06 25 02
-3.49037275E-01 2021 01 04 06 30 03
-2.42670954E-01 2021 01 04 06 35 02
-2.50399282E-01 2021 01 04 06 40 02
-2.71094555E-01 2021 01 04 06 45 02
-2.45572612E-01 2021 01 04 06 50 02
-2.17533399E-01 2021 01 04 06 55 03
-2.19610116E-01 2021 01 04 07 00 02
-1.70441674E-01 2021 01 04 07 05 02
-1.31720878E-01 2021 01 04 07 10 02
-1.28527952E-01 2021 01 04 07 15 02
-1.19565697E-01 2021 01 04 07 20 02
-7.41748456E-02 2021 01 04 07 25 02
-8.64370700E-02 2021 01 04 07 30 02
-1.12210951E-01 2021 01 04 07 35 02
-1.21599083E-01 2021 01 04 07 40 02
-9.32802219E-02 2021 01 04 07 45 02
-1.02207312E-01 2021 01 04 07 50 02
-5.66867981E-02 2021 01 04 07 55 03
-1.25506126E-01 2021 01 04 08 00 02
-4.05898752E-02 2021 01 04 08 05 02
-6.72573009E-02 2021 01 04 08 10 02
-4.11457253E-02 2021 01 04 08 15 02
-1.06205708E-01 2021 01 04 08 20 02
-6.05886784E-02 2021 01 04 08 25 02
-5.37468194E-02 2021 01 04 08 30 02
-1.02615822E-01 2021 01 04 08 35 02
-4.45029696E-02 2021 01 04 08 40 02
-5.23611060E-02 2021 01 04 08 45 02
-6.49542274E-02 2021 01 04 08 50 02
-7.31776738E-02 2021 01 04 08 55 03
-4.53177935E-02 2021 01 04 09 00 02
-6.10310400E-02 2021 01 04 09 05 02
-6.03537215E-02 2021 01 04 09 10 02
-5.78488307E-02 2021 01 04 09 15 02
+2.24181139E-02 2021 01 04 09 20 03
-2.50866844E-02 2021 01 04 09 25 02
+3.96129072E-03 2021 01 04 09 30 02
+1.41152202E-02 2021 01 04 09 35 02
+3.86997450E-02 2021 01 04 09 40 02
+5.60631788E-02 2021 01 04 09 45 03
+1.15965479E-01 2021 01 04 09 50 02
+1.31396448E-01 2021 01 04 09 55 02
+8.07652583E-02 2021 01 04 10 00 02
+1.57305179E-01 2021 01 04 10 05 02
+1.14586361E-01 2021 01 04 10 10 02
+1.50044034E-01 2021 01 04 10 15 02
+1.66378278E-01 2021 01 04 10 20 02
+1.57358058E-01 2021 01 04 10 25 02
+1.01072926E-01 2021 01 04 10 30 02
+1.67262044E-01 2021 01 04 10 35 02
+1.08692944E-01 2021 01 04 10 40 02
+1.04596868E-01 2021 01 04 10 45 03
+1.85526533E-01 2021 01 04 10 50 02
+2.40407339E-01 2021 01 04 10 55 02
+2.16826019E-01 2021 01 04 11 00 02
+2.31672948E-01 2021 01 04 11 05 02
+2.36338690E-01 2021 01 04 11 10 03
+2.22095054E-01 2021 01 04 11 15 02
+2.04961143E-01 2021 01 04 11 20 02
+2.69846919E-01 2021 01 04 11 25 02
+2.33009466E-01 2021 01 04 11 30 02
+2.72716388E-01 2021 01 04 11 35 02
+2.91493387E-01 2021 01 04 11 40 02
+2.30175813E-01 2021 01 04 11 45 02
+2.94341444E-01 2021 01 04 11 50 02
+3.08812277E-01 2021 01 04 11 55 02
+2.92027914E-01 2021 01 04 12 00 02
+2.52141856E-01 2021 01 04 12 05 02
+2.88308980E-01 2021 01 04 12 10 02
+2.38230465E-01 2021 01 04 12 15 02
+1.77490974E-01 2021 01 04 12 20 02
+2.00660793E-01 2021 01 04 12 25 02
+2.18373844E-02 2021 01 04 12 30 02
+1.16047911E-01 2021 01 04 12 35 03
+8.55466404E-02 2021 01 04 12 40 02
+6.91330864E-02 2021 01 04 12 45 02
+1.66803440E-02 2021 01 04 12 50 02
-1.37598175E-02 2021 01 04 12 55 02
+3.31390808E-03 2021 01 04 13 00 03
-4.50679921E-02 2021 01 04 13 05 02
-1.36931702E-01 2021 01 04 13 10 02
-1.46672702E-01 2021 01 04 13 15 02
-1.11110039E-01 2021 01 04 13 20 02
-1.94107871E-01 2021 01 04 13 25 02
-2.22814742E-01 2021 01 04 13 30 02
-2.66434562E-01 2021 01 04 13 35 02
-3.57648367E-01 2021 01 04 13 40 02
-3.71775703E-01 2021 01 04 13 45 02
-4.37200609E-01 2021 01 04 13 50 02
-4.69150101E-01 2021 01 04 13 55 02
-4.52044871E-01 2021 01 04 14 00 03
-4.90900389E-01 2021 01 04 14 05 02
-4.83680199E-01 2021 01 04 14 10 02
-5.03372241E-01 2021 01 04 14 15 02
-6.79820950E-01 2021 01 04 14 20 02
-6.14491337E-01 2021 01 04 14 25 03
-6.61238035E-01 2021 01 04 14 30 02
-6.06008979E-01 2021 01 04 14 35 02
-6.55582997E-01 2021 01 04 14 40 02
-7.76478806E-01 2021 01 04 14 45 02
-7.28529944E-01 2021 01 04 14 50 02
-6.54247668E-01 2021 01 04 14 55 02
-7.72419927E-01 2021 01 04 15 00 02
-7.56354219E-01 2021 01 04 15 05 02
-6.86276466E-01 2021 01 04 15 10 02
-7.66242498E-01 2021 01 04 15 15 02
-7.70158676E-01 2021 01 04 15 20 02
-7.26890030E-01 2021 01 04 15 25 03
-6.84677426E-01 2021 01 04 15 30 02
-7.41891175E-01 2021 01 04 15 35 03
-7.37021822E-01 2021 01 04 15 40 02
-7.43082637E-01 2021 01 04 15 45 03
-8.00249505E-01 2021 01 04 15 50 02
-8.54365062E-01 2021 01 04 15 55 03
-7.75031467E-01 2021 01 04 16 00 02
-6.55961263E-01 2021 01 04 16 05 03
-8.12695276E-01 2021 01 04 16 10 02
-8.37932586E-01 2021 01 04 16 15 03
-7.39787382E-01 2021 01 04 16 20 02
-8.09885448E-01 2021 01 04 16 25 02
-7.97474260E-01 2021 01 04 16 30 02
-8.17242020E-01 2021 01 04 16 35 02
-8.17104000E-01 2021 01 04 16 40 02
-7.83279625E-01 2021 01 04 16 45 02
-7.67413456E-01 2021 01 04 16 50 03
-7.52104065E-01 2021 01 04 16 55 02
-7.73865587E-01 2021 01 04 17 00 02
-7.38434585E-01 2021 01 04 17 05 02
-6.62513517E-01 2021 01 04 17 10 02
-7.44192686E-01 2021 01 04 17 15 03
-7.30447135E-01 2021 01 04 17 20 02
-7.20875740E-01 2021 01 04 17 25 02
-6.72429069E-01 2021 01 04 17 30 02
-6.68506763E-01 2021 01 04 17 35 02
-6.74205988E-01 2021 01 04 17 40 02
-5.61876955E-01 2021 01 04 17 45 02
-6.55869518E-01 2021 01 04 17 50 02
-6.29108394E-01 2021 01 04 17 55 02
-5.94045608E-01 2021 01 04 18 00 02
-5.43968710E-01 2021 01 04 18 05 02
-4.75123204E-01 2021 01 04 18 10 02
-5.51988464E-01 2021 01 04 18 15 02
-5.28792993E-01 2021 01 04 18 20 02
-4.64765498E-01 2021 01 04 18 25 02
-5.02049251E-01 2021 01 04 18 30 02
-4.78818770E-01 2021 01 04 18 35 02
-4.82597560E-01 2021 01 04 18 40 03
-4.90166811E-01 2021 01 04 18 45 02
-4.31889661E-01 2021 01 04 18 50 02
-3.95739547E-01 2021 01 04 18 55 02
-4.12155664E-01 2021 01 04 19 00 02
-3.92932157E-01 2021 01 04 19 05 03
-3.63917133E-01 2021 01 04 19 10 02
-3.18513416E-01 2021 01 04 19 15 02
-3.69553412E-01 2021 01 04 19 20 02
-2.94812548E-01 2021 01 04 19 25 02
-2.93706720E-01 2021 01 04 19 30 02
-2.99528960E-01 2021 01 04 19 35 02
-2.78800326E-01 2021 01 04 19 40 02
-2.83840079E-01 2021 01 04 19 45 02
-2.58245037E-01 2021 01 04 19 50 02
-2.65606110E-01 2021 01 04 19 55 02
-3.03339262E-01 2021 01 04 20 00 02
-1.87025090E-01 2021 01 04 20 05 03
-2.42091422E-01 2021 01 04 20 10 02
-2.08274887E-01 2021 01 04 20 15 02
-2.62071408E-01 2021 01 04 20 20 02
-2.25967399E-01 2021 01 04 20 25 02
-2.17784787E-01 2021 01 04 20 30 02
-2.19913047E-01 2021 01 04 20 35 02
-8.37482939E-02 2021 01 04 20 40 02
-1.80818442E-01 2021 01 04 20 45 02
-1.21093396E-01 2021 01 04 20 50 02
-2.27552052E-01 2021 01 04 20 55 02
-1.42320553E-01 2021 01 04 21 00 02
-1.79617899E-01 2021 01 04 21 05 02
-1.94467945E-01 2021 01 04 21 10 02
-1.70682453E-01 2021 01 04 21 15 02
-1.48626134E-01 2021 01 04 21 20 02
-1.43889446E-01 2021 01 04 21 25 02
-1.37402741E-01 2021 01 04 21 30 03
-1.40897800E-01 2021 01 04 21 35 02
-1.94158778E-01 2021 01 04 21 40 02
-1.48996504E-01 2021 01 04 21 45 02
-1.25082603E-01 2021 01 04 21 50 02
-1.38269049E-01 2021 01 04 21 55 03
-1.16303832E-01 2021 01 04 22 00 02
-1.01074205E-01 2021 01 04 22 05 02
-1.30305052E-01 2021 01 04 22 10 02
-9.01232754E-02 2021 01 04 22 15 02
-1.44415761E-01 2021 01 04 22 20 02
-1.32519452E-01 2021 01 04 22 25 02
-9.66234984E-02 2021 01 04 22 30 02
-1.57814921E-01 2021 01 04 22 35 02
-1.13615461E-01 2021 01 04 22 40 02
-1.13859977E-01 2021 01 04 22 45 02
-1.23800872E-01 2021 01 04 22 50 02
-1.27147820E-01 2021 01 04 22 55 02
-1.56585054E-01 2021 01 04 23 00 02
-1.47458283E-01 2021 01 04 23 05 02
-1.55110905E-01 2021 01 04 23 10 02
-1.11594842E-01 2021 01 04 23 15 02
-1.58631353E-01 2021 01 04 23 20 03
-1.75484428E-01 2021 01 04 23 25 02
-1.20637494E-01 2021 01 04 23 30 02
-1.64881533E-01 2021 01 04 23 35 02
-1.96165216E-01 2021 01 04 23 40 02
-1.19518497E-01 2021 01 04 23 45 03
-2.52643345E-01 2021 01 04 23 50 02
-2.66778040E-01 2021 01 04 23 55 02
