-6.80438951E-01 2021 01 11 00 00 02
-6.33574377E-01 2021 01 11 00 05 02
-5.94493506E-01 2021 01 11 00 10 02
-5.71359845E-01 2021 01 11 00 15 03
-5.76824284E-01 2021 01 11 00 20 02
-5.45974544E-01 2021 01 11 00 25 02
-5.80058096E-01 2021 01 11 00 30 02
-5.52479851E-01 2021 01 11 00 35 02
-5.60216563E-01 2021 01 11 00 40 02
-5.09904708E-01 2021 01 11 00 45 02
-5.04673342E-01 2021 01 11 00 50 03
-4.82204564E-01 2021 01 11 00 55 02
-4.57531218E-01 2021 01 11 01 00 02
-4.39949532E-01 2021 01 11 01 05 02
-4.36217087E-01 2021 01 11 01 10 02
-4.70064934E-01 2021 01 11 01 15 03
-4.25841300E-01 2021 01 11 01 20 02
-3.86687995E-01 2021 01 11 01 25 02
-3.86391832E-01 2021 01 11 01 30 02
-3.44249525E-01 2021 01 11 01 35 02
-2.54957795E-01 2021 01 11 01 40 02
-2.40276577E-01 2021 01 11 01 45 02
-2.16571181E-01 2021 01 11 01 50 02
-1.71108412E-01 2021 01 11 01 55 02
-1.95165552E-01 2021 01 11 02 00 02
-2.13557297E-01 2021 01 11 02 05 02
-1.99274958E-01 2021 01 11 02 10 02
-1.38720341E-01 2021 01 11 02 15 02
-1.48122492E-01 2021 01 11 02 20 02
-1.54102807E-01 2021 01 11 02 25 02
-1.38881509E-01 2021 01 11 02 30 02
-1.01762878E-01 2021 01 11 02 35 02
-5.64118631E-02 2021 01 11 02 40 03
-3.68323052E-02 2021 01 11 02 45 02
-3.16109287E-02 2021 01 11 02 50 02
-9.16698912E-03 2021 01 11 02 55 02
+2.64670656E-02 2021 01 11 03 00 02
+5.71944650E-02 2021 01 11 03 05 03
+1.03002812E-01 2021 01 11 03 10 02
+1.14344080E-01 2021 01 11 03 15 02
+9.37516428E-02 2021 01 11 03 20 02
+1.43163924E-01 2021 01 11 03 25 02
+1.90398235E-01 2021 01 11 03 30 02
+1.98495417E-01 2021 01 11 03 35 02
+2.13541259E-01 2021 01 11 03 40 02
+2.14586874E-01 2021 01 11 03 45 02
+2.46380856E-01 2021 01 11 03 50 02
+2.61851276E-01 2021 01 11 03 55 02
+3.08799986E-01 2021 01 11 04 00 02
+3.43431961E-01 2021 01 11 04 05 02
+3.05095743E-01 2021 01 11 04 10 02
+2.82725818E-01 2021 01 11 04 15 02
+3.33661964E-01 2021 01 11 04 20 02
+3.48385690E-01 2021 01 11 04 25 02
+2.80530990E-01 2021 01 11 04 30 03
+2.84508723E-01 2021 01 11 04 35 02
+3.91348111E-01 2021 01 11 04 40 02
+4.01529771E-01 2021 01 11 04 45 02
+3.93537551E-01 2021 01 11 04 50 02
+3.73061603E-01 2021 01 11 04 55 02
+3.21440905E-01 2021 01 11 05 00 02
+3.50284861E-01 2021 01 11 05 05 02
+3.67018410E-01 2021 01 11 05 10 02
+3.17677405E-01 2021 01 11 05 15 02
+3.87321460E-01 2021 01 11 05 20 02
+4.20730435E-01 2021 01 11 05 25 02
+4.64018641E-01 2021 01 11 05 30 02
+4.15025315E-01 2021 01 11 05 35 02
+3.97981110E-01 2021 01 11 05 40 02
+3.72605840E-01 2021 01 11 05 45 02
+4.02297111E-01 2021 01 11 05 50 02
+3.37837307E-01 2021 01 11 05 55 03
+4.05015070E-01 2021 01 11 06 00 02
+3.74350589E-01 2021 01 11 06 05 02
+3.38327972E-01 2021 01 11 06 10 02
+3.75014854E-01 2021 01 11 06 15 02
+3.61015119E-01 2021 01 11 06 20 03
+3.20034365E-01 2021 01 11 06 25 02
+3.00767945E-01 2021 01 11 06 30 02
+2.98752948E-01 2021 01 11 06 35 02
+2.60779477E-01 2021 01 11 06 40 02
+2.38521138E-01 2021 01 11 06 45 02
+2.31527453E-01 2021 01 11 06 50 02
+2.27136619E-01 2021 01 11 06 55 02
+2.13117602E-01 2021 01 11 07 00 02
+2.13182080E-01 2021 01 11 07 05 02
+2.15713178E-01 2021 01 11 07 10 02
+1.84621175E-01 2021 01 11 07 15 02
+1.76873426E-01 2021 01 11 07 20 03
+1.66904796E-01 2021 01 11 07 25 02
+1.37825295E-01 2021 01 11 07 30 02
+1.45857197E-01 2021 01 11 07 35 02
+5.84878579E-02 2021 01 11 07 40 02
-2.28546655E-03 2021 01 11 07 45 02
-2.29476394E-02 2021 01 11 07 50 02
-6.24845498E-02 2021 01 11 07 55 02
-3.79922735E-02 2021 01 11 08 00 02
-1.26864730E-01 2021 01 11 08 05 02
-1.70002364E-01 2021 01 11 08 10 02
-1.78542101E-01 2021 01 11 08 15 02
-1.96926904E-01 2021 01 11 08 20 02
-2.47062240E-01 2021 01 11 08 25 02
-2.53967752E-01 2021 01 11 08 30 02
-3.01679638E-01 2021 01 11 08 35 02
-3.35144808E-01 2021 01 11 08 40 02
-3.02542305E-01 2021 01 11 08 45 02
-3.24280225E-01 2021 01 11 08 50 02
-2.86486288E-01 2021 01 11 08 55 02
-4.14646918E-01 2021 01 11 09 00 02
-4.52574177E-01 2021 01 11 09 05 02
-4.54107224E-01 2021 01 11 09 10 03
-4.60666670E-01 2021 01 11 09 15 02
-5.47262533E-01 2021 01 11 09 20 02
-5.98448278E-01 2021 01 11 09 25 02
-6.21223659E-01 2021 01 11 09 30 02
-6.64670250E-01 2021 01 11 09 35 03
-6.58543324E-01 2021 01 11 09 40 02
-6.99936668E-01 2021 01 11 09 45 02
-7.31994718E-01 2021 01 11 09 50 02
-7.39083008E-01 2021 01 11 09 55 02
-7.73387909E-01 2021 01 11 10 00 02
-8.53861919E-01 2021 01 11 10 05 02
-7.78110978E-01 2021 01 11 10 10 02
-7.31942289E-01 2021 01 11 10 15 02
-7.92030501E-01 2021 01 11 10 20 02
-8.53045693E-01 2021 01 11 10 25 02
-8.32132441E-01 2021 01 11 10 30 02
-9.23273307E-01 2021 01 11 10 35 03
-8.11274027E-01 2021 01 11 10 40 02
-8.60580508E-01 2021 01 11 10 45 02
-8.79351835E-01 2021 01 11 10 50 02
-8.78433829E-01 2021 01 11 10 55 02
-8.67267259E-01 2021 01 11 11 00 02
-8.89412440E-01 2021 01 11 11 05 02
-9.88788058E-01 2021 01 11 11 10 02
-8.61894954E-01 2021 01 11 11 15 02
-9.28457665E-01 2021 01 11 11 20 02
-8.18707833E-01 2021 01 11 11 25 02
-8.62511339E-01 2021 01 11 11 30 02
-8.01901054E-01 2021 01 11 11 35 03
-7.72483344E-01 2021 01 11 11 40 02
-7.55755397E-01 2021 01 11 11 45 02
-7.39488626E-01 2021 01 11 11 50 02
-7.70585616E-01 2021 01 11 11 55 02
-6.84191103E-01 2021 01 11 12 00 03
-6.51816347E-01 2021 01 11 12 05 02
-5.73671222E-01 2021 01 11 12 10 02
-6.31814819E-01 2021 01 11 12 15 02
-6.42776528E-01 2021 01 11 12 20 02
-6.28614498E-01 2021 01 11 12 25 02
-6.76641824E-01 2021 01 11 12 30 02
-6.03573848E-01 2021 01 11 12 35 02
-5.88482619E-01 2021 01 11 12 40 02
-5.09313808E-01 2021 01 11 12 45 02
-4.44521992E-01 2021 01 11 12 50 02
-6.43581512E-01 2021 01 11 12 55 02
-5.56909706E-01 2021 01 11 13 00 03
-5.52904564E-01 2021 01 11 13 05 02
-4.52515720E-01 2021 01 11 13 10 02
-5.24131863E-01 2021 01 11 13 15 02
-5.17122962E-01 2021 01 11 13 20 02
-5.14714402E-01 2021 01 11 13 25 03
-5.90907508E-01 2021 01 11 13 30 02
-5.04789942E-01 2021 01 11 13 35 02
-5.46580926E-01 2021 01 11 13 40 02
-5.17370340E-01 2021 01 11 13 45 02
-4.30215027E-01 2021 01 11 13 50 02
-4.48242707E-01 2021 01 11 13 55 02
-4.57876995E-01 2021 01 11 14 00 02
-4.66647236E-01 2021 01 11 14 05 02
-4.70823228E-01 2021 01 11 14 10 02
-3.88320144E-01 2021 01 11 14 15 02
-3.29865948E-01 2021 01 11 14 20 02
-4.23148234E-01 2021 01 11 14 25 03
-3.68913500E-01 2021 01 11 14 30 02
-3.96228366E-01 2021 01 11 14 35 02
-4.09167803E-01 2021 01 11 14 40 02
-4.20017019E-01 2021 01 11 14 45 02
-4.05643767E-01 2021 01 11 14 50 03
-2.86423859E-01 2021 01 11 14 55 02
-2.86343387E-01 2021 01 11 15 00 02
-2.85484941E-01 2021 01 11 15 05 02
-2.72807289E-01 2021 01 11 15 10 02
-3.60120039E-01 2021 01 11 15 15 02
-2.33570145E-01 2021 01 11 15 20 02
-2.27838683E-01 2021 01 11 15 25 02
-2.96368496E-01 2021 01 11 15 30 02
-2.36892739E-01 2021 01 11 15 35 02
-1.97275849E-01 2021 01 11 15 40 02
-2.47171397E-01 2021 01 11 15 45 02
-2.52190160E-01 2021 01 11 15 50 02
-2.50734680E-01 2021 01 11 15 55 02
-2.38149660E-01 2021 01 11 16 00 02
-2.22718489E-01 2021 01 11 16 05 02
-3.13584746E-01 2021 01 11 16 10 02
-2.35253947E-01 2021 01 11 16 15 03
-2.51383736E-01 2021 01 11 16 20 02
-2.98340571E-01 2021 01 11 16 25 02
-2.44441762E-01 2021 01 11 16 30 02
-2.33886744E-01 2021 01 11 16 35 02
-2.59395395E-01 2021 01 11 16 40 03
-2.29378514E-01 2021 01 11 16 45 02
-2.24776736E-01 2021 01 11 16 50 02
-2.83113359E-01 2021 01 11 16 55 02
-3.03085363E-01 2021 01 11 17 00 02
-2.84690049E-01 2021 01 11 17 05 02
-2.86862612E-01 2021 01 11 17 10 02
-3.38216808E-01 2021 01 11 17 15 02
-2.90803774E-01 2021 01 11 17 20 02
-2.85596892E-01 2021 01 11 17 25 02
-3.00956985E-01 2021 01 11 17 30 02
-2.83894665E-01 2021 01 11 17 35 02
-3.07756955E-01 2021 01 11 17 40 03
-2.83523127E-01 2021 01 11 17 45 02
-2.83927741E-01 2021 01 11 17 50 02
-2.79448744E-01 2021 01 11 17 55 02
-2.50854127E-01 2021 01 11 18 00 02
-3.14576743E-01 2021 01 11 18 05 02
-3.63510349E-01 2021 01 11 18 10 02
-3.92426374E-01 2021 01 11 18 15 02
-3.64494041E-01 2021 01 11 18 20 02
-3.75418891E-01 2021 01 11 18 25 02
-3.03496596E-01 2021 01 11 18 30 02
+1.84420941E-01 2021 01 11 18 35 02
-1.41089034E-01 2021 01 11 18 40 02
-2.33830456E-01 2021 01 11 18 45 02
-2.63865080E-01 2021 01 11 18 50 02
-4.25736166E-01 2021 01 11 18 55 02
-4.89388493E-01 2021 01 11 19 00 02
-4.20347132E-01 2021 01 11 19 05 03
-4.88471705E-01 2021 01 11 19 10 02
-4.38966578E-01 2021 01 11 19 15 02
-5.11434290E-01 2021 01 11 19 20 02
-4.87656886E-01 2021 01 11 19 25 02
-6.05978760E-01 2021 01 11 19 30 02
-5.89708652E-01 2021 01 11 19 35 02
-5.92908091E-01 2021 01 11 19 40 02
-5.70213096E-01 2021 01 11 19 45 02
-5.64951279E-01 2021 01 11 19 50 02
-6.21873548E-01 2021 01 11 19 55 02
-6.66246145E-01 2021 01 11 20 00 02
-6.76158033E-01 2021 01 11 20 05 02
-6.53211436E-01 2021 01 11 20 10 02
-6.69426541E-01 2021 01 11 20 15 02
-7.29790877E-01 2021 01 11 20 20 02
-6.79232068E-01 2021 01 11 20 25 02
-8.52829194E-01 2021 01 11 20 30 03
-6.69234572E-01 2021 01 11 20 35 02
-6.87758884E-01 2021 01 11 20 40 02
-7.14936413E-01 2021 01 11 20 45 02
-7.38162427E-01 2021 01 11 20 50 02
-7.41478174E-01 2021 01 11 20 55 02
-9.19350152E-01 2021 01 11 21 00 02
-9.79401435E-01 2021 01 11 21 05 02
-8.08695379E-01 2021 01 11 21 10 02
-8.36550117E-01 2021 01 11 21 15 02
-9.12114522E-01 2021 01 11 21 20 02
-1.01763884E+00 2021 01 11 21 25 02
-1.05557775E+00 2021 01 11 21 30 03
-1.06212176E+00 2021 01 11 21 35 02
-8.48807404E-01 2021 01 11 21 40 02
-9.71292308E-01 2021 01 11 21 45 02
-1.12248956E+00 2021 01 11 21 50 02
-1.15070737E+00 2021 01 11 21 55 03
-1.13785015E+00 2021 01 11 22 00 02
-1.10522877E+00 2021 01 11 22 05 02
-1.06981316E+00 2021 01 11 22 10 02
-9.31646866E-01 2021 01 11 22 15 02
-9.42780663E-01 2021 01 11 22 20 02
-1.03819617E+00 2021 01 11 22 25 02
-9.87662648E-01 2021 01 11 22 30 02
-1.08640896E+00 2021 01 11 22 35 02
-1.11392723E+00 2021 01 11 22 40 02
-9.46884886E-01 2021 01 11 22 45 02
-1.06768972E+00 2021 01 11 22 50 02
-1.14030212E+00 2021 01 11 22 55 03
-9.73949590E-01 2021 01 11 23 00 02
-1.26500109E+00 2021 01 11 23 05 02
-1.36693757E+00 2021 01 11 23 10 02
-1.36235329E+00 2021 01 11 23 15 02
-9.86835516E-01 2021 01 11 23 20 02
-1.84814892E+00 2021 01 11 23 25 02
-1.43456356E+00 2021 01 11 23 30 02
-1.21117366E+00 2021 01 11 23 35 02
-1.27672142E+00 2021 01 11 23 40 02
-1.25147507E+00 2021 01 11 23 45 02
-1.71313785E+00 2021 01 11 23 50 02
-1.48359661E+00 2021 01 11 23 55 03
