-3.52835328E-01 2021 01 19 00 00 02
-4.07077093E-01 2021 01 19 00 05 02
-4.05194768E-01 2021 01 19 00 10 02
-4.17214187E-01 2021 01 19 00 15 02
-4.55076339E-01 2021 01 19 00 20 02
-4.26074888E-01 2021 01 19 00 25 02
-4.37464827E-01 2021 01 19 00 30 03
-4.50895449E-01 2021 01 19 00 35 02
-4.68077877E-01 2021 01 19 00 40 02
-5.08983213E-01 2021 01 19 00 45 02
-5.51712372E-01 2021 01 19 00 50 02
-5.42903014E-01 2021 01 19 00 55 02
-5.66356034E-01 2021 01 19 01 00 02
-6.13244030E-01 2021 01 19 01 05 02
-6.01316846E-01 2021 01 19 01 10 02
-6.09563139E-01 2021 01 19 01 15 02
-6.11516339E-01 2021 01 19 01 20 02
-6.32080096E-01 2021 01 19 01 25 02
-6.82590927E-01 2021 01 19 01 30 03
-6.85232550E-01 2021 01 19 01 35 02
-6.83449127E-01 2021 01 19 01 40 02
-6.96137222E-01 2021 01 19 01 45 02
-6.91484539E-01 2021 01 19 01 50 02
-6.58902565E-01 2021 01 19 01 55 03
-5.98726144E-01 2021 01 19 02 00 02
-4.98287557E-01 2021 01 19 02 05 02
-6.98846993E-01 2021 01 19 02 10 02
-6.99123650E-01 2021 01 19 02 15 02
-7.24723107E-01 2021 01 19 02 20 02
-7.79409300E-01 2021 01 19 02 25 02
-7.56981471E-01 2021 01 19 02 30 02
-8.31701901E-01 2021 01 19 02 35 02
-8.92767308E-01 2021 01 19 02 40 02
-8.19918933E-01 2021 01 19 02 45 02
-8.02405347E-01 2021 01 19 02 50 02
-7.86929404E-01 2021 01 19 02 55 02
-7.57095669E-01 2021 01 19 03 00 02
-8.25469430E-01 2021 01 19 03 05 02
-8.44130407E-01 2021 01 19 03 10 02
-8.53525994E-01 2021 01 19 03 15 02
-9.01046879E-01 2021 01 19 03 20 03
-8.87915254E-01 2021 01 19 03 25 02
-8.28726714E-01 2021 01 19 03 30 02
-7.95078131E-01 2021 01 19 03 35 02
-8.08755268E-01 2021 01 19 03 40 02
-7.98276047E-01 2021 01 19 03 45 03
-7.87571504E-01 2021 01 19 03 50 02
-7.65704472E-01 2021 01 19 03 55 02
-8.27113796E-01 2021 01 19 04 00 02
-8.60204102E-01 2021 01 19 04 05 02
-8.54361259E-01 2021 01 19 04 10 03
-7.76665203E-01 2021 01 19 04 15 02
-7.99670146E-01 2021 01 19 04 20 02
-8.03241497E-01 2021 01 19 04 25 02
-7.98360373E-01 2021 01 19 04 30 02
-7.85140365E-01 2021 01 19 04 35 02
-7.58309076E-01 2021 01 19 04 40 02
-6.82729833E-01 2021 01 19 04 45 03
-7.56037164E-01 2021 01 19 04 50 02
-8.40867454E-01 2021 01 19 04 55 02
-7.51911682E-01 2021 01 19 05 00 02
-6.38931390E-01 2021 01 19 05 05 02
-6.30114975E-01 2021 01 19 05 10 03
-4.81750649E-01 2021 01 19 05 15 02
-5.23290706E-01 2021 01 19 05 20 02
-5.94965416E-01 2021 01 19 05 25 02
-6.35263461E-01 2021 01 19 05 30 02
-5.73987585E-01 2021 01 19 05 35 02
-5.14499690E-01 2021 01 19 05 40 02
-5.36585505E-01 2021 01 19 05 45 02
-5.02179784E-01 2021 01 19 05 50 02
-5.16385878E-01 2021 01 19 05 55 02
-6.39959522E-01 2021 01 19 06 00 02
-7.33384504E-01 2021 01 19 06 05 02
-7.16949352E-01 2021 01 19 06 10 03
-5.83554590E-01 2021 01 19 06 15 02
-4.33799996E-01 2021 01 19 06 20 02
-3.99186755E-01 2021 01 19 06 25 02
-4.04646320E-01 2021 01 19 06 30 02
-4.53173175E-01 2021 01 19 06 35 02
-4.12625154E-01 2021 01 19 06 40 02
-3.27651910E-01 2021 01 19 06 45 02
-3.77119992E-01 2021 01 19 06 50 02
-3.43713766E-01 2021 01 19 06 55 02
-4.80245974E-01 2021 01 19 07 00 02
-3.33118875E-01 2021 01 19 07 05 03
-3.07946527E-01 2021 01 19 07 10 02
-2.66493510E-01 2021 01 19 07 15 02
-2.75552912E-01 2021 01 19 07 20 02
-1.68567972E-01 2021 01 19 07 25 02
-1.36095212E-01 2021 01 19 07 30 03
-6.89585668E-02 2021 01 19 07 35 02
+2.17493198E-03 2021 01 19 07 40 02
-4.69470256E-02 2021 01 19 07 45 02
-8.79899255E-02 2021 01 19 07 50 02
-1.75783743E-01 2021 01 19 07 55 02
-1.56660512E-01 2021 01 19 08 00 02
-1.83024941E-01 2021 01 19 08 05 02
-1.43019122E-01 2021 01 19 08 10 02
-3.24884176E-02 2021 01 19 08 15 02
-9.09718920E-02 2021 01 19 08 20 02
-1.28377680E-01 2021 01 19 08 25 02
-3.61775134E-02 2021 01 19 08 30 03
-4.77936385E-02 2021 01 19 08 35 02
+8.76721843E-02 2021 01 19 08 40 02
+3.43964476E-02 2021 01 19 08 45 02
+1.25578431E-01 2021 01 19 08 50 02
+8.29974433E-02 2021 01 19 08 55 03
+2.22893050E-02 2021 01 19 09 00 02
-6.52307529E-02 2021 01 19 09 05 02
-2.41601018E-02 2021 01 19 09 10 02
+3.66082191E-02 2021 01 19 09 15 02
-7.49872089E-03 2021 01 19 09 20 02
-1.54642038E-02 2021 01 19 09 25 02
-7.94434281E-02 2021 01 19 09 30 02
-3.50278421E-04 2021 01 19 09 35 02
-6.62737796E-03 2021 01 19 09 40 02
-4.00996206E-02 2021 01 19 09 45 02
-3.45472502E-02 2021 01 19 09 50 02
-1.04420268E-02 2021 01 19 09 55 02
-1.04472708E-01 2021 01 19 10 00 02
+2.50764858E-02 2021 01 19 10 05 02
-2.13612652E-02 2021 01 19 10 10 02
-1.76862510E-03 2021 01 19 10 15 02
+1.04314280E-01 2021 01 19 10 20 03
+1.32109582E-01 2021 01 19 10 25 02
+1.86164998E-01 2021 01 19 10 30 02
+1.92120626E-01 2021 01 19 10 35 02
+2.55845734E-01 2021 01 19 10 40 02
+2.64935991E-01 2021 01 19 10 45 03
+2.89094112E-01 2021 01 19 10 50 02
+1.63537770E-01 2021 01 19 10 55 02
+1.16063462E-02 2021 01 19 11 00 02
+7.47715553E-02 2021 01 19 11 05 02
+1.11492116E-01 2021 01 19 11 10 02
+8.29308366E-02 2021 01 19 11 15 02
+6.02832523E-02 2021 01 19 11 20 02
+1.03169952E-01 2021 01 19 11 25 02
+8.40516109E-02 2021 01 19 11 30 02
+1.91531458E-01 2021 01 19 11 35 02
+1.53690548E-01 2021 01 19 11 40 02
+4.21227342E-02 2021 01 19 11 45 03
+1.06126840E-01 2021 01 19 11 50 02
+1.15736343E-01 2021 01 19 11 55 02
+2.27994742E-01 2021 01 19 12 00 02
+2.94184912E-01 2021 01 19 12 05 02
+1.28264107E-01 2021 01 19 12 10 03
+2.10152605E-01 2021 01 19 12 15 02
+2.33896681E-01 2021 01 19 12 20 02
+2.30128471E-01 2021 01 19 12 25 02
+2.04735868E-01 2021 01 19 12 30 02
+2.44021906E-01 2021 01 19 12 35 02
+1.16972581E-01 2021 01 19 12 40 02
+2.47869083E-02 2021 01 19 12 45 02
+1.13897234E-03 2021 01 19 12 50 02
-4.34164545E-02 2021 01 19 12 55 02
-6.30942088E-02 2021 01 19 13 00 02
-5.55254222E-02 2021 01 19 13 05 02
-2.69300455E-02 2021 01 19 13 10 03
-3.68787023E-02 2021 01 19 13 15 02
+4.92333983E-02 2021 01 19 13 20 02
-2.10081905E-02 2021 01 19 13 25 02
-1.28999556E-01 2021 01 19 13 30 02
-1.31736263E-01 2021 01 19 13 35 03
-2.06741594E-01 2021 01 19 13 40 02
-1.54204354E-01 2021 01 19 13 45 02
-1.78281945E-01 2021 01 19 13 50 02
-2.04604251E-01 2021 01 19 13 55 02
-2.35445848E-01 2021 01 19 14 00 03
-2.60967519E-01 2021 01 19 14 05 02
-3.17546190E-01 2021 01 19 14 10 02
-3.38399503E-01 2021 01 19 14 15 02
-3.68673861E-01 2021 01 19 14 20 02
-3.60714803E-01 2021 01 19 14 25 02
-3.85634286E-01 2021 01 19 14 30 02
-3.59196249E-01 2021 01 19 14 35 02
-3.66103246E-01 2021 01 19 14 40 02
-3.51489891E-01 2021 01 19 14 45 02
-3.02127415E-01 2021 01 19 14 50 02
-2.12910085E-01 2021 01 19 14 55 02
-3.34079918E-01 2021 01 19 15 00 02
-3.64202263E-01 2021 01 19 15 05 02
-3.51346744E-01 2021 01 19 15 10 02
-5.15805639E-01 2021 01 19 15 15 02
-4.91735620E-01 2021 01 19 15 20 02
-6.35053342E-01 2021 01 19 15 25 03
-5.53159411E-01 2021 01 19 15 30 02
-6.17201636E-01 2021 01 19 15 35 02
-6.32481452E-01 2021 01 19 15 40 02
-5.83698157E-01 2021 01 19 15 45 02
-6.38404046E-01 2021 01 19 15 50 03
-5.95403675E-01 2021 01 19 15 55 02
-6.39877541E-01 2021 01 19 16 00 02
-6.14924297E-01 2021 01 19 16 05 02
-6.09204996E-01 2021 01 19 16 10 02
-6.36208462E-01 2021 01 19 16 15 02
-6.70104546E-01 2021 01 19 16 20 02
-6.42668940E-01 2021 01 19 16 25 03
-6.51460381E-01 2021 01 19 16 30 02
-6.61681886E-01 2021 01 19 16 35 02
-7.09971129E-01 2021 01 19 16 40 02
-7.32240114E-01 2021 01 19 16 45 02
-7.14858726E-01 2021 01 19 16 50 03
-6.44357038E-01 2021 01 19 16 55 02
-6.51712439E-01 2021 01 19 17 00 02
-6.66210907E-01 2021 01 19 17 05 02
-7.19505455E-01 2021 01 19 17 10 02
-6.19657192E-01 2021 01 19 17 15 03
-6.84211918E-01 2021 01 19 17 20 02
-6.03215250E-01 2021 01 19 17 25 02
-5.87948500E-01 2021 01 19 17 30 02
-6.02973206E-01 2021 01 19 17 35 02
-6.50840160E-01 2021 01 19 17 40 02
-5.91865186E-01 2021 01 19 17 45 02
-5.08277724E-01 2021 01 19 17 50 02
-5.69673938E-01 2021 01 19 17 55 02
-5.77635881E-01 2021 01 19 18 00 02
-5.34806763E-01 2021 01 19 18 05 02
-5.78750029E-01 2021 01 19 18 10 02
-5.13892835E-01 2021 01 19 18 15 03
-5.47933601E-01 2021 01 19 18 20 02
-4.72430961E-01 2021 01 19 18 25 02
-5.20699467E-01 2021 01 19 18 30 02
-4.25505396E-01 2021 01 19 18 35 02
-4.45577384E-01 2021 01 19 18 40 02
-4.96611594E-01 2021 01 19 18 45 02
-4.95123295E-01 2021 01 19 18 50 02
-3.94031248E-01 2021 01 19 18 55 02
-5.75149115E-01 2021 01 19 19 00 02
-4.46457887E-01 2021 01 19 19 05 02
-4.42495101E-01 2021 01 19 19 10 02
-3.74723498E-01 2021 01 19 19 15 02
-3.99257930E-01 2021 01 19 19 20 02
-3.57121818E-01 2021 01 19 19 25 02
-3.41133200E-01 2021 01 19 19 30 02
-3.42304989E-01 2021 01 19 19 35 02
-3.13662754E-01 2021 01 19 19 40 02
-2.26428221E-01 2021 01 19 19 45 02
-2.67250053E-01 2021 01 19 19 50 02
-3.03120944E-01 2021 01 19 19 55 02
-2.38397793E-01 2021 01 19 20 00 02
-1.87213660E-01 2021 01 19 20 05 03
-2.88644675E-01 2021 01 19 20 10 02
-2.26679860E-01 2021 01 19 20 15 02
-1.59374173E-01 2021 01 19 20 20 02
-1.73432532E-01 2021 01 19 20 25 02
-2.55521736E-01 2021 01 19 20 30 03
-2.22657174E-01 2021 01 19 20 35 02
-2.15582440E-01 2021 01 19 20 40 02
-2.92373142E-01 2021 01 19 20 45 02
-3.05553806E-01 2021 01 19 20 50 02
-2.87012025E-01 2021 01 19 20 55 02
-2.42838099E-01 2021 01 19 21 00 02
-2.74624946E-01 2021 01 19 21 05 03
-2.36104833E-01 2021 01 19 21 10 02
-3.06230795E-01 2021 01 19 21 15 02
-2.90380331E-01 2021 01 19 21 20 02
-2.83207189E-01 2021 01 19 21 25 02
-2.73059354E-01 2021 01 19 21 30 02
-2.23378379E-01 2021 01 19 21 35 02
-1.67295242E-01 2021 01 19 21 40 02
-1.50002539E-01 2021 01 19 21 45 02
-9.71897924E-02 2021 01 19 21 50 02
-1.36759580E-01 2021 01 19 21 55 02
-2.16153095E-02 2021 01 19 22 00 02
+4.90866443E-02 2021 01 19 22 05 02
-3.27375546E-02 2021 01 19 22 10 02
+9.30371918E-03 2021 01 19 22 15 02
+8.94801536E-03 2021 01 19 22 20 02
+2.74141656E-02 2021 01 19 22 25 02
+3.04682258E-02 2021 01 19 22 30 03
-7.50780969E-03 2021 01 19 22 35 02
+6.41998833E-03 2021 01 19 22 40 02
-1.96399397E-02 2021 01 19 22 45 02
+1.69959907E-02 2021 01 19 22 50 02
+5.64721139E-02 2021 01 19 22 55 02
+1.52531306E-02 2021 01 19 23 00 02
+3.71098490E-02 2021 01 19 23 05 02
+2.83692543E-02 2021 01 19 23 10 02
-9.31207182E-02 2021 01 19 23 15 02
-1.60078346E-01 2021 01 19 23 20 02
-1.98983248E-01 2021 01 19 23 25 02
-1.36950638E-01 2021 01 19 23 30 03
-9.14932114E-02 2021 01 19 23 35 02
-1.40743919E-01 2021 01 19 23 40 02
-1.24110745E-01 2021 01 19 23 45 02
-1.48890078E-01 2021 01 19 23 50 02
-9.79171400E-02 2021 01 19 23 55 03
