-4.40295400E-01 2021 01 10 00 00 02
-4.03125508E-01 2021 01 10 00 05 02
-3.80422140E-01 2021 01 10 00 10 02
-3.38189764E-01 2021 01 10 00 15 03
-3.10047057E-01 2021 01 10 00 20 02
-3.15891336E-01 2021 01 10 00 25 02
-2.89249147E-01 2021 01 10 00 30 02
-2.75091777E-01 2021 01 10 00 35 02
-2.38691697E-01 2021 01 10 00 40 02
-2.16923752E-01 2021 01 10 00 45 02
-2.10262433E-01 2021 01 10 00 50 02
-2.04209129E-01 2021 01 10 00 55 02
-2.03538329E-01 2021 01 10 01 00 02
-1.19677315E-01 2021 01 10 01 05 02
-1.15852606E-01 2021 01 10 01 10 02
-7.87907931E-02 2021 01 10 01 15 02
-6.35110875E-02 2021 01 10 01 20 02
-7.12766047E-02 2021 01 10 01 25 02
-6.67281684E-02 2021 01 10 01 30 02
-3.65218520E-02 2021 01 10 01 35 02
-8.88277649E-03 2021 01 10 01 40 03
+1.95113260E-03 2021 01 10 01 45 02
+1.43732568E-02 2021 01 10 01 50 02
+1.06749458E-02 2021 01 10 01 55 02
+3.77962897E-02 2021 01 10 02 00 02
+6.16623745E-02 2021 01 10 02 05 02
+7.67864459E-02 2021 01 10 02 10 02
+1.00254734E-01 2021 01 10 02 15 02
+1.10865233E-01 2021 01 10 02 20 02
+1.14244529E-01 2021 01 10 02 25 02
+1.20951519E-01 2021 01 10 02 30 02
+1.03080332E-01 2021 01 10 02 35 02
+9.73605977E-02 2021 01 10 02 40 02
+1.37595157E-01 2021 01 10 02 45 02
+1.71173895E-01 2021 01 10 02 50 02
+1.82901522E-01 2021 01 10 02 55 02
+2.05383514E-01 2021 01 10 03 00 02
+2.27049875E-01 2021 01 10 03 05 03
+2.41523216E-01 2021 01 10 03 10 02
+2.50097995E-01 2021 01 10 03 15 02
+2.37495196E-01 2021 01 10 03 20 02
+2.40457950E-01 2021 01 10 03 25 02
+2.36189701E-01 2021 01 10 03 30 03
+2.81790331E-01 2021 01 10 03 35 02
+2.77257748E-01 2021 01 10 03 40 02
+2.80630720E-01 2021 01 10 03 45 02
+2.50537357E-01 2021 01 10 03 50 02
+2.43309961E-01 2021 01 10 03 55 02
+2.38632466E-01 2021 01 10 04 00 02
+2.55991216E-01 2021 01 10 04 05 02
+2.63531279E-01 2021 01 10 04 10 02
+2.60877149E-01 2021 01 10 04 15 02
+2.57698497E-01 2021 01 10 04 20 02
+2.42806071E-01 2021 01 10 04 25 02
+2.35622177E-01 2021 01 10 04 30 03
+2.29468668E-01 2021 01 10 04 35 02
+2.64171575E-01 2021 01 10 04 40 02
+2.72296470E-01 2021 01 10 04 45 02
+2.06036394E-01 2021 01 10 04 50 02
+2.64769774E-01 2021 01 10 04 55 03
+2.88576440E-01 2021 01 10 05 00 02
+3.29972363E-01 2021 01 10 05 05 02
+2.98688936E-01 2021 01 10 05 10 02
+3.01565306E-01 2021 01 10 05 15 02
+2.49255067E-01 2021 01 10 05 20 02
+2.07382310E-01 2021 01 10 05 25 02
+1.97413534E-01 2021 01 10 05 30 02
+1.76296708E-01 2021 01 10 05 35 02
+1.54041626E-01 2021 01 10 05 40 02
+1.52443661E-01 2021 01 10 05 45 02
+1.32425869E-01 2021 01 10 05 50 02
+6.80480030E-02 2021 01 10 05 55 03
+6.58714926E-02 2021 01 10 06 00 02
+6.48492667E-02 2021 01 10 06 05 02
+8.27901181E-02 2021 01 10 06 10 02
+8.84359384E-02 2021 01 10 06 15 02
+1.89059535E-03 2021 01 10 06 20 02
+4.59726074E-02 2021 01 10 06 25 02
+9.20872762E-03 2021 01 10 06 30 02
+3.21171514E-02 2021 01 10 06 35 02
-3.79057671E-02 2021 01 10 06 40 02
-4.92713173E-02 2021 01 10 06 45 02
-7.29493743E-02 2021 01 10 06 50 02
-4.18890089E-02 2021 01 10 06 55 03
-1.68390082E-01 2021 01 10 07 00 02
-1.36302597E-01 2021 01 10 07 05 02
-8.83818370E-02 2021 01 10 07 10 02
-1.92372961E-01 2021 01 10 07 15 02
-1.98456255E-01 2021 01 10 07 20 02
-2.42218455E-01 2021 01 10 07 25 02
-2.94662398E-01 2021 01 10 07 30 02
-2.43892048E-01 2021 01 10 07 35 02
-2.98575658E-01 2021 01 10 07 40 02
-2.85265826E-01 2021 01 10 07 45 02
-3.12271086E-01 2021 01 10 07 50 02
-3.86005413E-01 2021 01 10 07 55 02
-4.00693214E-01 2021 01 10 08 00 02
-4.25231764E-01 2021 01 10 08 05 02
-4.36778262E-01 2021 01 10 08 10 02
-4.34628568E-01 2021 01 10 08 15 02
-4.58423592E-01 2021 01 10 08 20 03
-4.65527719E-01 2021 01 10 08 25 02
-5.03642286E-01 2021 01 10 08 30 02
-5.10698984E-01 2021 01 10 08 35 02
-5.00486513E-01 2021 01 10 08 40 02
-5.66373950E-01 2021 01 10 08 45 03
-5.82691067E-01 2021 01 10 08 50 02
-5.92593224E-01 2021 01 10 08 55 02
-6.63347743E-01 2021 01 10 09 00 02
-6.64341764E-01 2021 01 10 09 05 02
-6.78052354E-01 2021 01 10 09 10 02
-7.01469161E-01 2021 01 10 09 15 02
-8.17881080E-01 2021 01 10 09 20 02
-8.08405330E-01 2021 01 10 09 25 02
-7.45246764E-01 2021 01 10 09 30 02
-8.55325184E-01 2021 01 10 09 35 02
-8.60507596E-01 2021 01 10 09 40 02
-8.47323007E-01 2021 01 10 09 45 02
-8.35666384E-01 2021 01 10 09 50 02
-8.47109690E-01 2021 01 10 09 55 02
-8.94787587E-01 2021 01 10 10 00 02
-8.57468795E-01 2021 01 10 10 05 02
-8.81298703E-01 2021 01 10 10 10 03
-9.04766113E-01 2021 01 10 10 15 02
-8.87480687E-01 2021 01 10 10 20 02
-9.19499201E-01 2021 01 10 10 25 02
-8.57778291E-01 2021 01 10 10 30 02
-8.94067105E-01 2021 01 10 10 35 02
-8.44244221E-01 2021 01 10 10 40 02
-8.56217833E-01 2021 01 10 10 45 02
-8.11838175E-01 2021 01 10 10 50 02
-8.17868935E-01 2021 01 10 10 55 02
-8.48572160E-01 2021 01 10 11 00 02
-7.91720015E-01 2021 01 10 11 05 02
-8.39790007E-01 2021 01 10 11 10 02
-7.12147226E-01 2021 01 10 11 15 02
-7.20387328E-01 2021 01 10 11 20 02
-7.12872352E-01 2021 01 10 11 25 02
-6.30987327E-01 2021 01 10 11 30 02
-7.12485179E-01 2021 01 10 11 35 03
-6.50425801E-01 2021 01 10 11 40 02
-6.30409433E-01 2021 01 10 11 45 02
-6.14378809E-01 2021 01 10 11 50 02
-5.95213382E-01 2021 01 10 11 55 02
-5.55123502E-01 2021 01 10 12 00 03
-5.55249872E-01 2021 01 10 12 05 02
-5.98958855E-01 2021 01 10 12 10 02
-5.35146395E-01 2021 01 10 12 15 02
-4.73429851E-01 2021 01 10 12 20 02
-4.48127303E-01 2021 01 10 12 25 02
-4.29683056E-01 2021 01 10 12 30 02
-4.51648332E-01 2021 01 10 12 35 02
-3.47856889E-01 2021 01 10 12 40 02
-3.95853847E-01 2021 01 10 12 45 02
-4.39572320E-01 2021 01 10 12 50 02
-3.66092034E-01 2021 01 10 12 55 02
-2.78518445E-01 2021 01 10 13 00 03
-3.48617585E-01 2021 01 10 13 05 02
-4.15867826E-01 2021 01 10 13 10 02
-3.44102568E-01 2021 01 10 13 15 02
-3.72553163E-01 2021 01 10 13 20 02
-3.21680330E-01 2021 01 10 13 25 02
-3.28882436E-01 2021 01 10 13 30 02
-2.46315354E-01 2021 01 10 13 35 02
-2.88065402E-01 2021 01 10 13 40 02
-2.33320141E-01 2021 01 10 13 45 02
-2.63239003E-01 2021 01 10 13 50 02
-2.98553449E-01 2021 01 10 13 55 02
-2.44299854E-01 2021 01 10 14 00 03
-1.73728292E-01 2021 01 10 14 05 02
-1.49383815E-01 2021 01 10 14 10 02
-1.97322816E-01 2021 01 10 14 15 02
-2.51436291E-01 2021 01 10 14 20 02
-1.60893865E-01 2021 01 10 14 25 03
-2.26972216E-01 2021 01 10 14 30 02
-1.93904549E-01 2021 01 10 14 35 02
-2.04916963E-01 2021 01 10 14 40 02
-1.59442662E-01 2021 01 10 14 45 02
-1.83315331E-01 2021 01 10 14 50 02
-2.06939000E-01 2021 01 10 14 55 02
-1.65438114E-01 2021 01 10 15 00 02
-2.40387669E-01 2021 01 10 15 05 02
-1.99194498E-01 2021 01 10 15 10 02
-1.85475195E-01 2021 01 10 15 15 02
-1.78944188E-01 2021 01 10 15 20 02
-1.90167662E-01 2021 01 10 15 25 03
-1.84713052E-01 2021 01 10 15 30 02
-2.06508591E-01 2021 01 10 15 35 02
-1.76422455E-01 2021 01 10 15 40 02
-2.39295142E-01 2021 01 10 15 45 02
-2.64419392E-01 2021 01 10 15 50 03
-2.03591017E-01 2021 01 10 15 55 02
-2.63126483E-01 2021 01 10 16 00 02
-2.66103733E-01 2021 01 10 16 05 02
-2.72357980E-01 2021 01 10 16 10 02
-4.07707014E-01 2021 01 10 16 15 02
-3.28495977E-01 2021 01 10 16 20 02
-3.74544473E-01 2021 01 10 16 25 02
-3.00938269E-01 2021 01 10 16 30 02
-3.32552925E-01 2021 01 10 16 35 02
-3.84761731E-01 2021 01 10 16 40 02
-3.83592820E-01 2021 01 10 16 45 02
-4.53914367E-01 2021 01 10 16 50 03
-4.07879044E-01 2021 01 10 16 55 02
-2.70483245E-01 2021 01 10 17 00 02
-3.28807355E-01 2021 01 10 17 05 02
-3.88885593E-01 2021 01 10 17 10 02
-3.67700336E-01 2021 01 10 17 15 03
-3.32812023E-01 2021 01 10 17 20 02
-4.48031861E-01 2021 01 10 17 25 02
-3.93429413E-01 2021 01 10 17 30 02
-4.16058912E-01 2021 01 10 17 35 02
-4.37193896E-01 2021 01 10 17 40 02
-4.73904709E-01 2021 01 10 17 45 02
-5.09905416E-01 2021 01 10 17 50 02
-5.38175759E-01 2021 01 10 17 55 02
-6.13582188E-01 2021 01 10 18 00 02
-5.69389771E-01 2021 01 10 18 05 02
-5.94900637E-01 2021 01 10 18 10 02
-5.81792343E-01 2021 01 10 18 15 02
-5.67988680E-01 2021 01 10 18 20 02
-5.44282864E-01 2021 01 10 18 25 02
-6.38909900E-01 2021 01 10 18 30 02
-6.51805596E-01 2021 01 10 18 35 02
-6.08884329E-01 2021 01 10 18 40 03
-5.83980460E-01 2021 01 10 18 45 02
-6.24095256E-01 2021 01 10 18 50 02
-5.74193319E-01 2021 01 10 18 55 02
-6.30053154E-01 2021 01 10 19 00 02
-6.74984767E-01 2021 01 10 19 05 03
-6.91883729E-01 2021 01 10 19 10 02
-6.01857368E-01 2021 01 10 19 15 02
-6.29278907E-01 2021 01 10 19 20 02
-6.55174931E-01 2021 01 10 19 25 02
-6.81385360E-01 2021 01 10 19 30 02
-7.04242035E-01 2021 01 10 19 35 02
-6.92411338E-01 2021 01 10 19 40 02
-7.83734146E-01 2021 01 10 19 45 02
-7.47572233E-01 2021 01 10 19 50 02
-6.96128348E-01 2021 01 10 19 55 02
-8.47267886E-01 2021 01 10 20 00 02
-8.71162713E-01 2021 01 10 20 05 03
-8.18088808E-01 2021 01 10 20 10 02
-8.19404360E-01 2021 01 10 20 15 02
-8.83745089E-01 2021 01 10 20 20 02
-8.50065534E-01 2021 01 10 20 25 02
-8.28373302E-01 2021 01 10 20 30 02
-8.57839821E-01 2021 01 10 20 35 02
-8.19556669E-01 2021 01 10 20 40 02
-9.09445397E-01 2021 01 10 20 45 02
-9.25487831E-01 2021 01 10 20 50 02
-8.70237970E-01 2021 01 10 20 55 02
-9.54238683E-01 2021 01 10 21 00 02
-9.41690765E-01 2021 01 10 21 05 03
-8.95114477E-01 2021 01 10 21 10 02
-8.30809090E-01 2021 01 10 21 15 02
-9.71813433E-01 2021 01 10 21 20 02
-1.00400439E+00 2021 01 10 21 25 02
-9.64248804E-01 2021 01 10 21 30 02
-9.58897439E-01 2021 01 10 21 35 02
-9.92705878E-01 2021 01 10 21 40 02
-9.81398877E-01 2021 01 10 21 45 02
-9.37533210E-01 2021 01 10 21 50 02
-8.71671875E-01 2021 01 10 21 55 02
-9.51303084E-01 2021 01 10 22 00 02
-9.20563951E-01 2021 01 10 22 05 03
-9.74485818E-01 2021 01 10 22 10 02
-9.10459642E-01 2021 01 10 22 15 02
-9.57585837E-01 2021 01 10 22 20 02
-9.30279225E-01 2021 01 10 22 25 02
-9.46009445E-01 2021 01 10 22 30 03
-9.49089430E-01 2021 01 10 22 35 02
-8.91715631E-01 2021 01 10 22 40 02
-9.29576341E-01 2021 01 10 22 45 02
-9.00432054E-01 2021 01 10 22 50 02
-8.42502170E-01 2021 01 10 22 55 02
-9.19127458E-01 2021 01 10 23 00 02
-9.08747151E-01 2021 01 10 23 05 02
-8.24439265E-01 2021 01 10 23 10 02
-8.05526493E-01 2021 01 10 23 15 02
-7.85844412E-01 2021 01 10 23 20 02
-8.19291577E-01 2021 01 10 23 25 02
-8.16929671E-01 2021 01 10 23 30 03
-8.30111531E-01 2021 01 10 23 35 02
-7.57090033E-01 2021 01 10 23 40 02
-7.39913851E-01 2021 01 10 23 45 02
-6.91348537E-01 2021 01 10 23 50 02
-6.74551807E-01 2021 01 10 23 55 02
