-4.60155222E-01 2021 01 25 00 00 02
-4.74425062E-01 2021 01 25 00 05 02
-3.74116224E-01 2021 01 25 00 10 02
-3.20201439E-01 2021 01 25 00 15 02
-4.74017213E-01 2021 01 25 00 20 02
-2.18002029E-01 2021 01 25 00 25 03
-2.85410152E-01 2021 01 25 00 30 02
-3.27144985E-01 2021 01 25 00 35 02
-5.31456133E-01 2021 01 25 00 40 02
-1.60996851E-01 2021 01 25 00 45 02
-1.06939106E-01 2021 01 25 00 50 03
-2.79266724E-01 2021 01 25 00 55 02
-2.83861957E-01 2021 01 25 01 00 02
-2.11495037E-01 2021 01 25 01 05 02
-1.73714687E-01 2021 01 25 01 10 02
-1.39890134E-01 2021 01 25 01 15 02
-2.13712118E-01 2021 01 25 01 20 02
-2.19955839E-01 2021 01 25 01 25 02
-1.66389089E-01 2021 01 25 01 30 02
-2.60400873E-01 2021 01 25 01 35 02
-1.73693655E-01 2021 01 25 01 40 02
-1.21830277E-01 2021 01 25 01 45 02
-1.79915549E-01 2021 01 25 01 50 03
-1.58328651E-01 2021 01 25 01 55 02
-1.24566595E-01 2021 01 25 02 00 02
-3.13737050E-01 2021 01 25 02 05 02
-2.47512641E-01 2021 01 25 02 10 02
-1.41152622E-01 2021 01 25 02 15 03
-1.56333916E-01 2021 01 25 02 20 02
-1.15289825E-01 2021 01 25 02 25 02
-6.01252857E-02 2021 01 25 02 30 02
-8.31404730E-02 2021 01 25 02 35 02
-3.67707002E-02 2021 01 25 02 40 02
-1.29783194E-01 2021 01 25 02 45 02
-1.11023409E-01 2021 01 25 02 50 02
-1.12110199E-01 2021 01 25 02 55 02
-7.98342335E-02 2021 01 25 03 00 02
-8.57203497E-02 2021 01 25 03 05 02
-7.53804228E-02 2021 01 25 03 10 02
-6.93507672E-02 2021 01 25 03 15 02
-1.45444904E-02 2021 01 25 03 20 02
+1.81833988E-01 2021 01 25 03 25 02
+1.92433375E-01 2021 01 25 03 30 02
+3.74214823E-01 2021 01 25 03 35 02
+3.61358562E-01 2021 01 25 03 40 03
+2.31838489E-01 2021 01 25 03 45 02
+1.56352086E-01 2021 01 25 03 50 02
+7.67550729E-02 2021 01 25 03 55 02
-1.24575604E-03 2021 01 25 04 00 02
-6.09207040E-02 2021 01 25 04 05 02
-1.32339244E-01 2021 01 25 04 10 02
-1.37341537E-01 2021 01 25 04 15 02
-1.14100159E-01 2021 01 25 04 20 02
-1.99934648E-02 2021 01 25 04 25 02
-5.14544943E-02 2021 01 25 04 30 02
-3.49741081E-02 2021 01 25 04 35 02
-4.44934268E-02 2021 01 25 04 40 02
-7.32679385E-02 2021 01 25 04 45 02
-5.56655254E-02 2021 01 25 04 50 02
-3.83344717E-02 2021 01 25 04 55 02
+1.01541722E-02 2021 01 25 05 00 02
+1.43494274E-02 2021 01 25 05 05 03
-2.49289770E-02 2021 01 25 05 10 02
-1.11780632E-01 2021 01 25 05 15 02
-1.44722403E-01 2021 01 25 05 20 02
-1.09053974E-01 2021 01 25 05 25 02
+2.23763141E-02 2021 01 25 05 30 02
-2.03248783E-01 2021 01 25 05 35 02
-2.38484988E-02 2021 01 25 05 40 02
-4.49470591E-02 2021 01 25 05 45 02
-7.28177438E-02 2021 01 25 05 50 02
-1.84436773E-01 2021 01 25 05 55 02
-6.86991737E-02 2021 01 25 06 00 02
-9.59488541E-02 2021 01 25 06 05 02
-4.13431847E-02 2021 01 25 06 10 02
+4.17438270E-02 2021 01 25 06 15 02
-3.99267605E-02 2021 01 25 06 20 02
-9.73149210E-02 2021 01 25 06 25 02
-7.26446753E-02 2021 01 25 06 30 03
-6.67580119E-02 2021 01 25 06 35 02
-2.01733864E-01 2021 01 25 06 40 02
-2.17950976E-01 2021 01 25 06 45 02
-1.86837485E-01 2021 01 25 06 50 02
-1.97241639E-01 2021 01 25 06 55 03
-1.05637313E-01 2021 01 25 07 00 02
-1.72631695E-01 2021 01 25 07 05 02
-2.77819417E-01 2021 01 25 07 10 02
-2.65673848E-01 2021 01 25 07 15 02
-1.21162038E-01 2021 01 25 07 20 02
-1.31566989E-01 2021 01 25 07 25 02
-2.06522584E-01 2021 01 25 07 30 02
-1.92251264E-01 2021 01 25 07 35 02
-1.84410379E-01 2021 01 25 07 40 02
-1.62025530E-01 2021 01 25 07 45 02
-2.25842784E-01 2021 01 25 07 50 02
-2.39534228E-01 2021 01 25 07 55 03
-2.07060756E-01 2021 01 25 08 00 02
-3.13391070E-01 2021 01 25 08 05 02
-2.79702238E-01 2021 01 25 08 10 02
-1.75691618E-01 2021 01 25 08 15 02
-2.70806580E-01 2021 01 25 08 20 03
-1.69595270E-01 2021 01 25 08 25 02
-5.48235104E-02 2021 01 25 08 30 02
-2.68437588E-01 2021 01 25 08 35 02
-2.48978816E-01 2021 01 25 08 40 02
-3.08205428E-01 2021 01 25 08 45 02
-1.92517175E-01 2021 01 25 08 50 02
-2.59358962E-01 2021 01 25 08 55 02
-2.63148380E-01 2021 01 25 09 00 02
-3.23297853E-01 2021 01 25 09 05 02
-2.98649735E-01 2021 01 25 09 10 02
-3.91118117E-01 2021 01 25 09 15 02
-3.24588661E-01 2021 01 25 09 20 03
-3.30688601E-01 2021 01 25 09 25 02
-3.91991083E-01 2021 01 25 09 30 02
-4.05291268E-01 2021 01 25 09 35 02
-3.51552003E-01 2021 01 25 09 40 02
-4.25250573E-01 2021 01 25 09 45 03
-3.84749430E-01 2021 01 25 09 50 02
-4.51062099E-01 2021 01 25 09 55 02
-5.82097875E-01 2021 01 25 10 00 02
-4.47038019E-01 2021 01 25 10 05 02
-4.98572337E-01 2021 01 25 10 10 03
-5.13131166E-01 2021 01 25 10 15 02
-4.04396771E-01 2021 01 25 10 20 02
-5.74081705E-01 2021 01 25 10 25 02
-4.86764142E-01 2021 01 25 10 30 02
-5.26942871E-01 2021 01 25 10 35 02
-4.76334736E-01 2021 01 25 10 40 02
-4.36546824E-01 2021 01 25 10 45 02
-3.53908282E-01 2021 01 25 10 50 02
-4.35264700E-01 2021 01 25 10 55 02
-4.21919310E-01 2021 01 25 11 00 02
-4.10418953E-01 2021 01 25 11 05 02
-4.31170754E-01 2021 01 25 11 10 02
-3.70630773E-01 2021 01 25 11 15 02
-3.18778712E-01 2021 01 25 11 20 02
-2.78711813E-01 2021 01 25 11 25 02
-3.46526263E-01 2021 01 25 11 30 02
-5.55560726E-01 2021 01 25 11 35 03
-3.99106413E-01 2021 01 25 11 40 02
-4.66642205E-01 2021 01 25 11 45 02
-3.65729975E-01 2021 01 25 11 50 02
-3.22970383E-01 2021 01 25 11 55 02
-3.68963613E-01 2021 01 25 12 00 02
-4.56100815E-01 2021 01 25 12 05 02
-4.86301492E-01 2021 01 25 12 10 02
-4.23034600E-01 2021 01 25 12 15 02
-3.84618798E-01 2021 01 25 12 20 02
-4.11549761E-01 2021 01 25 12 25 02
-3.46519978E-01 2021 01 25 12 30 02
-3.07719966E-01 2021 01 25 12 35 02
-4.49185332E-01 2021 01 25 12 40 02
-3.86467663E-01 2021 01 25 12 45 02
-3.57333084E-01 2021 01 25 12 50 02
-5.33647017E-01 2021 01 25 12 55 02
-3.77520961E-01 2021 01 25 13 00 03
-3.52643428E-01 2021 01 25 13 05 02
-5.06418261E-01 2021 01 25 13 10 02
-4.87224220E-01 2021 01 25 13 15 02
-3.98966343E-01 2021 01 25 13 20 02
-4.26558597E-01 2021 01 25 13 25 03
-3.81872164E-01 2021 01 25 13 30 02
-3.88458989E-01 2021 01 25 13 35 02
-3.97002870E-01 2021 01 25 13 40 02
-2.92339374E-01 2021 01 25 13 45 02
-3.80800922E-01 2021 01 25 13 50 02
-3.62849195E-01 2021 01 25 13 55 02
-3.73273661E-01 2021 01 25 14 00 02
-3.38625465E-01 2021 01 25 14 05 02
-3.74018878E-01 2021 01 25 14 10 02
-3.85781482E-01 2021 01 25 14 15 02
-2.76248886E-01 2021 01 25 14 20 02
-2.69879705E-01 2021 01 25 14 25 02
-3.18884647E-01 2021 01 25 14 30 02
-3.21117776E-01 2021 01 25 14 35 02
-4.09798824E-01 2021 01 25 14 40 02
-3.83083203E-01 2021 01 25 14 45 02
-3.62296000E-01 2021 01 25 14 50 03
-2.88625145E-01 2021 01 25 14 55 02
-9.82481644E-02 2021 01 25 15 00 02
-1.67484221E-01 2021 01 25 15 05 02
-3.18421288E-01 2021 01 25 15 10 02
-4.74110200E-01 2021 01 25 15 15 03
-4.78729405E-01 2021 01 25 15 20 02
-4.12946215E-01 2021 01 25 15 25 02
-1.86787181E-01 2021 01 25 15 30 02
-4.25726067E-01 2021 01 25 15 35 02
-5.91756496E-01 2021 01 25 15 40 02
-5.30789028E-01 2021 01 25 15 45 02
-5.55704619E-01 2021 01 25 15 50 02
-4.04287533E-01 2021 01 25 15 55 02
-4.03896473E-01 2021 01 25 16 00 02
-4.61118560E-01 2021 01 25 16 05 02
-4.43774839E-01 2021 01 25 16 10 02
-6.17815979E-01 2021 01 25 16 15 03
-4.34132602E-01 2021 01 25 16 20 02
-5.77986222E-01 2021 01 25 16 25 02
-4.95993289E-01 2021 01 25 16 30 02
-5.53717314E-01 2021 01 25 16 35 02
-6.31510109E-01 2021 01 25 16 40 02
-6.09568273E-01 2021 01 25 16 45 02
-5.43470364E-01 2021 01 25 16 50 02
-5.29878784E-01 2021 01 25 16 55 02
-4.72788899E-01 2021 01 25 17 00 02
-2.37595682E-01 2021 01 25 17 05 02
-5.08230807E-01 2021 01 25 17 10 02
-6.19280023E-01 2021 01 25 17 15 03
-6.17269830E-01 2021 01 25 17 20 02
-5.88343015E-01 2021 01 25 17 25 02
-5.45462086E-01 2021 01 25 17 30 02
-5.76714551E-01 2021 01 25 17 35 02
-4.99584062E-01 2021 01 25 17 40 03
-2.34159262E-01 2021 01 25 17 45 02
-2.40695606E-01 2021 01 25 17 50 02
-4.24834437E-01 2021 01 25 17 55 02
-4.06114565E-01 2021 01 25 18 00 02
-4.65764438E-01 2021 01 25 18 05 02
-3.89062972E-01 2021 01 25 18 10 02
-4.43596489E-01 2021 01 25 18 15 03
-5.39614015E-01 2021 01 25 18 20 02
-6.28626505E-01 2021 01 25 18 25 03
-4.51459653E-01 2021 01 25 18 30 02
-5.29555911E-01 2021 01 25 18 35 03
-4.03242787E-01 2021 01 25 18 40 02
-5.96853550E-01 2021 01 25 18 45 03
-6.41310802E-01 2021 01 25 18 50 02
-5.96961112E-01 2021 01 25 18 55 03
-3.54069985E-01 2021 01 25 19 00 02
-6.17892526E-01 2021 01 25 19 05 03
-7.80780966E-01 2021 01 25 19 10 02
-5.93575942E-01 2021 01 25 19 15 02
-5.22257634E-01 2021 01 25 19 20 02
-3.88847453E-01 2021 01 25 19 25 02
-4.03514286E-01 2021 01 25 19 30 02
-4.80494757E-01 2021 01 25 19 35 02
-4.75897566E-01 2021 01 25 19 40 02
-5.53867056E-01 2021 01 25 19 45 02
-6.68537183E-01 2021 01 25 19 50 02
-5.44645710E-01 2021 01 25 19 55 02
-5.20325865E-01 2021 01 25 20 00 02
-5.59643314E-01 2021 01 25 20 05 02
-4.55750438E-01 2021 01 25 20 10 02
-4.99439057E-01 2021 01 25 20 15 02
-5.13000764E-01 2021 01 25 20 20 02
-5.54900671E-01 2021 01 25 20 25 02
-5.99773611E-01 2021 01 25 20 30 03
-3.85621803E-01 2021 01 25 20 35 02
-4.82298459E-01 2021 01 25 20 40 02
-4.46130210E-01 2021 01 25 20 45 02
-4.69237897E-01 2021 01 25 20 50 02
-4.36170536E-01 2021 01 25 20 55 02
-3.80972270E-01 2021 01 25 21 00 02
-5.40176459E-01 2021 01 25 21 05 02
-5.91773297E-01 2021 01 25 21 10 02
-6.62814028E-01 2021 01 25 21 15 02
-5.96606196E-01 2021 01 25 21 20 02
-7.15993028E-01 2021 01 25 21 25 02
-6.46976459E-01 2021 01 25 21 30 03
-6.48995142E-01 2021 01 25 21 35 02
-6.27987569E-01 2021 01 25 21 40 02
-7.78093530E-01 2021 01 25 21 45 02
-6.61777508E-01 2021 01 25 21 50 02
-7.26690176E-01 2021 01 25 21 55 03
-7.85764657E-01 2021 01 25 22 00 02
-6.95205829E-01 2021 01 25 22 05 02
-8.95307492E-01 2021 01 25 22 10 02
-7.42465402E-01 2021 01 25 22 15 02
-6.52609184E-01 2021 01 25 22 20 02
-6.14349718E-01 2021 01 25 22 25 02
-7.49815036E-01 2021 01 25 22 30 02
-7.79019744E-01 2021 01 25 22 35 02
-8.32659579E-01 2021 01 25 22 40 02
-8.33026280E-01 2021 01 25 22 45 02
-8.96477823E-01 2021 01 25 22 50 02
-7.72770092E-01 2021 01 25 22 55 03
-8.06832566E-01 2021 01 25 23 00 02
-7.67672918E-01 2021 01 25 23 05 02
-9.09585222E-01 2021 01 25 23 10 02
-9.03583313E-01 2021 01 25 23 15 02
-8.89611795E-01 2021 01 25 23 20 02
-8.83286580E-01 2021 01 25 23 25 02
-6.77029458E-01 2021 01 25 23 30 02
-6.98932987E-01 2021 01 25 23 35 02
-6.50569343E-01 2021 01 25 23 40 02
-6.46601011E-01 2021 01 25 23 45 02
-7.20503628E-01 2021 01 25 23 50 02
-7.59499576E-01 2021 01 25 23 55 02
