-2.88756319E-01 2021 01 09 00 00 02
-2.28774463E-01 2021 01 09 00 05 02
-2.00523163E-01 2021 01 09 00 10 02
-1.94780693E-01 2021 01 09 00 15 02
-1.75993699E-01 2021 01 09 00 20 02
-1.48431046E-01 2021 01 09 00 25 02
-1.58243666E-01 2021 01 09 00 30 02
-1.23373594E-01 2021 01 09 00 35 02
-1.06191335E-01 2021 01 09 00 40 02
-1.16867017E-01 2021 01 09 00 45 02
-2.05050931E-02 2021 01 09 00 50 03
-3.16766681E-02 2021 01 09 00 55 02
-6.45947451E-03 2021 01 09 01 00 02
-1.40404818E-02 2021 01 09 01 05 02
+4.68652910E-03 2021 01 09 01 10 02
-5.21558744E-03 2021 01 09 01 15 02
+7.15039769E-03 2021 01 09 01 20 02
+8.09488486E-03 2021 01 09 01 25 02
+1.89552147E-02 2021 01 09 01 30 02
+2.64404997E-02 2021 01 09 01 35 02
+2.32855373E-02 2021 01 09 01 40 02
+8.58297139E-02 2021 01 09 01 45 02
+8.82673647E-02 2021 01 09 01 50 03
+1.24815846E-01 2021 01 09 01 55 02
+1.30183223E-01 2021 01 09 02 00 02
+1.05177813E-01 2021 01 09 02 05 02
+9.02858816E-02 2021 01 09 02 10 02
+7.82840636E-02 2021 01 09 02 15 03
+8.34507258E-02 2021 01 09 02 20 02
+8.32234027E-02 2021 01 09 02 25 02
+6.46008571E-02 2021 01 09 02 30 02
+1.11594859E-01 2021 01 09 02 35 02
+1.53165597E-01 2021 01 09 02 40 02
+1.53149330E-01 2021 01 09 02 45 02
+1.52061192E-01 2021 01 09 02 50 02
+1.26728848E-01 2021 01 09 02 55 02
+1.56404581E-01 2021 01 09 03 00 02
+1.78031249E-01 2021 01 09 03 05 02
+1.95439614E-01 2021 01 09 03 10 02
+1.90113275E-01 2021 01 09 03 15 03
+1.70432968E-01 2021 01 09 03 20 02
+1.55245169E-01 2021 01 09 03 25 02
+1.56354233E-01 2021 01 09 03 30 02
+1.99526842E-01 2021 01 09 03 35 02
+1.92665113E-01 2021 01 09 03 40 02
+1.57020950E-01 2021 01 09 03 45 02
+1.36259539E-01 2021 01 09 03 50 02
+1.35454579E-01 2021 01 09 03 55 02
+1.39710930E-01 2021 01 09 04 00 02
+1.17364371E-01 2021 01 09 04 05 02
+1.37085482E-01 2021 01 09 04 10 02
+1.29751332E-01 2021 01 09 04 15 03
+1.06821637E-01 2021 01 09 04 20 02
+1.07022730E-01 2021 01 09 04 25 02
+8.08995406E-02 2021 01 09 04 30 02
+7.90360012E-02 2021 01 09 04 35 02
+9.31800508E-02 2021 01 09 04 40 02
+4.83089987E-02 2021 01 09 04 45 02
+3.04764410E-02 2021 01 09 04 50 02
+1.69148312E-02 2021 01 09 04 55 02
+3.68215121E-02 2021 01 09 05 00 02
+1.57605211E-02 2021 01 09 05 05 02
+1.93094662E-02 2021 01 09 05 10 02
+5.48739521E-03 2021 01 09 05 15 02
+2.14434890E-02 2021 01 09 05 20 02
-4.14743351E-02 2021 01 09 05 25 02
-2.31723307E-02 2021 01 09 05 30 02
-3.89863307E-02 2021 01 09 05 35 02
-4.46486875E-02 2021 01 09 05 40 03
-6.71915644E-02 2021 01 09 05 45 02
-1.01226966E-01 2021 01 09 05 50 02
-1.19479454E-01 2021 01 09 05 55 02
-1.41981839E-01 2021 01 09 06 00 02
-1.57926079E-01 2021 01 09 06 05 02
-1.56994316E-01 2021 01 09 06 10 02
-1.63845271E-01 2021 01 09 06 15 02
-2.33226977E-01 2021 01 09 06 20 02
-1.88190787E-01 2021 01 09 06 25 02
-2.47840798E-01 2021 01 09 06 30 02
-2.38090766E-01 2021 01 09 06 35 02
-2.96189191E-01 2021 01 09 06 40 02
-3.00427262E-01 2021 01 09 06 45 02
-3.43432006E-01 2021 01 09 06 50 02
-3.06636498E-01 2021 01 09 06 55 02
-3.79488253E-01 2021 01 09 07 00 02
-3.93092125E-01 2021 01 09 07 05 03
-3.95303800E-01 2021 01 09 07 10 02
-4.57366678E-01 2021 01 09 07 15 02
-4.01163491E-01 2021 01 09 07 20 02
-4.38923477E-01 2021 01 09 07 25 02
-4.54908792E-01 2021 01 09 07 30 02
-4.48757746E-01 2021 01 09 07 35 02
-4.41806537E-01 2021 01 09 07 40 02
-4.60737006E-01 2021 01 09 07 45 02
-5.97404979E-01 2021 01 09 07 50 02
-5.63083817E-01 2021 01 09 07 55 02
-6.03995060E-01 2021 01 09 08 00 02
-6.45991339E-01 2021 01 09 08 05 02
-6.54478393E-01 2021 01 09 08 10 02
-7.03916391E-01 2021 01 09 08 15 02
-6.48880111E-01 2021 01 09 08 20 02
-7.05722492E-01 2021 01 09 08 25 02
-7.16069364E-01 2021 01 09 08 30 03
-7.26511668E-01 2021 01 09 08 35 02
-8.64276277E-01 2021 01 09 08 40 02
-8.66875929E-01 2021 01 09 08 45 02
-8.04195570E-01 2021 01 09 08 50 02
-7.81195682E-01 2021 01 09 08 55 03
-8.30859994E-01 2021 01 09 09 00 02
-8.18314959E-01 2021 01 09 09 05 02
-8.43168109E-01 2021 01 09 09 10 02
-8.91823433E-01 2021 01 09 09 15 02
-8.50047813E-01 2021 01 09 09 20 02
-8.79614056E-01 2021 01 09 09 25 02
-7.94025789E-01 2021 01 09 09 30 02
-7.83982836E-01 2021 01 09 09 35 02
-8.12417174E-01 2021 01 09 09 40 02
-8.30637327E-01 2021 01 09 09 45 02
-8.66791006E-01 2021 01 09 09 50 02
-8.94679621E-01 2021 01 09 09 55 03
-8.47083223E-01 2021 01 09 10 00 02
-7.61742120E-01 2021 01 09 10 05 02
-7.85940928E-01 2021 01 09 10 10 02
-7.59161249E-01 2021 01 09 10 15 02
-7.68493486E-01 2021 01 09 10 20 02
-8.24602932E-01 2021 01 09 10 25 02
-7.38815346E-01 2021 01 09 10 30 02
-7.15624586E-01 2021 01 09 10 35 02
-6.50148794E-01 2021 01 09 10 40 02
-6.37870608E-01 2021 01 09 10 45 02
-7.47777244E-01 2021 01 09 10 50 02
-5.23173557E-01 2021 01 09 10 55 03
-5.30935621E-01 2021 01 09 11 00 02
-4.51747022E-01 2021 01 09 11 05 02
-4.09729964E-01 2021 01 09 11 10 02
-3.76295478E-01 2021 01 09 11 15 02
-3.66369584E-01 2021 01 09 11 20 03
-3.25983407E-01 2021 01 09 11 25 02
-2.98520434E-01 2021 01 09 11 30 02
-3.70729349E-01 2021 01 09 11 35 02
-2.63257300E-01 2021 01 09 11 40 02
-3.17271748E-01 2021 01 09 11 45 02
-2.12132918E-01 2021 01 09 11 50 02
-2.71020939E-01 2021 01 09 11 55 02
-2.80939243E-01 2021 01 09 12 00 02
-2.37175687E-01 2021 01 09 12 05 02
-3.01808879E-01 2021 01 09 12 10 02
-2.51292419E-01 2021 01 09 12 15 02
-2.41998946E-01 2021 01 09 12 20 03
-2.24843794E-01 2021 01 09 12 25 02
-2.26380014E-01 2021 01 09 12 30 02
-2.99351634E-01 2021 01 09 12 35 02
-2.28487022E-01 2021 01 09 12 40 02
-2.29384031E-01 2021 01 09 12 45 02
-3.84760420E-01 2021 01 09 12 50 02
-3.41330891E-01 2021 01 09 12 55 02
-3.14365039E-01 2021 01 09 13 00 02
-3.68826367E-01 2021 01 09 13 05 02
-2.51776263E-01 2021 01 09 13 10 02
-1.73042698E-01 2021 01 09 13 15 02
-2.76565949E-01 2021 01 09 13 20 03
-1.83173733E-01 2021 01 09 13 25 02
-1.98117021E-01 2021 01 09 13 30 02
-2.69982014E-01 2021 01 09 13 35 02
-2.16061016E-01 2021 01 09 13 40 02
-1.51276575E-01 2021 01 09 13 45 03
-1.72566210E-01 2021 01 09 13 50 02
-1.59101865E-01 2021 01 09 13 55 02
-2.40887941E-01 2021 01 09 14 00 02
-2.59812440E-01 2021 01 09 14 05 02
-2.32296103E-01 2021 01 09 14 10 03
-1.74769562E-01 2021 01 09 14 15 02
-1.97842270E-01 2021 01 09 14 20 02
-2.00206588E-01 2021 01 09 14 25 02
-8.43063522E-02 2021 01 09 14 30 02
-1.37144183E-01 2021 01 09 14 35 02
-1.64575061E-01 2021 01 09 14 40 02
-1.30244581E-01 2021 01 09 14 45 03
-1.53684867E-01 2021 01 09 14 50 02
-2.46107096E-01 2021 01 09 14 55 02
-2.21540836E-01 2021 01 09 15 00 02
-2.18680006E-01 2021 01 09 15 05 02
-2.38393648E-01 2021 01 09 15 10 03
-2.35428239E-01 2021 01 09 15 15 02
-2.51864064E-01 2021 01 09 15 20 02
-3.26959320E-01 2021 01 09 15 25 02
-2.67142546E-01 2021 01 09 15 30 02
-3.18823585E-01 2021 01 09 15 35 03
-3.21530087E-01 2021 01 09 15 40 02
-3.15146581E-01 2021 01 09 15 45 02
-3.56198346E-01 2021 01 09 15 50 02
-3.71117927E-01 2021 01 09 15 55 02
-3.39366841E-01 2021 01 09 16 00 03
-3.35814125E-01 2021 01 09 16 05 02
-4.24195350E-01 2021 01 09 16 10 02
-3.87931574E-01 2021 01 09 16 15 02
-4.27469348E-01 2021 01 09 16 20 02
-5.37928200E-01 2021 01 09 16 25 02
-5.20710576E-01 2021 01 09 16 30 02
-4.67508613E-01 2021 01 09 16 35 02
-4.96271123E-01 2021 01 09 16 40 02
-5.73365284E-01 2021 01 09 16 45 02
-5.38478691E-01 2021 01 09 16 50 02
-5.27570394E-01 2021 01 09 16 55 02
-6.12527433E-01 2021 01 09 17 00 03
-5.05825948E-01 2021 01 09 17 05 02
-5.92440859E-01 2021 01 09 17 10 02
-5.74501918E-01 2021 01 09 17 15 02
-5.44850499E-01 2021 01 09 17 20 02
-6.57553953E-01 2021 01 09 17 25 02
-6.24132944E-01 2021 01 09 17 30 02
-6.69468599E-01 2021 01 09 17 35 02
-6.44106961E-01 2021 01 09 17 40 02
-6.43315523E-01 2021 01 09 17 45 02
-5.89680227E-01 2021 01 09 17 50 02
-6.41909565E-01 2021 01 09 17 55 02
-6.79492828E-01 2021 01 09 18 00 02
-6.64433873E-01 2021 01 09 18 05 02
-7.00149880E-01 2021 01 09 18 10 02
-6.81565734E-01 2021 01 09 18 15 02
-6.82686891E-01 2021 01 09 18 20 02
-6.74427057E-01 2021 01 09 18 25 03
-7.44429376E-01 2021 01 09 18 30 02
-6.91322393E-01 2021 01 09 18 35 02
-6.82903114E-01 2021 01 09 18 40 02
-7.57834648E-01 2021 01 09 18 45 02
-7.06183403E-01 2021 01 09 18 50 02
-7.11864353E-01 2021 01 09 18 55 02
-7.28980594E-01 2021 01 09 19 00 02
-7.35933585E-01 2021 01 09 19 05 02
-7.26051997E-01 2021 01 09 19 10 02
-7.76067296E-01 2021 01 09 19 15 02
-7.77809846E-01 2021 01 09 19 20 02
-7.78017728E-01 2021 01 09 19 25 03
-7.72150735E-01 2021 01 09 19 30 02
-8.11002113E-01 2021 01 09 19 35 02
-7.44445024E-01 2021 01 09 19 40 02
-8.72055423E-01 2021 01 09 19 45 02
-8.00351123E-01 2021 01 09 19 50 03
-7.55746855E-01 2021 01 09 19 55 02
-7.90852707E-01 2021 01 09 20 00 02
-8.42184540E-01 2021 01 09 20 05 02
-8.36401663E-01 2021 01 09 20 10 02
-8.57123690E-01 2021 01 09 20 15 02
-8.44749642E-01 2021 01 09 20 20 02
-8.71008333E-01 2021 01 09 20 25 02
-8.64121911E-01 2021 01 09 20 30 02
-8.28519599E-01 2021 01 09 20 35 02
-8.29655021E-01 2021 01 09 20 40 02
-8.46514032E-01 2021 01 09 20 45 02
-8.80376930E-01 2021 01 09 20 50 02
-8.24730430E-01 2021 01 09 20 55 02
-8.63212380E-01 2021 01 09 21 00 02
-8.60548265E-01 2021 01 09 21 05 02
-8.18234318E-01 2021 01 09 21 10 02
-7.86536345E-01 2021 01 09 21 15 02
-7.94775544E-01 2021 01 09 21 20 02
-7.93588769E-01 2021 01 09 21 25 02
-8.24751734E-01 2021 01 09 21 30 02
-8.19206032E-01 2021 01 09 21 35 02
-8.24529086E-01 2021 01 09 21 40 03
-8.19479050E-01 2021 01 09 21 45 02
-7.61122554E-01 2021 01 09 21 50 02
-7.44890877E-01 2021 01 09 21 55 02
-6.97851186E-01 2021 01 09 22 00 02
-7.78504446E-01 2021 01 09 22 05 03
-7.98660186E-01 2021 01 09 22 10 02
-7.25406771E-01 2021 01 09 22 15 02
-7.67628048E-01 2021 01 09 22 20 02
-7.92088865E-01 2021 01 09 22 25 02
-7.56545926E-01 2021 01 09 22 30 02
-7.46475112E-01 2021 01 09 22 35 02
-7.16928603E-01 2021 01 09 22 40 03
-7.32201982E-01 2021 01 09 22 45 02
-7.35707725E-01 2021 01 09 22 50 02
-6.64440889E-01 2021 01 09 22 55 02
-6.44025505E-01 2021 01 09 23 00 02
-6.30584158E-01 2021 01 09 23 05 03
-5.96864463E-01 2021 01 09 23 10 02
-5.85045901E-01 2021 01 09 23 15 02
-5.67789510E-01 2021 01 09 23 20 02
-5.68327374E-01 2021 01 09 23 25 02
-5.78728652E-01 2021 01 09 23 30 02
-5.16169216E-01 2021 01 09 23 35 02
-5.30857962E-01 2021 01 09 23 40 02
-5.12981424E-01 2021 01 09 23 45 02
-4.92297043E-01 2021 01 09 23 50 02
-4.15618882E-01 2021 01 09 23 55 02
