-4.21902166E-01 2021 02 25 00 00 03
-6.32239244E-01 2021 02 25 00 05 02
-5.55738216E-01 2021 02 25 00 10 02
-5.54334034E-01 2021 02 25 00 15 02
-5.82683834E-01 2021 02 25 00 20 03
-5.94102700E-01 2021 02 25 00 25 02
-6.30561492E-01 2021 02 25 00 30 02
-6.37132509E-01 2021 02 25 00 35 02
-5.48684146E-01 2021 02 25 00 40 02
-6.90046736E-01 2021 02 25 00 45 03
-7.60637953E-01 2021 02 25 00 50 02
-6.76159708E-01 2021 02 25 00 55 02
-6.08782492E-01 2021 02 25 01 00 02
-6.11934401E-01 2021 02 25 01 05 02
-5.92217009E-01 2021 02 25 01 10 02
-4.66169263E-01 2021 02 25 01 15 02
-5.23629131E-01 2021 02 25 01 20 02
-5.23017056E-01 2021 02 25 01 25 02
-5.24685223E-01 2021 02 25 01 30 02
-4.29982495E-01 2021 02 25 01 35 02
-4.23659760E-01 2021 02 25 01 40 02
-3.88475149E-01 2021 02 25 01 45 03
-3.91932155E-01 2021 02 25 01 50 02
-4.67372932E-01 2021 02 25 01 55 02
-4.33832357E-01 2021 02 25 02 00 02
-3.29466740E-01 2021 02 25 02 05 02
-2.92436267E-01 2021 02 25 02 10 03
-3.32862604E-01 2021 02 25 02 15 02
-3.15687379E-01 2021 02 25 02 20 02
-4.76318178E-01 2021 02 25 02 25 02
-2.98415920E-01 2021 02 25 02 30 02
-1.13110175E-01 2021 02 25 02 35 02
-2.70407765E-01 2021 02 25 02 40 02
-1.11667798E-01 2021 02 25 02 45 02
-8.95804571E-02 2021 02 25 02 50 02
-2.04037619E-01 2021 02 25 02 55 02
-9.27471774E-02 2021 02 25 03 00 02
-4.77760468E-02 2021 02 25 03 05 02
-3.44692227E-02 2021 02 25 03 10 02
+1.48222253E-01 2021 02 25 03 15 02
+1.41430191E-01 2021 02 25 03 20 02
+7.50113534E-02 2021 02 25 03 25 02
+5.92292050E-03 2021 02 25 03 30 02
-1.51799044E-01 2021 02 25 03 35 03
-8.27200208E-02 2021 02 25 03 40 02
-1.84641766E-01 2021 02 25 03 45 02
-2.19757529E-01 2021 02 25 03 50 02
-3.59516935E-01 2021 02 25 03 55 02
-3.53924240E-01 2021 02 25 04 00 03
-3.95719473E-01 2021 02 25 04 05 02
-4.36804064E-01 2021 02 25 04 10 02
-2.89120575E-01 2021 02 25 04 15 02
-1.53396584E-01 2021 02 25 04 20 02
-7.75720594E-02 2021 02 25 04 25 02
-5.77617493E-02 2021 02 25 04 30 02
+3.77127690E-02 2021 02 25 04 35 02
+2.98268305E-01 2021 02 25 04 40 02
+2.12035618E-01 2021 02 25 04 45 02
+2.22735226E-01 2021 02 25 04 50 02
+3.34016704E-01 2021 02 25 04 55 02
+3.20881442E-01 2021 02 25 05 00 02
+5.85870422E-01 2021 02 25 05 05 02
+8.69236913E-01 2021 02 25 05 10 02
+7.78768361E-01 2021 02 25 05 15 02
+7.54345118E-01 2021 02 25 05 20 02
+6.34971444E-01 2021 02 25 05 25 03
+6.21610159E-01 2021 02 25 05 30 02
+5.21977811E-01 2021 02 25 05 35 02
+5.48095872E-01 2021 02 25 05 40 02
+4.50581103E-01 2021 02 25 05 45 02
+4.99933070E-01 2021 02 25 05 50 03
+3.93055707E-01 2021 02 25 05 55 02
+3.33254959E-01 2021 02 25 06 00 02
+3.06655862E-01 2021 02 25 06 05 02
+1.55841425E-01 2021 02 25 06 10 02
+1.61437905E-01 2021 02 25 06 15 02
+1.11705312E-01 2021 02 25 06 20 02
+1.29831901E-01 2021 02 25 06 25 02
+6.07631695E-02 2021 02 25 06 30 02
+5.77495724E-02 2021 02 25 06 35 02
+7.32952514E-02 2021 02 25 06 40 02
+5.64818561E-02 2021 02 25 06 45 02
+4.37988630E-02 2021 02 25 06 50 02
-8.10631429E-02 2021 02 25 06 55 02
-2.84724960E-03 2021 02 25 07 00 02
-2.27998457E-02 2021 02 25 07 05 02
+9.95878870E-03 2021 02 25 07 10 02
+4.43713894E-02 2021 02 25 07 15 03
+1.10450657E-01 2021 02 25 07 20 02
+1.08268649E-01 2021 02 25 07 25 02
+1.29620227E-02 2021 02 25 07 30 02
+8.32013311E-02 2021 02 25 07 35 02
-4.25321156E-02 2021 02 25 07 40 02
-7.20488407E-02 2021 02 25 07 45 02
-1.78668984E-01 2021 02 25 07 50 02
-2.74173660E-01 2021 02 25 07 55 02
-2.40319847E-01 2021 02 25 08 00 02
-3.91617066E-01 2021 02 25 08 05 02
-4.48447506E-01 2021 02 25 08 10 02
-4.31846030E-01 2021 02 25 08 15 02
-2.56465573E-01 2021 02 25 08 20 02
-3.04592452E-01 2021 02 25 08 25 02
-3.31392509E-01 2021 02 25 08 30 02
-3.69572103E-01 2021 02 25 08 35 02
-5.01116918E-01 2021 02 25 08 40 03
-5.06782362E-01 2021 02 25 08 45 02
-6.31351027E-01 2021 02 25 08 50 02
-6.28522890E-01 2021 02 25 08 55 02
-4.43346568E-01 2021 02 25 09 00 02
-5.40415295E-01 2021 02 25 09 05 03
-4.48044452E-01 2021 02 25 09 10 02
-4.99700394E-01 2021 02 25 09 15 02
-4.05855197E-01 2021 02 25 09 20 02
-4.27503637E-01 2021 02 25 09 25 02
-4.70452072E-01 2021 02 25 09 30 02
-4.85935524E-01 2021 02 25 09 35 02
-4.69076399E-01 2021 02 25 09 40 02
-5.88956452E-01 2021 02 25 09 45 02
-6.50482825E-01 2021 02 25 09 50 02
-6.65449701E-01 2021 02 25 09 55 02
-7.73342724E-01 2021 02 25 10 00 02
-8.29879462E-01 2021 02 25 10 05 02
-8.40205820E-01 2021 02 25 10 10 02
-7.19106711E-01 2021 02 25 10 15 02
-7.10613159E-01 2021 02 25 10 20 02
-6.07818331E-01 2021 02 25 10 25 02
-6.58369693E-01 2021 02 25 10 30 03
-7.04381696E-01 2021 02 25 10 35 02
-7.00801085E-01 2021 02 25 10 40 02
-7.49836447E-01 2021 02 25 10 45 02
-7.18678480E-01 2021 02 25 10 50 02
-6.74968212E-01 2021 02 25 10 55 02
-6.33942533E-01 2021 02 25 11 00 02
-6.36448792E-01 2021 02 25 11 05 02
-7.17867881E-01 2021 02 25 11 10 02
-6.16863816E-01 2021 02 25 11 15 02
-6.25240002E-01 2021 02 25 11 20 02
-6.48067486E-01 2021 02 25 11 25 02
-5.86666223E-01 2021 02 25 11 30 03
-7.61452062E-01 2021 02 25 11 35 02
-7.72063412E-01 2021 02 25 11 40 02
-7.98268010E-01 2021 02 25 11 45 02
-7.98007609E-01 2021 02 25 11 50 02
-8.64529175E-01 2021 02 25 11 55 03
-7.81503731E-01 2021 02 25 12 00 02
-7.46032854E-01 2021 02 25 12 05 02
-6.97194489E-01 2021 02 25 12 10 02
-6.10337250E-01 2021 02 25 12 15 02
-7.99212103E-01 2021 02 25 12 20 02
-7.56386474E-01 2021 02 25 12 25 02
-7.23477717E-01 2021 02 25 12 30 02
-6.99245777E-01 2021 02 25 12 35 02
-7.29466157E-01 2021 02 25 12 40 02
-5.75207182E-01 2021 02 25 12 45 02
-6.37139937E-01 2021 02 25 12 50 02
-6.93254013E-01 2021 02 25 12 55 02
-5.49004265E-01 2021 02 25 13 00 02
-4.70473660E-01 2021 02 25 13 05 02
-4.06598763E-01 2021 02 25 13 10 02
-3.27263300E-01 2021 02 25 13 15 02
-3.78341681E-01 2021 02 25 13 20 03
-4.55467439E-01 2021 02 25 13 25 02
-5.60150018E-01 2021 02 25 13 30 02
-4.90078805E-01 2021 02 25 13 35 02
-4.78209807E-01 2021 02 25 13 40 02
-4.68992560E-01 2021 02 25 13 45 02
-4.30303790E-01 2021 02 25 13 50 02
-4.34164711E-01 2021 02 25 13 55 02
-4.23451982E-01 2021 02 25 14 00 02
-4.43513868E-01 2021 02 25 14 05 02
-5.01982338E-01 2021 02 25 14 10 02
-4.98917262E-01 2021 02 25 14 15 02
-4.45013897E-01 2021 02 25 14 20 03
-3.84810423E-01 2021 02 25 14 25 02
-4.42613644E-01 2021 02 25 14 30 02
-4.21151036E-01 2021 02 25 14 35 02
-5.26713927E-01 2021 02 25 14 40 02
-5.88224020E-01 2021 02 25 14 45 02
-5.33924956E-01 2021 02 25 14 50 02
-6.23038660E-01 2021 02 25 14 55 02
-6.48603773E-01 2021 02 25 15 00 02
-5.85515149E-01 2021 02 25 15 05 02
-5.20602894E-01 2021 02 25 15 10 02
-5.84305280E-01 2021 02 25 15 15 02
-5.34118984E-01 2021 02 25 15 20 03
-4.92164133E-01 2021 02 25 15 25 02
-4.71146197E-01 2021 02 25 15 30 02
-5.77653558E-01 2021 02 25 15 35 02
-4.92746928E-01 2021 02 25 15 40 02
-5.48260677E-01 2021 02 25 15 45 03
-5.66072906E-01 2021 02 25 15 50 02
-5.66934303E-01 2021 02 25 15 55 02
-4.80123774E-01 2021 02 25 16 00 02
-3.53363978E-01 2021 02 25 16 05 02
-4.27787959E-01 2021 02 25 16 10 02
-3.88634689E-01 2021 02 25 16 15 02
-3.58884514E-01 2021 02 25 16 20 02
-3.28897697E-01 2021 02 25 16 25 02
-2.32551149E-01 2021 02 25 16 30 02
-3.12622003E-01 2021 02 25 16 35 02
-3.57218463E-01 2021 02 25 16 40 02
-3.67430805E-01 2021 02 25 16 45 02
-3.83378116E-01 2021 02 25 16 50 02
-3.35150730E-01 2021 02 25 16 55 02
-3.99140613E-01 2021 02 25 17 00 02
-3.97903654E-01 2021 02 25 17 05 02
-5.23336798E-01 2021 02 25 17 10 03
-4.51211483E-01 2021 02 25 17 15 02
-4.20143121E-01 2021 02 25 17 20 02
-3.81795283E-01 2021 02 25 17 25 02
-3.57166138E-01 2021 02 25 17 30 02
-4.71187524E-01 2021 02 25 17 35 02
-5.54216319E-01 2021 02 25 17 40 02
-4.42262417E-01 2021 02 25 17 45 02
-3.97518984E-01 2021 02 25 17 50 02
-4.41792549E-01 2021 02 25 17 55 02
-4.04125229E-01 2021 02 25 18 00 02
-5.36641978E-01 2021 02 25 18 05 02
-4.95899358E-01 2021 02 25 18 10 03
-5.91641909E-01 2021 02 25 18 15 02
-5.36534284E-01 2021 02 25 18 20 02
-4.02307909E-01 2021 02 25 18 25 02
-3.48575698E-01 2021 02 25 18 30 02
-5.16217470E-01 2021 02 25 18 35 02
-4.47844701E-01 2021 02 25 18 40 02
-4.79305098E-01 2021 02 25 18 45 02
-4.77780006E-01 2021 02 25 18 50 02
-5.05597585E-01 2021 02 25 18 55 02
-3.69726618E-01 2021 02 25 19 00 02
-2.22155003E-01 2021 02 25 19 05 02
-3.44990523E-01 2021 02 25 19 10 02
-3.69793161E-01 2021 02 25 19 15 02
-4.40188053E-01 2021 02 25 19 20 02
-4.82434203E-01 2021 02 25 19 25 02
-4.33072489E-01 2021 02 25 19 30 02
-5.26421627E-01 2021 02 25 19 35 03
-5.34491186E-01 2021 02 25 19 40 02
-4.28301108E-01 2021 02 25 19 45 02
-4.24894924E-01 2021 02 25 19 50 02
-4.79463364E-01 2021 02 25 19 55 02
-4.65424338E-01 2021 02 25 20 00 03
-4.32305573E-01 2021 02 25 20 05 02
-3.64451351E-01 2021 02 25 20 10 02
-2.51943660E-01 2021 02 25 20 15 02
-2.88670693E-01 2021 02 25 20 20 02
-3.04081341E-01 2021 02 25 20 25 03
-3.83433349E-01 2021 02 25 20 30 02
-4.44602842E-01 2021 02 25 20 35 02
-5.32535383E-01 2021 02 25 20 40 02
-5.85536366E-01 2021 02 25 20 45 02
-6.47093193E-01 2021 02 25 20 50 02
-6.56849684E-01 2021 02 25 20 55 02
-6.35178286E-01 2021 02 25 21 00 02
-5.43622449E-01 2021 02 25 21 05 02
-4.90393683E-01 2021 02 25 21 10 02
-5.37133917E-01 2021 02 25 21 15 02
-5.58625857E-01 2021 02 25 21 20 02
-5.56182129E-01 2021 02 25 21 25 03
-5.59431954E-01 2021 02 25 21 30 02
-5.67463162E-01 2021 02 25 21 35 02
-6.54159877E-01 2021 02 25 21 40 02
-6.13464303E-01 2021 02 25 21 45 02
-6.55503436E-01 2021 02 25 21 50 02
-5.62894206E-01 2021 02 25 21 55 02
-7.14808306E-01 2021 02 25 22 00 02
-6.70862758E-01 2021 02 25 22 05 02
-7.45459918E-01 2021 02 25 22 10 02
-8.01949048E-01 2021 02 25 22 15 02
-8.53173543E-01 2021 02 25 22 20 02
-8.47827654E-01 2021 02 25 22 25 03
-8.09315552E-01 2021 02 25 22 30 02
-8.78166796E-01 2021 02 25 22 35 02
-8.37239737E-01 2021 02 25 22 40 02
-9.13904904E-01 2021 02 25 22 45 02
-9.13898239E-01 2021 02 25 22 50 02
-8.96228037E-01 2021 02 25 22 55 02
-9.15772575E-01 2021 02 25 23 00 02
-8.68260233E-01 2021 02 25 23 05 02
-8.73307309E-01 2021 02 25 23 10 02
-8.45082029E-01 2021 02 25 23 15 02
-8.13496151E-01 2021 02 25 23 20 02
-8.39533170E-01 2021 02 25 23 25 02
-9.48957426E-01 2021 02 25 23 30 02
-8.41838430E-01 2021 02 25 23 35 02
-8.30379647E-01 2021 02 25 23 40 02
-8.65598615E-01 2021 02 25 23 45 02
-8.56308163E-01 2021 02 25 23 50 03
-7.86251354E-01 2021 02 25 23 55 02
