-5.72804543E-01 2021 02 16 00 00 02
-7.20991855E-01 2021 02 16 00 05 02
-8.47778486E-01 2021 02 16 00 10 02
-8.15296615E-01 2021 02 16 00 15 02
-8.54231044E-01 2021 02 16 00 20 02
-8.66242614E-01 2021 02 16 00 25 02
-8.77857591E-01 2021 02 16 00 30 02
-8.66224332E-01 2021 02 16 00 35 02
-7.93773622E-01 2021 02 16 00 40 03
-8.42381191E-01 2021 02 16 00 45 02
-8.60326325E-01 2021 02 16 00 50 02
-9.22188787E-01 2021 02 16 00 55 02
-9.91911447E-01 2021 02 16 01 00 02
-9.76365898E-01 2021 02 16 01 05 02
-9.97945232E-01 2021 02 16 01 10 02
-1.00716008E+00 2021 02 16 01 15 02
-1.05651029E+00 2021 02 16 01 20 02
-1.09619103E+00 2021 02 16 01 25 02
-1.05951075E+00 2021 02 16 01 30 02
-9.86083168E-01 2021 02 16 01 35 02
-1.00588634E+00 2021 02 16 01 40 03
-1.04791191E+00 2021 02 16 01 45 02
-1.04958123E+00 2021 02 16 01 50 02
-1.10881770E+00 2021 02 16 01 55 02
-1.10757690E+00 2021 02 16 02 00 02
-1.12265341E+00 2021 02 16 02 05 03
-1.16259686E+00 2021 02 16 02 10 02
-1.15913002E+00 2021 02 16 02 15 02
-1.15726078E+00 2021 02 16 02 20 02
-1.13324498E+00 2021 02 16 02 25 02
-1.11301840E+00 2021 02 16 02 30 02
-1.07573620E+00 2021 02 16 02 35 02
-1.01930108E+00 2021 02 16 02 40 02
-9.82480297E-01 2021 02 16 02 45 02
-9.41500610E-01 2021 02 16 02 50 02
-1.01138461E+00 2021 02 16 02 55 02
-1.02214888E+00 2021 02 16 03 00 02
-9.76908437E-01 2021 02 16 03 05 02
-9.77580323E-01 2021 02 16 03 10 02
-9.99639004E-01 2021 02 16 03 15 02
-1.02743063E+00 2021 02 16 03 20 02
-9.69993581E-01 2021 02 16 03 25 02
-1.02396945E+00 2021 02 16 03 30 03
-1.10104683E+00 2021 02 16 03 35 02
-1.01985076E+00 2021 02 16 03 40 02
-9.97170772E-01 2021 02 16 03 45 02
-1.01521088E+00 2021 02 16 03 50 02
-8.69801840E-01 2021 02 16 03 55 02
-8.00399078E-01 2021 02 16 04 00 02
-7.98669503E-01 2021 02 16 04 05 02
-6.68084985E-01 2021 02 16 04 10 02
-6.57940490E-01 2021 02 16 04 15 02
-7.07072370E-01 2021 02 16 04 20 02
-7.02471846E-01 2021 02 16 04 25 02
-6.69244981E-01 2021 02 16 04 30 03
-7.05303970E-01 2021 02 16 04 35 02
-7.05450615E-01 2021 02 16 04 40 02
-6.83812529E-01 2021 02 16 04 45 02
-6.19809587E-01 2021 02 16 04 50 02
-5.92341920E-01 2021 02 16 04 55 03
-6.14571166E-01 2021 02 16 05 00 02
-6.81284501E-01 2021 02 16 05 05 02
-6.01436489E-01 2021 02 16 05 10 02
-5.05325855E-01 2021 02 16 05 15 02
-5.65945251E-01 2021 02 16 05 20 02
-5.57390121E-01 2021 02 16 05 25 02
-4.48356273E-01 2021 02 16 05 30 02
-3.96124662E-01 2021 02 16 05 35 02
-4.43053160E-01 2021 02 16 05 40 02
-4.85555956E-01 2021 02 16 05 45 02
-4.76024379E-01 2021 02 16 05 50 02
-5.64943679E-01 2021 02 16 05 55 03
-5.61120531E-01 2021 02 16 06 00 02
-5.46333419E-01 2021 02 16 06 05 02
-4.31444301E-01 2021 02 16 06 10 02
-4.47531452E-01 2021 02 16 06 15 02
-4.17275324E-01 2021 02 16 06 20 03
-3.77575542E-01 2021 02 16 06 25 02
-4.18782918E-01 2021 02 16 06 30 02
-3.82179281E-01 2021 02 16 06 35 02
-3.92081530E-01 2021 02 16 06 40 02
-3.21924131E-01 2021 02 16 06 45 02
-3.27498891E-01 2021 02 16 06 50 02
-3.34254681E-01 2021 02 16 06 55 02
-2.57455173E-01 2021 02 16 07 00 02
-2.51598567E-01 2021 02 16 07 05 02
-2.54961849E-01 2021 02 16 07 10 02
-2.60922225E-01 2021 02 16 07 15 02
-2.49552109E-01 2021 02 16 07 20 03
-1.27420842E-01 2021 02 16 07 25 02
-1.68638755E-01 2021 02 16 07 30 02
-1.63616540E-01 2021 02 16 07 35 02
-1.27375178E-01 2021 02 16 07 40 02
-2.05939310E-01 2021 02 16 07 45 03
-1.94537094E-01 2021 02 16 07 50 02
-1.09277923E-01 2021 02 16 07 55 02
-1.35863918E-01 2021 02 16 08 00 02
-1.52439764E-01 2021 02 16 08 05 02
-6.46397029E-02 2021 02 16 08 10 02
-2.49264616E-01 2021 02 16 08 15 02
-2.41645685E-01 2021 02 16 08 20 02
-2.25212559E-01 2021 02 16 08 25 02
-1.12980516E-01 2021 02 16 08 30 02
-1.85319118E-01 2021 02 16 08 35 02
-2.34922278E-01 2021 02 16 08 40 02
-2.41620325E-01 2021 02 16 08 45 02
-1.05130279E-01 2021 02 16 08 50 02
-2.44144930E-01 2021 02 16 08 55 02
-1.76405451E-01 2021 02 16 09 00 02
-2.44542071E-01 2021 02 16 09 05 02
-1.91826093E-01 2021 02 16 09 10 03
-1.70952172E-01 2021 02 16 09 15 02
-1.37385555E-01 2021 02 16 09 20 02
-2.24028485E-01 2021 02 16 09 25 02
-1.80388869E-01 2021 02 16 09 30 02
-1.64372781E-01 2021 02 16 09 35 03
-2.01501632E-01 2021 02 16 09 40 02
-1.63701064E-01 2021 02 16 09 45 02
-1.53819524E-01 2021 02 16 09 50 02
-1.87990587E-01 2021 02 16 09 55 02
-2.67169047E-01 2021 02 16 10 00 02
-1.97521607E-01 2021 02 16 10 05 02
-1.41784616E-01 2021 02 16 10 10 02
-1.83104083E-01 2021 02 16 10 15 02
-2.33961982E-01 2021 02 16 10 20 02
-1.95233491E-01 2021 02 16 10 25 02
-2.27778524E-01 2021 02 16 10 30 02
-2.98931763E-01 2021 02 16 10 35 02
-2.30762773E-01 2021 02 16 10 40 02
-3.05213118E-01 2021 02 16 10 45 02
-1.69742627E-01 2021 02 16 10 50 02
-2.62153116E-01 2021 02 16 10 55 02
-2.30113405E-01 2021 02 16 11 00 03
-1.67669185E-01 2021 02 16 11 05 02
-2.07818214E-01 2021 02 16 11 10 02
-2.90615246E-01 2021 02 16 11 15 02
-3.67778448E-01 2021 02 16 11 20 02
-2.56840474E-01 2021 02 16 11 25 02
-2.06072388E-01 2021 02 16 11 30 02
-2.28719162E-01 2021 02 16 11 35 02
-2.77995148E-01 2021 02 16 11 40 02
-4.79727431E-01 2021 02 16 11 45 02
-4.60299675E-01 2021 02 16 11 50 02
-5.18977665E-01 2021 02 16 11 55 02
-3.68700168E-01 2021 02 16 12 00 03
-3.25707917E-01 2021 02 16 12 05 02
-2.04896093E-01 2021 02 16 12 10 02
-1.14594693E-01 2021 02 16 12 15 02
-1.04648263E-01 2021 02 16 12 20 02
-1.78252348E-01 2021 02 16 12 25 02
-2.34907225E-01 2021 02 16 12 30 02
-2.88514486E-01 2021 02 16 12 35 02
-3.89547957E-01 2021 02 16 12 40 02
-3.38319152E-01 2021 02 16 12 45 02
-3.42536469E-01 2021 02 16 12 50 02
-6.24794627E-01 2021 02 16 12 55 02
-5.03457312E-01 2021 02 16 13 00 02
-4.33695635E-01 2021 02 16 13 05 02
-3.28704288E-01 2021 02 16 13 10 02
-2.46774807E-01 2021 02 16 13 15 02
-3.83925865E-01 2021 02 16 13 20 02
-6.76200579E-01 2021 02 16 13 25 03
-8.21427493E-01 2021 02 16 13 30 02
-1.11670389E+00 2021 02 16 13 35 02
-1.08192226E+00 2021 02 16 13 40 02
-8.69904995E-01 2021 02 16 13 45 02
-7.37427860E-01 2021 02 16 13 50 03
-6.94323940E-01 2021 02 16 13 55 02
-7.48387544E-01 2021 02 16 14 00 02
-8.43351504E-01 2021 02 16 14 05 02
-9.02261670E-01 2021 02 16 14 10 02
-8.87993588E-01 2021 02 16 14 15 03
-8.93712915E-01 2021 02 16 14 20 02
-8.47190518E-01 2021 02 16 14 25 02
-9.08949368E-01 2021 02 16 14 30 02
-7.83495180E-01 2021 02 16 14 35 02
-8.31198093E-01 2021 02 16 14 40 02
-8.41191676E-01 2021 02 16 14 45 02
-7.81469572E-01 2021 02 16 14 50 03
-7.89697973E-01 2021 02 16 14 55 02
-7.75663548E-01 2021 02 16 15 00 02
-7.79958996E-01 2021 02 16 15 05 02
-8.50609270E-01 2021 02 16 15 10 02
-8.44804044E-01 2021 02 16 15 15 03
-1.02427958E+00 2021 02 16 15 20 02
-1.10016749E+00 2021 02 16 15 25 02
-1.02997419E+00 2021 02 16 15 30 02
-1.02495902E+00 2021 02 16 15 35 02
-1.02508176E+00 2021 02 16 15 40 02
-1.00439454E+00 2021 02 16 15 45 02
-1.18587357E+00 2021 02 16 15 50 02
-1.20253677E+00 2021 02 16 15 55 02
-1.09875500E+00 2021 02 16 16 00 02
-1.05878369E+00 2021 02 16 16 05 02
-1.09624868E+00 2021 02 16 16 10 02
-9.78064960E-01 2021 02 16 16 15 03
-9.93893281E-01 2021 02 16 16 20 02
-9.69682251E-01 2021 02 16 16 25 02
-9.53165970E-01 2021 02 16 16 30 02
-9.21935087E-01 2021 02 16 16 35 02
-9.48782513E-01 2021 02 16 16 40 02
-8.61767999E-01 2021 02 16 16 45 02
-9.56772577E-01 2021 02 16 16 50 02
-1.07258613E+00 2021 02 16 16 55 02
-1.10019096E+00 2021 02 16 17 00 02
-9.46238034E-01 2021 02 16 17 05 02
-8.78825233E-01 2021 02 16 17 10 02
-9.16765500E-01 2021 02 16 17 15 03
-9.63216669E-01 2021 02 16 17 20 02
-1.03071398E+00 2021 02 16 17 25 02
-9.59052260E-01 2021 02 16 17 30 02
-8.95500607E-01 2021 02 16 17 35 02
-1.02565933E+00 2021 02 16 17 40 03
-8.67505636E-01 2021 02 16 17 45 02
-9.36011086E-01 2021 02 16 17 50 02
-9.46459910E-01 2021 02 16 17 55 02
-1.15450844E+00 2021 02 16 18 00 02
-1.34060330E+00 2021 02 16 18 05 02
-1.40838984E+00 2021 02 16 18 10 02
-1.40499080E+00 2021 02 16 18 15 02
-1.31985369E+00 2021 02 16 18 20 02
-1.22293717E+00 2021 02 16 18 25 02
-9.78889362E-01 2021 02 16 18 30 02
-7.66128256E-01 2021 02 16 18 35 02
-6.00746533E-01 2021 02 16 18 40 03
-4.10321995E-01 2021 02 16 18 45 02
-2.58886854E-01 2021 02 16 18 50 02
-1.84362426E-01 2021 02 16 18 55 02
-6.32942881E-02 2021 02 16 19 00 02
+6.13470234E-02 2021 02 16 19 05 03
-7.30560142E-02 2021 02 16 19 10 02
-4.14484959E-02 2021 02 16 19 15 02
-1.30339456E-01 2021 02 16 19 20 02
-6.02419331E-02 2021 02 16 19 25 02
-4.44365214E-03 2021 02 16 19 30 02
-3.82478307E-02 2021 02 16 19 35 02
-4.01088483E-02 2021 02 16 19 40 02
+4.80670824E-02 2021 02 16 19 45 02
-4.10502807E-02 2021 02 16 19 50 02
-7.21308726E-03 2021 02 16 19 55 02
-7.77361071E-02 2021 02 16 20 00 02
-1.06272366E-01 2021 02 16 20 05 03
-1.42557489E-01 2021 02 16 20 10 02
-1.31301675E-01 2021 02 16 20 15 02
-1.89553774E-01 2021 02 16 20 20 02
-5.46436639E-03 2021 02 16 20 25 02
-5.81780351E-04 2021 02 16 20 30 02
-7.56047677E-03 2021 02 16 20 35 02
+6.20788628E-02 2021 02 16 20 40 02
-1.65390264E-01 2021 02 16 20 45 02
-4.02939469E-02 2021 02 16 20 50 02
-9.38645608E-02 2021 02 16 20 55 02
-3.43514996E-02 2021 02 16 21 00 02
+3.89552078E-02 2021 02 16 21 05 03
-6.16960371E-02 2021 02 16 21 10 02
-1.02487349E-01 2021 02 16 21 15 02
-9.28071156E-02 2021 02 16 21 20 02
-1.94872588E-01 2021 02 16 21 25 02
-1.72654314E-01 2021 02 16 21 30 03
-1.80632123E-01 2021 02 16 21 35 02
-2.20430293E-01 2021 02 16 21 40 02
-1.82262778E-01 2021 02 16 21 45 02
-1.99775647E-01 2021 02 16 21 50 02
-1.99160581E-01 2021 02 16 21 55 02
-1.92215295E-01 2021 02 16 22 00 02
-8.58992865E-02 2021 02 16 22 05 02
-2.14673402E-01 2021 02 16 22 10 02
-2.05578815E-01 2021 02 16 22 15 02
-2.37667360E-01 2021 02 16 22 20 02
-2.41645325E-01 2021 02 16 22 25 02
-1.88674289E-01 2021 02 16 22 30 03
-1.52533791E-01 2021 02 16 22 35 02
-1.75734282E-01 2021 02 16 22 40 02
-3.07285893E-01 2021 02 16 22 45 02
-2.89748449E-01 2021 02 16 22 50 02
-3.18872973E-01 2021 02 16 22 55 03
-3.50918751E-01 2021 02 16 23 00 02
-3.85550767E-01 2021 02 16 23 05 02
-4.55412690E-01 2021 02 16 23 10 02
-4.39576422E-01 2021 02 16 23 15 02
-4.58659953E-01 2021 02 16 23 20 02
-5.76505269E-01 2021 02 16 23 25 02
-5.05343742E-01 2021 02 16 23 30 02
-4.69173423E-01 2021 02 16 23 35 02
-3.36189912E-01 2021 02 16 23 40 02
-4.24231553E-01 2021 02 16 23 45 02
-4.59408160E-01 2021 02 16 23 50 02
-3.94696307E-01 2021 02 16 23 55 02
