-5.60323622E-01 2021 02 20 00 00 02
-9.29682319E-01 2021 02 20 00 05 02
-9.14932523E-01 2021 02 20 00 10 02
-7.49300722E-01 2021 02 20 00 15 02
-7.40041145E-01 2021 02 20 00 20 02
-7.95608257E-01 2021 02 20 00 25 02
-8.27859658E-01 2021 02 20 00 30 02
-8.63008453E-01 2021 02 20 00 35 02
-8.50574397E-01 2021 02 20 00 40 03
-8.13584389E-01 2021 02 20 00 45 02
-8.53284050E-01 2021 02 20 00 50 02
-8.26918284E-01 2021 02 20 00 55 02
-8.64498153E-01 2021 02 20 01 00 02
-8.41879288E-01 2021 02 20 01 05 02
-6.98239346E-01 2021 02 20 01 10 02
-5.53937606E-01 2021 02 20 01 15 02
-4.98738912E-01 2021 02 20 01 20 02
-3.71723282E-01 2021 02 20 01 25 02
-5.35579383E-01 2021 02 20 01 30 02
-5.85959238E-01 2021 02 20 01 35 02
-6.25421650E-01 2021 02 20 01 40 03
-7.19905004E-01 2021 02 20 01 45 02
-6.69117868E-01 2021 02 20 01 50 02
-6.54589813E-01 2021 02 20 01 55 02
-6.05312940E-01 2021 02 20 02 00 02
-5.52299731E-01 2021 02 20 02 05 03
-6.53875581E-01 2021 02 20 02 10 02
-7.95857522E-01 2021 02 20 02 15 02
-9.95598475E-01 2021 02 20 02 20 02
-1.10597779E+00 2021 02 20 02 25 02
-1.17700590E+00 2021 02 20 02 30 02
-1.10135383E+00 2021 02 20 02 35 02
-9.87925078E-01 2021 02 20 02 40 02
-9.92902598E-01 2021 02 20 02 45 02
-8.80328524E-01 2021 02 20 02 50 02
-7.61065480E-01 2021 02 20 02 55 02
-8.34493655E-01 2021 02 20 03 00 02
-8.44205127E-01 2021 02 20 03 05 03
-6.86472321E-01 2021 02 20 03 10 02
-7.30687543E-01 2021 02 20 03 15 02
-6.08639097E-01 2021 02 20 03 20 02
-6.91497436E-01 2021 02 20 03 25 02
-6.10732529E-01 2021 02 20 03 30 03
-5.36471403E-01 2021 02 20 03 35 02
-5.50408905E-01 2021 02 20 03 40 02
-5.06629534E-01 2021 02 20 03 45 02
-3.90315764E-01 2021 02 20 03 50 02
-4.51382333E-01 2021 02 20 03 55 02
-4.69579070E-01 2021 02 20 04 00 02
-6.34415126E-01 2021 02 20 04 05 02
-5.76923307E-01 2021 02 20 04 10 02
-5.63093984E-01 2021 02 20 04 15 02
-5.81374782E-01 2021 02 20 04 20 02
-4.66601390E-01 2021 02 20 04 25 02
-6.65342137E-01 2021 02 20 04 30 03
-7.16710585E-01 2021 02 20 04 35 02
-7.28417050E-01 2021 02 20 04 40 02
-1.46739880E-01 2021 02 20 04 45 02
-4.54168081E-02 2021 02 20 04 50 02
-1.08518232E-02 2021 02 20 04 55 03
-2.05487394E-01 2021 02 20 05 00 02
-1.47733845E-01 2021 02 20 05 05 02
-2.46815030E-01 2021 02 20 05 10 02
-4.55821135E-01 2021 02 20 05 15 02
-4.51361317E-01 2021 02 20 05 20 02
-7.12495742E-01 2021 02 20 05 25 02
-8.26076564E-01 2021 02 20 05 30 02
-9.83889547E-01 2021 02 20 05 35 02
-1.20404028E+00 2021 02 20 05 40 02
-1.07842208E+00 2021 02 20 05 45 02
-1.06085539E+00 2021 02 20 05 50 02
-8.08350913E-01 2021 02 20 05 55 02
-8.59960840E-01 2021 02 20 06 00 02
-7.58022115E-01 2021 02 20 06 05 02
-7.90785772E-01 2021 02 20 06 10 02
-7.42972940E-01 2021 02 20 06 15 02
-8.23833102E-01 2021 02 20 06 20 03
-7.73709633E-01 2021 02 20 06 25 02
-7.39533843E-01 2021 02 20 06 30 02
-7.63054286E-01 2021 02 20 06 35 02
-7.23797459E-01 2021 02 20 06 40 02
-9.35525471E-01 2021 02 20 06 45 03
-9.64924133E-01 2021 02 20 06 50 02
-9.27894906E-01 2021 02 20 06 55 02
-9.47236407E-01 2021 02 20 07 00 02
-1.11115462E+00 2021 02 20 07 05 02
-1.09016990E+00 2021 02 20 07 10 02
-9.31099322E-01 2021 02 20 07 15 02
-8.81054252E-01 2021 02 20 07 20 03
-9.17258918E-01 2021 02 20 07 25 02
-8.51563852E-01 2021 02 20 07 30 02
-7.94742855E-01 2021 02 20 07 35 02
-6.99465393E-01 2021 02 20 07 40 02
-7.78079883E-01 2021 02 20 07 45 02
-6.74569038E-01 2021 02 20 07 50 02
-8.69016782E-01 2021 02 20 07 55 02
-8.56599026E-01 2021 02 20 08 00 02
-9.32724914E-01 2021 02 20 08 05 02
-8.09705492E-01 2021 02 20 08 10 02
-7.75481206E-01 2021 02 20 08 15 02
-7.66647194E-01 2021 02 20 08 20 02
-8.80751478E-01 2021 02 20 08 25 02
-7.40681264E-01 2021 02 20 08 30 02
-9.53670816E-01 2021 02 20 08 35 02
-7.72717127E-01 2021 02 20 08 40 02
-8.09942996E-01 2021 02 20 08 45 03
-7.40380832E-01 2021 02 20 08 50 02
-6.06555859E-01 2021 02 20 08 55 02
-6.20375417E-01 2021 02 20 09 00 02
-6.54574870E-01 2021 02 20 09 05 02
-7.26493548E-01 2021 02 20 09 10 03
-7.38092916E-01 2021 02 20 09 15 02
-8.10327390E-01 2021 02 20 09 20 02
-9.05729463E-01 2021 02 20 09 25 02
-7.31028027E-01 2021 02 20 09 30 02
-7.62728718E-01 2021 02 20 09 35 02
-7.90725478E-01 2021 02 20 09 40 02
-6.29303299E-01 2021 02 20 09 45 02
-6.62093505E-01 2021 02 20 09 50 02
-6.74912373E-01 2021 02 20 09 55 02
-6.70922294E-01 2021 02 20 10 00 02
-7.02548451E-01 2021 02 20 10 05 02
-5.89666323E-01 2021 02 20 10 10 03
-5.95965058E-01 2021 02 20 10 15 02
-5.51403863E-01 2021 02 20 10 20 02
-7.24244009E-01 2021 02 20 10 25 02
-7.01066825E-01 2021 02 20 10 30 02
-5.50375057E-01 2021 02 20 10 35 02
-5.02143699E-01 2021 02 20 10 40 02
-5.29659083E-01 2021 02 20 10 45 02
-5.29999951E-01 2021 02 20 10 50 02
-6.09897718E-01 2021 02 20 10 55 02
-7.62745860E-01 2021 02 20 11 00 02
-3.35204786E-01 2021 02 20 11 05 02
-3.63577001E-01 2021 02 20 11 10 02
-4.27868188E-01 2021 02 20 11 15 02
-6.48125998E-01 2021 02 20 11 20 02
-6.21990400E-01 2021 02 20 11 25 02
-5.39931683E-01 2021 02 20 11 30 02
-5.82629739E-01 2021 02 20 11 35 03
-6.44502819E-01 2021 02 20 11 40 02
-4.92972680E-01 2021 02 20 11 45 02
-4.49522136E-01 2021 02 20 11 50 02
-3.85996485E-01 2021 02 20 11 55 02
-4.68504252E-01 2021 02 20 12 00 03
-4.42385772E-01 2021 02 20 12 05 02
-5.12512310E-01 2021 02 20 12 10 02
-4.50944441E-01 2021 02 20 12 15 02
-4.77071945E-01 2021 02 20 12 20 02
-4.29724670E-01 2021 02 20 12 25 03
-4.91543285E-01 2021 02 20 12 30 02
-2.81321315E-01 2021 02 20 12 35 02
-1.49391359E-01 2021 02 20 12 40 02
-3.48421270E-01 2021 02 20 12 45 02
-3.89681451E-01 2021 02 20 12 50 02
-4.78822528E-01 2021 02 20 12 55 02
-4.34421572E-01 2021 02 20 13 00 02
-4.66147162E-01 2021 02 20 13 05 02
-4.32003183E-01 2021 02 20 13 10 02
-3.48753582E-01 2021 02 20 13 15 02
-4.66663984E-01 2021 02 20 13 20 02
-5.08893665E-01 2021 02 20 13 25 03
-3.03379215E-01 2021 02 20 13 30 02
-4.64610881E-01 2021 02 20 13 35 02
-4.22522704E-01 2021 02 20 13 40 02
-4.08719040E-01 2021 02 20 13 45 02
-5.15529920E-01 2021 02 20 13 50 03
-4.71029375E-01 2021 02 20 13 55 02
-6.06550390E-01 2021 02 20 14 00 02
-7.45798932E-01 2021 02 20 14 05 02
-7.38965657E-01 2021 02 20 14 10 02
-7.56541691E-01 2021 02 20 14 15 02
-8.76137133E-01 2021 02 20 14 20 02
-8.50002962E-01 2021 02 20 14 25 02
-1.08081850E+00 2021 02 20 14 30 02
-8.33239645E-01 2021 02 20 14 35 02
-7.56588410E-01 2021 02 20 14 40 02
-7.89876271E-01 2021 02 20 14 45 02
-9.27879427E-01 2021 02 20 14 50 02
-9.10020396E-01 2021 02 20 14 55 02
-1.12109992E+00 2021 02 20 15 00 02
-1.08889566E+00 2021 02 20 15 05 02
-1.08488367E+00 2021 02 20 15 10 02
-1.09686883E+00 2021 02 20 15 15 03
-1.12616731E+00 2021 02 20 15 20 02
-1.11375240E+00 2021 02 20 15 25 02
-1.10502763E+00 2021 02 20 15 30 02
-1.01848010E+00 2021 02 20 15 35 02
-8.82115046E-01 2021 02 20 15 40 02
-9.77193411E-01 2021 02 20 15 45 02
-1.06382207E+00 2021 02 20 15 50 02
-1.01369538E+00 2021 02 20 15 55 02
-1.03927624E+00 2021 02 20 16 00 02
-9.95164331E-01 2021 02 20 16 05 02
-9.82089082E-01 2021 02 20 16 10 02
-1.00503588E+00 2021 02 20 16 15 02
-7.00926307E-01 2021 02 20 16 20 02
-1.06270552E+00 2021 02 20 16 25 02
-1.12703664E+00 2021 02 20 16 30 02
-1.00212945E+00 2021 02 20 16 35 02
-9.83181280E-01 2021 02 20 16 40 03
-1.06803730E+00 2021 02 20 16 45 02
-1.02363193E+00 2021 02 20 16 50 02
-1.02057943E+00 2021 02 20 16 55 02
-1.05207960E+00 2021 02 20 17 00 02
-9.54092357E-01 2021 02 20 17 05 02
-9.71669532E-01 2021 02 20 17 10 02
-9.55747916E-01 2021 02 20 17 15 02
-8.91508098E-01 2021 02 20 17 20 02
-8.53963921E-01 2021 02 20 17 25 02
-1.00304069E+00 2021 02 20 17 30 02
-9.03928466E-01 2021 02 20 17 35 02
-8.29025825E-01 2021 02 20 17 40 03
-9.07019513E-01 2021 02 20 17 45 02
-8.49166687E-01 2021 02 20 17 50 02
-8.56399469E-01 2021 02 20 17 55 02
-7.78580394E-01 2021 02 20 18 00 02
-8.80709441E-01 2021 02 20 18 05 02
-8.53578716E-01 2021 02 20 18 10 02
-8.31540494E-01 2021 02 20 18 15 02
-8.14211246E-01 2021 02 20 18 20 02
-8.87395029E-01 2021 02 20 18 25 02
-9.53139339E-01 2021 02 20 18 30 02
-9.31675480E-01 2021 02 20 18 35 02
-8.37494168E-01 2021 02 20 18 40 03
-8.49714508E-01 2021 02 20 18 45 02
-7.30239691E-01 2021 02 20 18 50 02
-8.10305880E-01 2021 02 20 18 55 02
-7.52542470E-01 2021 02 20 19 00 02
-8.32404758E-01 2021 02 20 19 05 03
-8.94128004E-01 2021 02 20 19 10 02
-8.99370452E-01 2021 02 20 19 15 02
-8.30725617E-01 2021 02 20 19 20 02
-6.39010753E-01 2021 02 20 19 25 02
-7.28551661E-01 2021 02 20 19 30 02
-7.64308075E-01 2021 02 20 19 35 02
-8.64460649E-01 2021 02 20 19 40 02
-7.73092711E-01 2021 02 20 19 45 02
-8.14250222E-01 2021 02 20 19 50 02
-7.49979830E-01 2021 02 20 19 55 02
-8.68042330E-01 2021 02 20 20 00 02
-7.77680227E-01 2021 02 20 20 05 02
-7.64357512E-01 2021 02 20 20 10 02
-7.16600262E-01 2021 02 20 20 15 02
-8.14645740E-01 2021 02 20 20 20 02
-7.22521856E-01 2021 02 20 20 25 02
-8.74506807E-01 2021 02 20 20 30 03
-9.70253794E-01 2021 02 20 20 35 02
-1.09843628E+00 2021 02 20 20 40 02
-9.81028617E-01 2021 02 20 20 45 02
-6.52282422E-01 2021 02 20 20 50 02
-6.61348687E-01 2021 02 20 20 55 02
-6.93926705E-01 2021 02 20 21 00 02
-5.69009185E-01 2021 02 20 21 05 02
-5.25999354E-01 2021 02 20 21 10 02
-6.28416390E-01 2021 02 20 21 15 02
-4.28969879E-01 2021 02 20 21 20 02
-4.24972492E-01 2021 02 20 21 25 02
-4.93291197E-01 2021 02 20 21 30 03
-5.03521228E-01 2021 02 20 21 35 02
-6.75722751E-01 2021 02 20 21 40 02
-6.58182015E-01 2021 02 20 21 45 02
-7.11996764E-01 2021 02 20 21 50 02
-6.94539297E-01 2021 02 20 21 55 02
-7.61519209E-01 2021 02 20 22 00 02
-7.80654049E-01 2021 02 20 22 05 02
-6.94187468E-01 2021 02 20 22 10 02
-6.97217359E-01 2021 02 20 22 15 02
-5.13673548E-01 2021 02 20 22 20 02
-5.44025654E-01 2021 02 20 22 25 02
-4.73351534E-01 2021 02 20 22 30 03
-4.76658472E-01 2021 02 20 22 35 02
-5.72322084E-01 2021 02 20 22 40 02
-7.94554464E-01 2021 02 20 22 45 02
-8.10679716E-01 2021 02 20 22 50 02
-6.44017147E-01 2021 02 20 22 55 02
-4.84301196E-01 2021 02 20 23 00 02
-3.06463136E-01 2021 02 20 23 05 02
-3.95182003E-01 2021 02 20 23 10 02
-5.66529245E-01 2021 02 20 23 15 02
-6.13226711E-01 2021 02 20 23 20 02
-6.65590899E-01 2021 02 20 23 25 02
-5.41112264E-01 2021 02 20 23 30 03
-3.95465019E-01 2021 02 20 23 35 02
-1.91998060E-01 2021 02 20 23 40 02
-2.71725271E-01 2021 02 20 23 45 02
+1.43474399E-02 2021 02 20 23 50 02
+3.84623237E-01 2021 02 20 23 55 02
