-8.27642921E-01 2021 02 10 00 00 02
-8.83443107E-01 2021 02 10 00 05 02
-8.25531278E-01 2021 02 10 00 10 02
-8.50374408E-01 2021 02 10 00 15 02
-8.38902917E-01 2021 02 10 00 20 03
-8.35209092E-01 2021 02 10 00 25 02
-8.57587733E-01 2021 02 10 00 30 02
-8.35925594E-01 2021 02 10 00 35 02
-8.32233730E-01 2021 02 10 00 40 02
-7.87672382E-01 2021 02 10 00 45 03
-7.39058299E-01 2021 02 10 00 50 02
-7.42501232E-01 2021 02 10 00 55 02
-7.20316823E-01 2021 02 10 01 00 02
-6.88799949E-01 2021 02 10 01 05 02
-6.82543247E-01 2021 02 10 01 10 03
-6.75342583E-01 2021 02 10 01 15 02
-6.45539699E-01 2021 02 10 01 20 02
-6.21324581E-01 2021 02 10 01 25 02
-5.92014703E-01 2021 02 10 01 30 02
-5.30454103E-01 2021 02 10 01 35 02
-3.33294845E-01 2021 02 10 01 40 02
-3.28605122E-01 2021 02 10 01 45 02
-3.74754086E-01 2021 02 10 01 50 02
-4.25803562E-01 2021 02 10 01 55 02
-4.55253537E-01 2021 02 10 02 00 02
-4.69483213E-01 2021 02 10 02 05 02
-5.18331017E-01 2021 02 10 02 10 03
-5.23038308E-01 2021 02 10 02 15 02
-4.51581309E-01 2021 02 10 02 20 02
-3.96416348E-01 2021 02 10 02 25 02
-3.61167273E-01 2021 02 10 02 30 02
-3.44781390E-01 2021 02 10 02 35 03
-3.40006776E-01 2021 02 10 02 40 02
-3.19914879E-01 2021 02 10 02 45 02
-3.22698858E-01 2021 02 10 02 50 02
-2.82523273E-01 2021 02 10 02 55 02
-2.89400733E-01 2021 02 10 03 00 02
-2.33135580E-01 2021 02 10 03 05 02
-1.75330485E-01 2021 02 10 03 10 02
-1.60350543E-01 2021 02 10 03 15 02
-1.42428370E-01 2021 02 10 03 20 02
-1.28620864E-01 2021 02 10 03 25 02
-8.55228816E-02 2021 02 10 03 30 02
-7.78165518E-02 2021 02 10 03 35 02
-7.52405535E-02 2021 02 10 03 40 02
-4.25557837E-02 2021 02 10 03 45 02
-3.61439855E-02 2021 02 10 03 50 02
-2.20522955E-02 2021 02 10 03 55 02
+5.60535255E-04 2021 02 10 04 00 02
+2.11957506E-02 2021 02 10 04 05 02
+5.29324596E-02 2021 02 10 04 10 02
+5.13892807E-02 2021 02 10 04 15 02
+8.23369884E-02 2021 02 10 04 20 02
+8.84211288E-02 2021 02 10 04 25 03
+1.35321853E-01 2021 02 10 04 30 02
+1.31070525E-01 2021 02 10 04 35 02
+1.32005204E-01 2021 02 10 04 40 02
+1.48028856E-01 2021 02 10 04 45 02
+1.68183640E-01 2021 02 10 04 50 02
+1.65479902E-01 2021 02 10 04 55 02
+1.89342922E-01 2021 02 10 05 00 02
+1.81158405E-01 2021 02 10 05 05 02
+1.97607062E-01 2021 02 10 05 10 02
+2.19452454E-01 2021 02 10 05 15 02
+1.85661957E-01 2021 02 10 05 20 02
+2.06897192E-01 2021 02 10 05 25 03
+2.24044271E-01 2021 02 10 05 30 02
+2.19216574E-01 2021 02 10 05 35 02
+1.69200182E-01 2021 02 10 05 40 02
+2.12008909E-01 2021 02 10 05 45 02
+2.13155734E-01 2021 02 10 05 50 03
+2.64416430E-01 2021 02 10 05 55 02
+1.63640917E-01 2021 02 10 06 00 02
+1.30448352E-01 2021 02 10 06 05 02
+2.14271706E-01 2021 02 10 06 10 02
+2.58833702E-01 2021 02 10 06 15 02
+2.48501206E-01 2021 02 10 06 20 02
+2.31376775E-01 2021 02 10 06 25 02
+2.34709122E-01 2021 02 10 06 30 02
+2.08573492E-01 2021 02 10 06 35 02
+1.95714267E-01 2021 02 10 06 40 02
+2.12061780E-01 2021 02 10 06 45 02
+1.82287142E-01 2021 02 10 06 50 03
+1.97696532E-01 2021 02 10 06 55 02
+2.97837143E-01 2021 02 10 07 00 02
+1.98885158E-01 2021 02 10 07 05 02
+1.69245676E-01 2021 02 10 07 10 02
+1.56957401E-01 2021 02 10 07 15 03
+2.02737608E-01 2021 02 10 07 20 02
+1.49522541E-01 2021 02 10 07 25 02
+1.55995244E-01 2021 02 10 07 30 02
+1.07951594E-01 2021 02 10 07 35 02
+1.09865490E-01 2021 02 10 07 40 02
+7.12528772E-02 2021 02 10 07 45 02
+4.30158033E-02 2021 02 10 07 50 02
+2.35044110E-02 2021 02 10 07 55 02
-2.98993265E-02 2021 02 10 08 00 02
-4.90582742E-02 2021 02 10 08 05 02
-2.39347452E-03 2021 02 10 08 10 02
-1.09469270E-01 2021 02 10 08 15 03
-1.23797044E-01 2021 02 10 08 20 02
-1.09870637E-01 2021 02 10 08 25 02
-8.96839272E-02 2021 02 10 08 30 02
-1.92669855E-01 2021 02 10 08 35 02
-2.73930729E-01 2021 02 10 08 40 02
-2.81670262E-01 2021 02 10 08 45 02
-2.89116990E-01 2021 02 10 08 50 02
-4.06283281E-01 2021 02 10 08 55 02
-4.85885103E-01 2021 02 10 09 00 02
-4.41162465E-01 2021 02 10 09 05 02
-4.56075782E-01 2021 02 10 09 10 02
-5.12314853E-01 2021 02 10 09 15 03
-5.36117072E-01 2021 02 10 09 20 02
-5.79310161E-01 2021 02 10 09 25 02
-6.67906552E-01 2021 02 10 09 30 02
-5.34917349E-01 2021 02 10 09 35 02
-5.88563973E-01 2021 02 10 09 40 02
-6.84125437E-01 2021 02 10 09 45 02
-6.62680028E-01 2021 02 10 09 50 02
-6.90639524E-01 2021 02 10 09 55 02
-8.17253693E-01 2021 02 10 10 00 02
-7.27796900E-01 2021 02 10 10 05 02
-7.79141242E-01 2021 02 10 10 10 02
-8.31053579E-01 2021 02 10 10 15 03
-8.44475659E-01 2021 02 10 10 20 02
-9.19333246E-01 2021 02 10 10 25 02
-8.98994041E-01 2021 02 10 10 30 02
-9.88461805E-01 2021 02 10 10 35 02
-9.79279060E-01 2021 02 10 10 40 03
-9.20557906E-01 2021 02 10 10 45 02
-7.35252767E-01 2021 02 10 10 50 02
-8.21845119E-01 2021 02 10 10 55 02
-8.07867698E-01 2021 02 10 11 00 02
-7.89458811E-01 2021 02 10 11 05 02
-8.77699876E-01 2021 02 10 11 10 02
-9.15610292E-01 2021 02 10 11 15 03
-9.32321133E-01 2021 02 10 11 20 02
-9.12268119E-01 2021 02 10 11 25 02
-8.67208140E-01 2021 02 10 11 30 02
-8.99405515E-01 2021 02 10 11 35 02
-9.02169918E-01 2021 02 10 11 40 03
-1.00515570E+00 2021 02 10 11 45 02
-1.00219212E+00 2021 02 10 11 50 02
-9.84133847E-01 2021 02 10 11 55 02
-8.03436602E-01 2021 02 10 12 00 02
-8.38744254E-01 2021 02 10 12 05 02
-8.31949648E-01 2021 02 10 12 10 02
-8.15705446E-01 2021 02 10 12 15 02
-8.01996660E-01 2021 02 10 12 20 02
-9.13963829E-01 2021 02 10 12 25 02
-8.37347302E-01 2021 02 10 12 30 02
-7.42636722E-01 2021 02 10 12 35 02
-8.22027628E-01 2021 02 10 12 40 03
-7.86079470E-01 2021 02 10 12 45 02
-7.05980796E-01 2021 02 10 12 50 02
-7.53636325E-01 2021 02 10 12 55 02
-7.39824593E-01 2021 02 10 13 00 02
-7.33076718E-01 2021 02 10 13 05 02
-6.32759435E-01 2021 02 10 13 10 02
-8.44463422E-01 2021 02 10 13 15 02
-6.65609065E-01 2021 02 10 13 20 02
-6.57244505E-01 2021 02 10 13 25 02
-7.52172591E-01 2021 02 10 13 30 02
-6.52011069E-01 2021 02 10 13 35 02
-6.59683380E-01 2021 02 10 13 40 02
-7.33598300E-01 2021 02 10 13 45 02
-6.92855296E-01 2021 02 10 13 50 02
-6.61088722E-01 2021 02 10 13 55 02
-7.19450956E-01 2021 02 10 14 00 02
-7.71376293E-01 2021 02 10 14 05 03
-7.16977957E-01 2021 02 10 14 10 02
-6.89094695E-01 2021 02 10 14 15 02
-6.16605199E-01 2021 02 10 14 20 02
-6.82843464E-01 2021 02 10 14 25 02
-6.41086447E-01 2021 02 10 14 30 02
-5.51331807E-01 2021 02 10 14 35 02
-6.23943105E-01 2021 02 10 14 40 02
-6.72317920E-01 2021 02 10 14 45 02
-6.34091890E-01 2021 02 10 14 50 02
-5.60184165E-01 2021 02 10 14 55 02
-5.94480300E-01 2021 02 10 15 00 02
-5.77453532E-01 2021 02 10 15 05 03
-5.53294103E-01 2021 02 10 15 10 02
-6.58033349E-01 2021 02 10 15 15 02
-6.35407353E-01 2021 02 10 15 20 02
-4.85311325E-01 2021 02 10 15 25 02
-4.35958200E-01 2021 02 10 15 30 03
-5.24907427E-01 2021 02 10 15 35 02
-5.28714667E-01 2021 02 10 15 40 02
-5.21460894E-01 2021 02 10 15 45 02
-5.88236050E-01 2021 02 10 15 50 02
-5.28056266E-01 2021 02 10 15 55 03
-4.83872208E-01 2021 02 10 16 00 02
-3.74348389E-01 2021 02 10 16 05 02
-4.49991654E-01 2021 02 10 16 10 02
-4.19042464E-01 2021 02 10 16 15 02
-4.06666799E-01 2021 02 10 16 20 02
-5.33702706E-01 2021 02 10 16 25 02
-3.87427147E-01 2021 02 10 16 30 02
-4.36997110E-01 2021 02 10 16 35 02
-4.40037317E-01 2021 02 10 16 40 02
-4.11378150E-01 2021 02 10 16 45 02
-3.69762657E-01 2021 02 10 16 50 02
-3.07880801E-01 2021 02 10 16 55 03
-5.23587550E-01 2021 02 10 17 00 02
-3.17620773E-01 2021 02 10 17 05 02
-3.27812781E-01 2021 02 10 17 10 02
-3.29500510E-01 2021 02 10 17 15 02
-3.93190148E-01 2021 02 10 17 20 03
-4.20134588E-01 2021 02 10 17 25 02
-4.00102535E-01 2021 02 10 17 30 02
-3.96114488E-01 2021 02 10 17 35 02
-4.09621580E-01 2021 02 10 17 40 02
-3.82971713E-01 2021 02 10 17 45 02
-3.75679693E-01 2021 02 10 17 50 02
-4.19148066E-01 2021 02 10 17 55 02
-2.99882010E-01 2021 02 10 18 00 02
-2.58431515E-01 2021 02 10 18 05 02
-2.76861456E-01 2021 02 10 18 10 02
-2.69241688E-01 2021 02 10 18 15 02
-3.05666899E-01 2021 02 10 18 20 02
-2.59795264E-01 2021 02 10 18 25 02
-2.07491015E-01 2021 02 10 18 30 02
-2.89836634E-01 2021 02 10 18 35 02
-3.58900709E-01 2021 02 10 18 40 02
-3.25673763E-01 2021 02 10 18 45 03
-3.89992343E-01 2021 02 10 18 50 02
-4.18355381E-01 2021 02 10 18 55 02
-4.27155377E-01 2021 02 10 19 00 02
-4.41267037E-01 2021 02 10 19 05 02
-4.90943779E-01 2021 02 10 19 10 03
-4.28925544E-01 2021 02 10 19 15 02
-4.87053806E-01 2021 02 10 19 20 02
-4.10772501E-01 2021 02 10 19 25 02
-4.12449765E-01 2021 02 10 19 30 02
-4.20089197E-01 2021 02 10 19 35 02
-4.47208505E-01 2021 02 10 19 40 02
-4.80214821E-01 2021 02 10 19 45 03
-4.34400368E-01 2021 02 10 19 50 02
-3.94687165E-01 2021 02 10 19 55 02
-3.99564875E-01 2021 02 10 20 00 02
-5.71260450E-01 2021 02 10 20 05 02
-5.72917063E-01 2021 02 10 20 10 03
-6.05004786E-01 2021 02 10 20 15 02
-5.61790464E-01 2021 02 10 20 20 02
-6.13364022E-01 2021 02 10 20 25 02
-7.19588308E-01 2021 02 10 20 30 02
-6.26307735E-01 2021 02 10 20 35 02
-5.52596922E-01 2021 02 10 20 40 02
-7.34689783E-01 2021 02 10 20 45 02
-7.91884339E-01 2021 02 10 20 50 02
-8.04018936E-01 2021 02 10 20 55 02
-7.58409734E-01 2021 02 10 21 00 02
-7.34800718E-01 2021 02 10 21 05 02
-7.97953526E-01 2021 02 10 21 10 03
-6.85796083E-01 2021 02 10 21 15 02
-7.36361005E-01 2021 02 10 21 20 02
-8.06721678E-01 2021 02 10 21 25 02
-8.31906960E-01 2021 02 10 21 30 02
-7.83857168E-01 2021 02 10 21 35 02
-8.41366683E-01 2021 02 10 21 40 02
-8.32160302E-01 2021 02 10 21 45 03
-8.95751607E-01 2021 02 10 21 50 02
-8.86475184E-01 2021 02 10 21 55 03
-1.04351209E+00 2021 02 10 22 00 02
-9.58191943E-01 2021 02 10 22 05 03
-9.92751634E-01 2021 02 10 22 10 02
-9.95682703E-01 2021 02 10 22 15 03
-9.91761116E-01 2021 02 10 22 20 02
-1.06259666E+00 2021 02 10 22 25 03
-1.02693624E+00 2021 02 10 22 30 02
-1.09244518E+00 2021 02 10 22 35 02
-1.09134104E+00 2021 02 10 22 40 02
-1.10668144E+00 2021 02 10 22 45 02
-1.07036927E+00 2021 02 10 22 50 02
-1.03958173E+00 2021 02 10 22 55 02
-1.04714312E+00 2021 02 10 23 00 03
-1.07077838E+00 2021 02 10 23 05 02
-1.08620346E+00 2021 02 10 23 10 02
-1.09328628E+00 2021 02 10 23 15 02
-1.10037793E+00 2021 02 10 23 20 02
-1.16017874E+00 2021 02 10 23 25 02
-1.10408404E+00 2021 02 10 23 30 02
-1.09687164E+00 2021 02 10 23 35 03
-1.07959835E+00 2021 02 10 23 40 02
-9.83637342E-01 2021 02 10 23 45 02
-1.00106629E+00 2021 02 10 23 50 02
-1.02762893E+00 2021 02 10 23 55 02
