-3.46800778E-01 2021 02 04 00 00 02
-3.45321121E-01 2021 02 04 00 05 02
-2.84743606E-01 2021 02 04 00 10 02
-3.76574917E-01 2021 02 04 00 15 02
-3.75788741E-01 2021 02 04 00 20 02
-4.33629364E-01 2021 02 04 00 25 02
-4.22790434E-01 2021 02 04 00 30 02
-4.70427765E-01 2021 02 04 00 35 02
-3.37839061E-01 2021 02 04 00 40 02
-6.57254069E-02 2021 02 04 00 45 02
-4.46315942E-02 2021 02 04 00 50 02
-1.18928908E-01 2021 02 04 00 55 02
-2.07818949E-01 2021 02 04 01 00 02
-3.31685640E-01 2021 02 04 01 05 03
-2.99529266E-01 2021 02 04 01 10 02
-3.78030717E-01 2021 02 04 01 15 02
-2.96987384E-01 2021 02 04 01 20 02
-4.02160103E-01 2021 02 04 01 25 02
-4.41021923E-01 2021 02 04 01 30 03
-5.77100770E-01 2021 02 04 01 35 02
-6.64123076E-01 2021 02 04 01 40 02
-7.89267498E-01 2021 02 04 01 45 02
-7.96001111E-01 2021 02 04 01 50 02
-7.65499443E-01 2021 02 04 01 55 02
-7.81954953E-01 2021 02 04 02 00 02
-6.95706585E-01 2021 02 04 02 05 02
-6.69130559E-01 2021 02 04 02 10 02
-8.36890160E-01 2021 02 04 02 15 02
-8.77457999E-01 2021 02 04 02 20 02
-8.14185448E-01 2021 02 04 02 25 02
-7.95633368E-01 2021 02 04 02 30 03
-7.98046945E-01 2021 02 04 02 35 02
-8.02929030E-01 2021 02 04 02 40 02
-8.77794247E-01 2021 02 04 02 45 02
-9.76134800E-01 2021 02 04 02 50 02
-9.08729724E-01 2021 02 04 02 55 03
-8.07836938E-01 2021 02 04 03 00 02
-6.53693092E-01 2021 02 04 03 05 02
-7.18170363E-01 2021 02 04 03 10 02
-7.90743186E-01 2021 02 04 03 15 02
-8.41953782E-01 2021 02 04 03 20 03
-9.65968036E-01 2021 02 04 03 25 02
-8.96125203E-01 2021 02 04 03 30 02
-8.83970074E-01 2021 02 04 03 35 02
-9.56087052E-01 2021 02 04 03 40 02
-9.21760282E-01 2021 02 04 03 45 03
-9.34734912E-01 2021 02 04 03 50 02
-9.18140669E-01 2021 02 04 03 55 02
-9.08743338E-01 2021 02 04 04 00 02
-8.87195198E-01 2021 02 04 04 05 02
-8.84233067E-01 2021 02 04 04 10 02
-7.40663310E-01 2021 02 04 04 15 02
-5.77761123E-01 2021 02 04 04 20 02
-4.36528930E-01 2021 02 04 04 25 02
-3.96815888E-01 2021 02 04 04 30 02
-2.88555670E-01 2021 02 04 04 35 02
-2.53942711E-01 2021 02 04 04 40 02
-3.27391265E-01 2021 02 04 04 45 03
-5.02830223E-01 2021 02 04 04 50 02
-4.25334660E-01 2021 02 04 04 55 02
-6.85192501E-01 2021 02 04 05 00 02
-1.16293496E+00 2021 02 04 05 05 02
-1.40634861E+00 2021 02 04 05 10 03
-1.50884855E+00 2021 02 04 05 15 02
-1.73547172E+00 2021 02 04 05 20 02
-1.83486714E+00 2021 02 04 05 25 02
-1.74723087E+00 2021 02 04 05 30 02
-1.48537237E+00 2021 02 04 05 35 03
-1.34065893E+00 2021 02 04 05 40 02
-1.23763624E+00 2021 02 04 05 45 02
-1.06993623E+00 2021 02 04 05 50 02
-1.00537701E+00 2021 02 04 05 55 02
-9.18487458E-01 2021 02 04 06 00 02
-8.73219559E-01 2021 02 04 06 05 02
-1.01446046E+00 2021 02 04 06 10 02
-1.01884311E+00 2021 02 04 06 15 02
-9.80815002E-01 2021 02 04 06 20 02
-8.18809606E-01 2021 02 04 06 25 02
-8.30348401E-01 2021 02 04 06 30 02
-7.19929091E-01 2021 02 04 06 35 03
-7.88263434E-01 2021 02 04 06 40 02
-8.68076932E-01 2021 02 04 06 45 02
-8.46465988E-01 2021 02 04 06 50 02
-7.95031993E-01 2021 02 04 06 55 02
-7.92262087E-01 2021 02 04 07 00 03
-8.19075694E-01 2021 02 04 07 05 02
-8.09752525E-01 2021 02 04 07 10 02
-7.80065424E-01 2021 02 04 07 15 02
-8.65960471E-01 2021 02 04 07 20 02
-8.05805294E-01 2021 02 04 07 25 03
-8.92195282E-01 2021 02 04 07 30 02
-7.63929337E-01 2021 02 04 07 35 02
-8.12108552E-01 2021 02 04 07 40 02
-7.40717282E-01 2021 02 04 07 45 02
-7.91071140E-01 2021 02 04 07 50 02
-7.49861204E-01 2021 02 04 07 55 02
-6.67944399E-01 2021 02 04 08 00 02
-7.00070597E-01 2021 02 04 08 05 02
-6.42926370E-01 2021 02 04 08 10 02
-7.00704326E-01 2021 02 04 08 15 02
-6.00382465E-01 2021 02 04 08 20 02
-7.33726867E-01 2021 02 04 08 25 02
-6.24966289E-01 2021 02 04 08 30 02
-7.18599439E-01 2021 02 04 08 35 02
-6.45205803E-01 2021 02 04 08 40 02
-5.82543665E-01 2021 02 04 08 45 02
-5.05250684E-01 2021 02 04 08 50 02
-7.86915715E-01 2021 02 04 08 55 02
-4.55712451E-01 2021 02 04 09 00 02
-4.80673929E-01 2021 02 04 09 05 02
-4.63195807E-01 2021 02 04 09 10 02
-4.23124858E-01 2021 02 04 09 15 03
-4.99681906E-01 2021 02 04 09 20 02
-5.01416714E-01 2021 02 04 09 25 02
-4.13457203E-01 2021 02 04 09 30 02
-5.31180778E-01 2021 02 04 09 35 02
-4.21683418E-01 2021 02 04 09 40 02
-3.58475045E-01 2021 02 04 09 45 02
-2.99644343E-01 2021 02 04 09 50 02
-2.82616757E-01 2021 02 04 09 55 02
-4.15764601E-01 2021 02 04 10 00 02
-1.94233770E-01 2021 02 04 10 05 02
-2.06723312E-01 2021 02 04 10 10 02
-1.97157370E-01 2021 02 04 10 15 02
-2.43188235E-01 2021 02 04 10 20 02
-2.49900817E-01 2021 02 04 10 25 02
-2.58630828E-01 2021 02 04 10 30 02
-1.49814191E-01 2021 02 04 10 35 02
-2.40757140E-01 2021 02 04 10 40 03
-2.05106486E-01 2021 02 04 10 45 02
-7.54467411E-02 2021 02 04 10 50 02
-1.10268906E-01 2021 02 04 10 55 02
-8.00700885E-02 2021 02 04 11 00 02
+5.28125007E-02 2021 02 04 11 05 03
-2.19191218E-01 2021 02 04 11 10 02
-2.44783186E-01 2021 02 04 11 15 02
-1.49608555E-01 2021 02 04 11 20 02
-1.28027560E-01 2021 02 04 11 25 02
-2.45600387E-01 2021 02 04 11 30 02
-1.25607410E-01 2021 02 04 11 35 02
-7.15561751E-02 2021 02 04 11 40 03
-1.67398034E-01 2021 02 04 11 45 02
-8.65085388E-02 2021 02 04 11 50 02
-8.99362326E-02 2021 02 04 11 55 02
-7.33691220E-03 2021 02 04 12 00 02
-1.58315526E-01 2021 02 04 12 05 03
-5.43636981E-02 2021 02 04 12 10 02
-1.63628243E-01 2021 02 04 12 15 02
-2.33411776E-01 2021 02 04 12 20 02
-1.77891317E-01 2021 02 04 12 25 02
-1.82246535E-01 2021 02 04 12 30 02
-5.28402498E-02 2021 02 04 12 35 02
-1.18564314E-01 2021 02 04 12 40 02
-2.62963079E-02 2021 02 04 12 45 02
-5.50494529E-02 2021 02 04 12 50 02
-1.74447211E-01 2021 02 04 12 55 02
-2.37977867E-01 2021 02 04 13 00 02
-3.60723033E-01 2021 02 04 13 05 03
-2.92402417E-01 2021 02 04 13 10 02
-2.95898748E-01 2021 02 04 13 15 02
-2.83033516E-01 2021 02 04 13 20 02
-2.27315647E-01 2021 02 04 13 25 02
-3.47606989E-01 2021 02 04 13 30 02
-4.54572482E-01 2021 02 04 13 35 02
-5.40605786E-01 2021 02 04 13 40 02
-5.39003002E-01 2021 02 04 13 45 02
-6.36181788E-01 2021 02 04 13 50 02
-5.91535220E-01 2021 02 04 13 55 02
-4.90001872E-01 2021 02 04 14 00 02
-5.39591988E-01 2021 02 04 14 05 02
-4.58059599E-01 2021 02 04 14 10 02
-5.52907516E-01 2021 02 04 14 15 02
-4.48777015E-01 2021 02 04 14 20 02
-4.51336867E-01 2021 02 04 14 25 02
-5.45597704E-01 2021 02 04 14 30 03
-5.85227540E-01 2021 02 04 14 35 02
-6.83433810E-01 2021 02 04 14 40 02
-5.74536641E-01 2021 02 04 14 45 02
-7.04836840E-01 2021 02 04 14 50 02
-7.00619353E-01 2021 02 04 14 55 02
-6.48682746E-01 2021 02 04 15 00 02
-7.49315551E-01 2021 02 04 15 05 02
-7.41453518E-01 2021 02 04 15 10 02
-7.76480117E-01 2021 02 04 15 15 02
-7.56649953E-01 2021 02 04 15 20 02
-7.40855094E-01 2021 02 04 15 25 02
-8.09480305E-01 2021 02 04 15 30 03
-8.64862603E-01 2021 02 04 15 35 02
-9.27244488E-01 2021 02 04 15 40 02
-9.41546700E-01 2021 02 04 15 45 02
-9.24791395E-01 2021 02 04 15 50 02
-9.38162369E-01 2021 02 04 15 55 03
-9.41422817E-01 2021 02 04 16 00 02
-8.80820291E-01 2021 02 04 16 05 02
-9.44145116E-01 2021 02 04 16 10 02
-9.20982810E-01 2021 02 04 16 15 02
-9.54111730E-01 2021 02 04 16 20 02
-1.06487104E+00 2021 02 04 16 25 02
-1.10305077E+00 2021 02 04 16 30 02
-1.19564944E+00 2021 02 04 16 35 02
-1.13513608E+00 2021 02 04 16 40 02
-1.19182611E+00 2021 02 04 16 45 02
-1.24509676E+00 2021 02 04 16 50 02
-1.29585130E+00 2021 02 04 16 55 03
-1.34992559E+00 2021 02 04 17 00 02
-1.24169521E+00 2021 02 04 17 05 02
-1.18330036E+00 2021 02 04 17 10 02
-1.15998354E+00 2021 02 04 17 15 02
-1.06965287E+00 2021 02 04 17 20 02
-1.05275864E+00 2021 02 04 17 25 02
-9.19349831E-01 2021 02 04 17 30 02
-9.77083530E-01 2021 02 04 17 35 02
-9.22837637E-01 2021 02 04 17 40 02
-8.88671740E-01 2021 02 04 17 45 02
-9.96889814E-01 2021 02 04 17 50 02
-9.49995640E-01 2021 02 04 17 55 02
-9.12662612E-01 2021 02 04 18 00 02
-9.34495582E-01 2021 02 04 18 05 02
-8.82900604E-01 2021 02 04 18 10 02
-8.24996623E-01 2021 02 04 18 15 02
-9.76073013E-01 2021 02 04 18 20 03
-8.20222306E-01 2021 02 04 18 25 02
-8.60502572E-01 2021 02 04 18 30 02
-8.45545170E-01 2021 02 04 18 35 02
-8.91541838E-01 2021 02 04 18 40 02
-8.09832080E-01 2021 02 04 18 45 03
-8.01157486E-01 2021 02 04 18 50 02
-7.20096604E-01 2021 02 04 18 55 02
-7.91534690E-01 2021 02 04 19 00 02
-7.00552512E-01 2021 02 04 19 05 02
-7.93462440E-01 2021 02 04 19 10 02
-6.88574290E-01 2021 02 04 19 15 02
-7.60428901E-01 2021 02 04 19 20 02
-7.19172500E-01 2021 02 04 19 25 02
-7.20668957E-01 2021 02 04 19 30 02
-6.00548060E-01 2021 02 04 19 35 02
-6.53397466E-01 2021 02 04 19 40 02
-7.20791934E-01 2021 02 04 19 45 03
-7.25166606E-01 2021 02 04 19 50 02
-6.09181901E-01 2021 02 04 19 55 02
-6.01716179E-01 2021 02 04 20 00 02
-5.80180833E-01 2021 02 04 20 05 02
-6.10132391E-01 2021 02 04 20 10 03
-5.52872215E-01 2021 02 04 20 15 02
-5.52365733E-01 2021 02 04 20 20 02
-5.82223252E-01 2021 02 04 20 25 02
-5.94516731E-01 2021 02 04 20 30 02
-5.45643361E-01 2021 02 04 20 35 03
-4.45891382E-01 2021 02 04 20 40 02
-5.13047923E-01 2021 02 04 20 45 02
-4.74030428E-01 2021 02 04 20 50 02
-6.09440708E-01 2021 02 04 20 55 02
-5.26087302E-01 2021 02 04 21 00 02
-4.79533086E-01 2021 02 04 21 05 02
-5.11199367E-01 2021 02 04 21 10 02
-4.11928298E-01 2021 02 04 21 15 02
-3.28560988E-01 2021 02 04 21 20 02
-3.78811143E-01 2021 02 04 21 25 02
-3.70987746E-01 2021 02 04 21 30 02
-4.43667807E-01 2021 02 04 21 35 03
-4.35879829E-01 2021 02 04 21 40 02
-3.38833413E-01 2021 02 04 21 45 02
-3.02081446E-01 2021 02 04 21 50 02
-2.34189831E-01 2021 02 04 21 55 02
-3.29852750E-01 2021 02 04 22 00 03
-2.11066538E-01 2021 02 04 22 05 02
-2.57374389E-01 2021 02 04 22 10 02
-2.00529342E-01 2021 02 04 22 15 02
-1.84319283E-01 2021 02 04 22 20 02
-2.46152248E-01 2021 02 04 22 25 02
-2.17688474E-01 2021 02 04 22 30 02
-1.37486094E-01 2021 02 04 22 35 02
-1.02369790E-01 2021 02 04 22 40 02
-5.96776997E-02 2021 02 04 22 45 02
+9.33638395E-03 2021 02 04 22 50 02
-3.23917299E-02 2021 02 04 22 55 02
-2.18539251E-03 2021 02 04 23 00 03
+2.65294598E-02 2021 02 04 23 05 02
-4.72554740E-02 2021 02 04 23 10 02
-7.69976477E-02 2021 02 04 23 15 02
-2.60894240E-02 2021 02 04 23 20 02
-4.32034528E-02 2021 02 04 23 25 03
+2.69434669E-02 2021 02 04 23 30 02
-7.54276881E-02 2021 02 04 23 35 02
-7.45807625E-02 2021 02 04 23 40 02
+5.04887348E-02 2021 02 04 23 45 02
-8.41227980E-03 2021 02 04 23 50 02
+8.17248602E-02 2021 02 04 23 55 02
