-3.26007313E-01 2021 02 22 00 00 02
-2.73652362E-01 2021 02 22 00 05 02
+2.80789353E-02 2021 02 22 00 10 02
-2.89074499E-01 2021 02 22 00 15 02
-4.39307451E-01 2021 02 22 00 20 03
-4.46372664E-01 2021 02 22 00 25 02
-1.70683005E-01 2021 02 22 00 30 02
-8.42515990E-02 2021 02 22 00 35 02
+4.48059975E-02 2021 02 22 00 40 02
-1.02077462E-01 2021 02 22 00 45 03
-3.56919081E-01 2021 02 22 00 50 02
-4.04476758E-01 2021 02 22 00 55 02
-3.91348781E-01 2021 02 22 01 00 02
-2.14922847E-01 2021 02 22 01 05 02
-1.58420013E-01 2021 02 22 01 10 02
-1.42919977E-01 2021 02 22 01 15 02
-1.54197842E-01 2021 02 22 01 20 02
-1.28013382E-01 2021 02 22 01 25 02
-1.44118791E-01 2021 02 22 01 30 02
-1.77908515E-01 2021 02 22 01 35 02
-1.00540116E-01 2021 02 22 01 40 02
-1.10187902E-01 2021 02 22 01 45 02
-1.71451473E-01 2021 02 22 01 50 02
-2.32422773E-01 2021 02 22 01 55 02
-1.65633634E-01 2021 02 22 02 00 02
-1.56242196E-01 2021 02 22 02 05 02
-1.39534712E-01 2021 02 22 02 10 03
-9.25019759E-02 2021 02 22 02 15 02
-1.59013890E-01 2021 02 22 02 20 02
-2.01417390E-01 2021 02 22 02 25 02
-1.80603342E-01 2021 02 22 02 30 02
-1.86196200E-01 2021 02 22 02 35 02
-1.89860433E-01 2021 02 22 02 40 02
-1.72046125E-01 2021 02 22 02 45 02
-1.26006308E-01 2021 02 22 02 50 02
-1.88234752E-01 2021 02 22 02 55 02
-2.49088940E-01 2021 02 22 03 00 02
-3.34679824E-01 2021 02 22 03 05 02
-2.71489646E-01 2021 02 22 03 10 02
-2.89465077E-01 2021 02 22 03 15 02
-1.91330114E-01 2021 02 22 03 20 02
-3.47425744E-01 2021 02 22 03 25 02
-2.56676847E-01 2021 02 22 03 30 02
-2.42391063E-01 2021 02 22 03 35 02
-2.77029060E-01 2021 02 22 03 40 02
-3.13059784E-01 2021 02 22 03 45 02
-3.04447716E-01 2021 02 22 03 50 02
-2.01141795E-01 2021 02 22 03 55 02
-2.82906745E-01 2021 02 22 04 00 03
-1.76422435E-01 2021 02 22 04 05 02
-2.77478782E-01 2021 02 22 04 10 02
-2.36369200E-01 2021 02 22 04 15 02
-2.87442278E-01 2021 02 22 04 20 02
-2.42284448E-01 2021 02 22 04 25 02
-2.62746508E-01 2021 02 22 04 30 02
-2.85036700E-01 2021 02 22 04 35 02
-2.78724040E-01 2021 02 22 04 40 02
-3.20259553E-01 2021 02 22 04 45 02
-3.73894503E-01 2021 02 22 04 50 02
-3.46933620E-01 2021 02 22 04 55 02
-3.18828275E-01 2021 02 22 05 00 03
-3.04983764E-01 2021 02 22 05 05 02
-3.65757528E-01 2021 02 22 05 10 02
-2.93038691E-01 2021 02 22 05 15 02
-3.53528677E-01 2021 02 22 05 20 02
-3.92945354E-01 2021 02 22 05 25 02
-3.91779786E-01 2021 02 22 05 30 02
-4.18626603E-01 2021 02 22 05 35 02
-4.10658739E-01 2021 02 22 05 40 02
-5.00379505E-01 2021 02 22 05 45 02
-5.64118837E-01 2021 02 22 05 50 02
-6.48444980E-01 2021 02 22 05 55 02
-5.77875635E-01 2021 02 22 06 00 02
-3.52849851E-01 2021 02 22 06 05 02
-4.27839271E-01 2021 02 22 06 10 02
-4.17670574E-01 2021 02 22 06 15 02
-4.04567384E-01 2021 02 22 06 20 02
-4.25963005E-01 2021 02 22 06 25 03
-5.19072987E-01 2021 02 22 06 30 02
-4.45131848E-01 2021 02 22 06 35 02
-4.64140309E-01 2021 02 22 06 40 02
-5.63389127E-01 2021 02 22 06 45 02
-6.05910241E-01 2021 02 22 06 50 03
-5.01457364E-01 2021 02 22 06 55 02
-4.74536988E-01 2021 02 22 07 00 02
-6.01840791E-01 2021 02 22 07 05 02
-6.75995719E-01 2021 02 22 07 10 02
-6.40608812E-01 2021 02 22 07 15 02
-6.12010251E-01 2021 02 22 07 20 02
-7.29428404E-01 2021 02 22 07 25 02
-7.85902221E-01 2021 02 22 07 30 02
-7.93328258E-01 2021 02 22 07 35 02
-9.23682163E-01 2021 02 22 07 40 02
-9.00197850E-01 2021 02 22 07 45 02
-8.10253880E-01 2021 02 22 07 50 03
-7.38404231E-01 2021 02 22 07 55 02
-7.52630061E-01 2021 02 22 08 00 02
-6.37717379E-01 2021 02 22 08 05 02
-7.72165128E-01 2021 02 22 08 10 02
-9.15780754E-01 2021 02 22 08 15 03
-1.02690680E+00 2021 02 22 08 20 02
-9.15386940E-01 2021 02 22 08 25 02
-9.30766304E-01 2021 02 22 08 30 02
-9.02731770E-01 2021 02 22 08 35 02
-8.46720766E-01 2021 02 22 08 40 02
-8.29140506E-01 2021 02 22 08 45 02
-7.04278797E-01 2021 02 22 08 50 02
-6.40462187E-01 2021 02 22 08 55 02
-7.57147703E-01 2021 02 22 09 00 02
-7.40994531E-01 2021 02 22 09 05 02
-7.26574348E-01 2021 02 22 09 10 02
-6.94033047E-01 2021 02 22 09 15 03
-6.64915675E-01 2021 02 22 09 20 02
-7.19687263E-01 2021 02 22 09 25 02
-5.32691891E-01 2021 02 22 09 30 02
-4.07440849E-01 2021 02 22 09 35 02
-3.72727935E-01 2021 02 22 09 40 03
-5.20851494E-01 2021 02 22 09 45 02
-5.49220439E-01 2021 02 22 09 50 02
-5.93596581E-01 2021 02 22 09 55 02
-6.21619669E-01 2021 02 22 10 00 02
-6.98139844E-01 2021 02 22 10 05 02
-7.90191561E-01 2021 02 22 10 10 02
-7.42473026E-01 2021 02 22 10 15 02
-7.75011847E-01 2021 02 22 10 20 02
-6.16513804E-01 2021 02 22 10 25 02
-5.97635987E-01 2021 02 22 10 30 02
-6.81072943E-01 2021 02 22 10 35 02
-6.90733302E-01 2021 02 22 10 40 03
-6.72260259E-01 2021 02 22 10 45 02
-6.25383773E-01 2021 02 22 10 50 02
-5.15201062E-01 2021 02 22 10 55 02
-5.66257215E-01 2021 02 22 11 00 02
-5.99413570E-01 2021 02 22 11 05 03
-6.24821910E-01 2021 02 22 11 10 02
-5.40779046E-01 2021 02 22 11 15 02
-4.84407168E-01 2021 02 22 11 20 02
-3.94264866E-01 2021 02 22 11 25 02
-5.19974499E-01 2021 02 22 11 30 03
-5.49410097E-01 2021 02 22 11 35 02
-5.76807361E-01 2021 02 22 11 40 02
-6.38358523E-01 2021 02 22 11 45 02
-7.07889011E-01 2021 02 22 11 50 02
-5.88230057E-01 2021 02 22 11 55 02
-5.79355712E-01 2021 02 22 12 00 02
-5.39149073E-01 2021 02 22 12 05 02
-5.46497717E-01 2021 02 22 12 10 02
-6.30879650E-01 2021 02 22 12 15 02
-6.13644130E-01 2021 02 22 12 20 02
-5.29724695E-01 2021 02 22 12 25 02
-6.52263953E-01 2021 02 22 12 30 03
-5.89927774E-01 2021 02 22 12 35 02
-6.53725838E-01 2021 02 22 12 40 02
-5.71679789E-01 2021 02 22 12 45 02
-5.23451023E-01 2021 02 22 12 50 02
-6.30190371E-01 2021 02 22 12 55 03
-4.60739511E-01 2021 02 22 13 00 02
-3.88000370E-01 2021 02 22 13 05 02
-4.88824117E-01 2021 02 22 13 10 02
-4.25120345E-01 2021 02 22 13 15 02
-4.36788501E-01 2021 02 22 13 20 02
-5.22795110E-01 2021 02 22 13 25 02
-4.87198919E-01 2021 02 22 13 30 02
-4.97429961E-01 2021 02 22 13 35 02
-5.95316889E-01 2021 02 22 13 40 02
-3.86051236E-01 2021 02 22 13 45 02
-4.38529711E-01 2021 02 22 13 50 02
-3.98553594E-01 2021 02 22 13 55 03
-5.27091080E-01 2021 02 22 14 00 02
-5.76399744E-01 2021 02 22 14 05 03
-4.30000038E-01 2021 02 22 14 10 02
-4.65739474E-01 2021 02 22 14 15 03
-5.51112409E-01 2021 02 22 14 20 02
-5.22487451E-01 2021 02 22 14 25 03
-5.20390144E-01 2021 02 22 14 30 02
-5.50767484E-01 2021 02 22 14 35 03
-6.65698093E-01 2021 02 22 14 40 02
-7.05237136E-01 2021 02 22 14 45 03
-6.50771868E-01 2021 02 22 14 50 02
-7.16240979E-01 2021 02 22 14 55 02
-7.12490246E-01 2021 02 22 15 00 02
-6.61401530E-01 2021 02 22 15 05 02
-5.08674891E-01 2021 02 22 15 10 02
-4.27616260E-01 2021 02 22 15 15 02
-5.28002732E-01 2021 02 22 15 20 03
-5.20329782E-01 2021 02 22 15 25 02
-4.43859849E-01 2021 02 22 15 30 02
-5.11596868E-01 2021 02 22 15 35 02
-5.07948743E-01 2021 02 22 15 40 02
-5.46357055E-01 2021 02 22 15 45 02
-6.27324520E-01 2021 02 22 15 50 02
-6.10756367E-01 2021 02 22 15 55 02
-6.66125623E-01 2021 02 22 16 00 02
-5.40440640E-01 2021 02 22 16 05 02
-6.67181330E-01 2021 02 22 16 10 02
-6.35645501E-01 2021 02 22 16 15 02
-5.38941102E-01 2021 02 22 16 20 03
-6.98610033E-01 2021 02 22 16 25 02
-7.52787484E-01 2021 02 22 16 30 02
-7.06378165E-01 2021 02 22 16 35 02
-8.18856271E-01 2021 02 22 16 40 02
-8.59090166E-01 2021 02 22 16 45 02
-8.69075626E-01 2021 02 22 16 50 02
-8.01786396E-01 2021 02 22 16 55 02
-7.67267962E-01 2021 02 22 17 00 02
-7.56084268E-01 2021 02 22 17 05 02
-8.00026363E-01 2021 02 22 17 10 02
-8.27611217E-01 2021 02 22 17 15 02
-7.20832647E-01 2021 02 22 17 20 02
-8.19903138E-01 2021 02 22 17 25 02
-7.25167847E-01 2021 02 22 17 30 02
-8.71296756E-01 2021 02 22 17 35 02
-8.53921414E-01 2021 02 22 17 40 02
-8.73058566E-01 2021 02 22 17 45 02
-8.26455949E-01 2021 02 22 17 50 02
-1.16171459E+00 2021 02 22 17 55 02
-8.70488927E-01 2021 02 22 18 00 02
-7.56850986E-01 2021 02 22 18 05 02
-7.53230102E-01 2021 02 22 18 10 03
-9.94602425E-01 2021 02 22 18 15 02
-9.34493409E-01 2021 02 22 18 20 02
-9.63119352E-01 2021 02 22 18 25 02
-8.05122981E-01 2021 02 22 18 30 02
-8.10712958E-01 2021 02 22 18 35 02
-7.22192105E-01 2021 02 22 18 40 02
-6.61211068E-01 2021 02 22 18 45 02
-6.25337033E-01 2021 02 22 18 50 02
-6.45202341E-01 2021 02 22 18 55 02
-5.71322146E-01 2021 02 22 19 00 02
-7.98376795E-01 2021 02 22 19 05 02
-7.52409496E-01 2021 02 22 19 10 03
-7.36570374E-01 2021 02 22 19 15 02
-8.17171057E-01 2021 02 22 19 20 02
-6.67147712E-01 2021 02 22 19 25 02
-5.69377940E-01 2021 02 22 19 30 02
-7.06267030E-01 2021 02 22 19 35 02
-8.29273544E-01 2021 02 22 19 40 02
-7.32618539E-01 2021 02 22 19 45 02
-7.94463291E-01 2021 02 22 19 50 02
-6.99296835E-01 2021 02 22 19 55 02
-8.08929210E-01 2021 02 22 20 00 02
-7.48591454E-01 2021 02 22 20 05 02
-8.24863494E-01 2021 02 22 20 10 02
-8.78322938E-01 2021 02 22 20 15 02
-1.02981797E+00 2021 02 22 20 20 02
-9.43578232E-01 2021 02 22 20 25 02
-8.42979000E-01 2021 02 22 20 30 02
-9.87882574E-01 2021 02 22 20 35 03
-7.25302625E-01 2021 02 22 20 40 02
-5.01849639E-01 2021 02 22 20 45 02
-5.41705347E-01 2021 02 22 20 50 02
-5.38821440E-01 2021 02 22 20 55 02
-5.20980515E-01 2021 02 22 21 00 02
-7.86442025E-01 2021 02 22 21 05 02
-8.75380703E-01 2021 02 22 21 10 02
-9.09827190E-01 2021 02 22 21 15 02
-8.70914219E-01 2021 02 22 21 20 02
-8.13555136E-01 2021 02 22 21 25 02
-8.53475230E-01 2021 02 22 21 30 02
-8.69426424E-01 2021 02 22 21 35 03
-8.82031814E-01 2021 02 22 21 40 02
-7.17376683E-01 2021 02 22 21 45 02
-6.64453375E-01 2021 02 22 21 50 02
-7.03690897E-01 2021 02 22 21 55 02
-7.54421054E-01 2021 02 22 22 00 03
-8.05530880E-01 2021 02 22 22 05 02
-9.15770673E-01 2021 02 22 22 10 02
-9.90602119E-01 2021 02 22 22 15 02
-1.01999257E+00 2021 02 22 22 20 02
-1.02139496E+00 2021 02 22 22 25 02
-9.47816945E-01 2021 02 22 22 30 02
-7.77587849E-01 2021 02 22 22 35 02
-6.00976650E-01 2021 02 22 22 40 02
-3.34335379E-01 2021 02 22 22 45 02
-2.23341027E-01 2021 02 22 22 50 02
-1.68120167E-01 2021 02 22 22 55 02
-3.17008619E-01 2021 02 22 23 00 02
-3.25942758E-02 2021 02 22 23 05 02
-2.13788037E-01 2021 02 22 23 10 02
-1.07441522E-01 2021 02 22 23 15 02
-2.27487154E-01 2021 02 22 23 20 02
-3.40823503E-01 2021 02 22 23 25 03
-4.29647430E-01 2021 02 22 23 30 02
-3.12752380E-01 2021 02 22 23 35 02
-4.44135905E-01 2021 02 22 23 40 02
-3.15818087E-01 2021 02 22 23 45 02
-2.18997930E-01 2021 02 22 23 50 03
-1.96563412E-01 2021 02 22 23 55 02
