-3.30993019E-02 2021 02 19 00 00 02
-4.13737934E-02 2021 02 19 00 05 02
-3.62422451E-02 2021 02 19 00 10 02
-5.82585077E-02 2021 02 19 00 15 02
+5.44235232E-02 2021 02 19 00 20 02
-9.96536593E-02 2021 02 19 00 25 02
-8.30380909E-02 2021 02 19 00 30 03
-8.40458634E-02 2021 02 19 00 35 02
-1.28148883E-01 2021 02 19 00 40 02
-1.49451232E-01 2021 02 19 00 45 02
-1.66236078E-01 2021 02 19 00 50 02
-1.99347345E-01 2021 02 19 00 55 03
-2.19955413E-01 2021 02 19 01 00 02
-2.16809630E-01 2021 02 19 01 05 02
-1.95536713E-01 2021 02 19 01 10 02
-1.76286130E-01 2021 02 19 01 15 02
-1.66857706E-01 2021 02 19 01 20 02
-2.08573857E-01 2021 02 19 01 25 02
-2.23892611E-01 2021 02 19 01 30 02
-2.54159025E-01 2021 02 19 01 35 02
-2.67883340E-01 2021 02 19 01 40 02
-2.65466384E-01 2021 02 19 01 45 02
-2.30227984E-01 2021 02 19 01 50 02
-2.67105084E-01 2021 02 19 01 55 02
-2.94215384E-01 2021 02 19 02 00 02
-3.17062449E-01 2021 02 19 02 05 02
-3.20364340E-01 2021 02 19 02 10 02
-3.25121728E-01 2021 02 19 02 15 02
-3.27304561E-01 2021 02 19 02 20 03
-3.36214696E-01 2021 02 19 02 25 02
-3.52707734E-01 2021 02 19 02 30 02
-3.67658088E-01 2021 02 19 02 35 02
-3.72253152E-01 2021 02 19 02 40 02
-3.82591122E-01 2021 02 19 02 45 02
-3.79875717E-01 2021 02 19 02 50 02
-4.39630923E-01 2021 02 19 02 55 02
-4.55055249E-01 2021 02 19 03 00 02
-4.25594191E-01 2021 02 19 03 05 02
-4.08454124E-01 2021 02 19 03 10 02
-4.61697480E-01 2021 02 19 03 15 02
-4.46141550E-01 2021 02 19 03 20 02
-4.37122170E-01 2021 02 19 03 25 02
-4.69090392E-01 2021 02 19 03 30 02
-4.51051261E-01 2021 02 19 03 35 02
-4.60862325E-01 2021 02 19 03 40 02
-4.77683672E-01 2021 02 19 03 45 03
-4.75122146E-01 2021 02 19 03 50 02
-4.74703362E-01 2021 02 19 03 55 02
-4.74664550E-01 2021 02 19 04 00 02
-4.62961253E-01 2021 02 19 04 05 02
-4.65317062E-01 2021 02 19 04 10 03
-4.76189387E-01 2021 02 19 04 15 02
-4.75401284E-01 2021 02 19 04 20 02
-4.96022057E-01 2021 02 19 04 25 02
-4.91952373E-01 2021 02 19 04 30 02
-5.16621076E-01 2021 02 19 04 35 02
-4.93344696E-01 2021 02 19 04 40 02
-4.90310826E-01 2021 02 19 04 45 02
-4.63512509E-01 2021 02 19 04 50 02
-4.57209643E-01 2021 02 19 04 55 02
-5.51263681E-01 2021 02 19 05 00 02
-5.51235498E-01 2021 02 19 05 05 02
-5.54237612E-01 2021 02 19 05 10 02
-5.34950484E-01 2021 02 19 05 15 02
-5.27884960E-01 2021 02 19 05 20 02
-5.39722183E-01 2021 02 19 05 25 02
-5.13683577E-01 2021 02 19 05 30 02
-5.08777624E-01 2021 02 19 05 35 03
-5.05529620E-01 2021 02 19 05 40 02
-4.38743467E-01 2021 02 19 05 45 02
-4.44133072E-01 2021 02 19 05 50 02
-4.50781703E-01 2021 02 19 05 55 02
-4.70514616E-01 2021 02 19 06 00 03
-5.43470589E-01 2021 02 19 06 05 02
-4.90983852E-01 2021 02 19 06 10 02
-4.67648360E-01 2021 02 19 06 15 02
-4.59594796E-01 2021 02 19 06 20 02
-4.61990796E-01 2021 02 19 06 25 02
-4.70112070E-01 2021 02 19 06 30 02
-4.09320046E-01 2021 02 19 06 35 03
-4.52108716E-01 2021 02 19 06 40 02
-4.49470006E-01 2021 02 19 06 45 02
-4.59305399E-01 2021 02 19 06 50 02
-4.80744344E-01 2021 02 19 06 55 02
-4.45306861E-01 2021 02 19 07 00 03
-4.40301414E-01 2021 02 19 07 05 02
-5.10236595E-01 2021 02 19 07 10 02
-4.32556166E-01 2021 02 19 07 15 02
-4.99166500E-01 2021 02 19 07 20 02
-4.83357000E-01 2021 02 19 07 25 03
-3.57158961E-01 2021 02 19 07 30 02
-5.21601954E-01 2021 02 19 07 35 02
-4.72610863E-01 2021 02 19 07 40 02
-4.85384268E-01 2021 02 19 07 45 02
-4.93412582E-01 2021 02 19 07 50 02
-4.67591631E-01 2021 02 19 07 55 02
-5.28256452E-01 2021 02 19 08 00 02
-5.12072270E-01 2021 02 19 08 05 02
-5.25972880E-01 2021 02 19 08 10 02
-5.58190765E-01 2021 02 19 08 15 02
-5.24229464E-01 2021 02 19 08 20 02
-5.36031343E-01 2021 02 19 08 25 03
-4.99065742E-01 2021 02 19 08 30 02
-5.14131103E-01 2021 02 19 08 35 02
-5.70707716E-01 2021 02 19 08 40 02
-5.19672900E-01 2021 02 19 08 45 02
-5.69611562E-01 2021 02 19 08 50 03
-5.18739714E-01 2021 02 19 08 55 02
-5.51573954E-01 2021 02 19 09 00 02
-6.24741856E-01 2021 02 19 09 05 02
-5.51226446E-01 2021 02 19 09 10 02
-5.40567711E-01 2021 02 19 09 15 02
-5.46900288E-01 2021 02 19 09 20 02
-5.00220276E-01 2021 02 19 09 25 02
-5.73274857E-01 2021 02 19 09 30 02
-4.86922010E-01 2021 02 19 09 35 02
-5.18440662E-01 2021 02 19 09 40 02
-5.88203447E-01 2021 02 19 09 45 02
-5.33296342E-01 2021 02 19 09 50 02
-5.13024723E-01 2021 02 19 09 55 02
-6.75366307E-01 2021 02 19 10 00 02
-5.13381738E-01 2021 02 19 10 05 02
-4.78637526E-01 2021 02 19 10 10 02
-4.91238276E-01 2021 02 19 10 15 02
-4.99738007E-01 2021 02 19 10 20 02
-5.33286107E-01 2021 02 19 10 25 02
-5.08651919E-01 2021 02 19 10 30 02
-6.04818650E-01 2021 02 19 10 35 02
-5.36040897E-01 2021 02 19 10 40 03
-5.27651185E-01 2021 02 19 10 45 02
-4.71840224E-01 2021 02 19 10 50 02
-4.53795218E-01 2021 02 19 10 55 02
-4.39890637E-01 2021 02 19 11 00 02
-4.62704702E-01 2021 02 19 11 05 02
-5.52647214E-01 2021 02 19 11 10 02
-4.35748980E-01 2021 02 19 11 15 02
-2.70332100E-01 2021 02 19 11 20 02
-3.33101796E-01 2021 02 19 11 25 02
-4.23398770E-01 2021 02 19 11 30 02
-4.55224661E-01 2021 02 19 11 35 02
-4.13693619E-01 2021 02 19 11 40 03
-4.13697083E-01 2021 02 19 11 45 02
-3.32457780E-01 2021 02 19 11 50 02
-3.06340420E-01 2021 02 19 11 55 02
-1.64065665E-01 2021 02 19 12 00 02
-3.50822330E-01 2021 02 19 12 05 03
-2.34861921E-01 2021 02 19 12 10 02
-2.58472800E-01 2021 02 19 12 15 02
-2.68503358E-01 2021 02 19 12 20 02
-2.08405419E-01 2021 02 19 12 25 02
-2.92953134E-01 2021 02 19 12 30 02
-1.84099029E-01 2021 02 19 12 35 02
-2.74174298E-01 2021 02 19 12 40 02
-2.55118316E-01 2021 02 19 12 45 02
-2.00413477E-01 2021 02 19 12 50 02
-2.95121655E-01 2021 02 19 12 55 02
-2.18669962E-01 2021 02 19 13 00 02
-1.73874340E-01 2021 02 19 13 05 02
-2.52124556E-01 2021 02 19 13 10 02
-3.33549971E-01 2021 02 19 13 15 02
-3.77878747E-01 2021 02 19 13 20 02
-3.37566203E-01 2021 02 19 13 25 02
-2.82922830E-01 2021 02 19 13 30 03
-2.13641286E-01 2021 02 19 13 35 02
-2.33097598E-01 2021 02 19 13 40 02
-2.81115795E-01 2021 02 19 13 45 02
-2.64420562E-01 2021 02 19 13 50 02
-3.27614322E-01 2021 02 19 13 55 03
-3.30076177E-01 2021 02 19 14 00 02
-3.56358053E-01 2021 02 19 14 05 02
-4.11069566E-01 2021 02 19 14 10 02
-3.92336371E-01 2021 02 19 14 15 02
-4.84798697E-01 2021 02 19 14 20 02
-4.69856761E-01 2021 02 19 14 25 02
-4.57604467E-01 2021 02 19 14 30 03
-4.52458062E-01 2021 02 19 14 35 02
-5.72315345E-01 2021 02 19 14 40 02
-5.38911451E-01 2021 02 19 14 45 02
-5.73826375E-01 2021 02 19 14 50 02
-5.83081498E-01 2021 02 19 14 55 03
-6.09008565E-01 2021 02 19 15 00 02
-6.55196499E-01 2021 02 19 15 05 02
-7.23594432E-01 2021 02 19 15 10 02
-7.95099262E-01 2021 02 19 15 15 02
-7.40200150E-01 2021 02 19 15 20 02
-7.79158324E-01 2021 02 19 15 25 02
-7.28217541E-01 2021 02 19 15 30 02
-7.70464159E-01 2021 02 19 15 35 02
-8.62000028E-01 2021 02 19 15 40 02
-8.97589991E-01 2021 02 19 15 45 02
-9.66165413E-01 2021 02 19 15 50 02
-9.48085530E-01 2021 02 19 15 55 03
-9.44259938E-01 2021 02 19 16 00 02
-9.04515845E-01 2021 02 19 16 05 02
-9.32009130E-01 2021 02 19 16 10 02
-9.49727140E-01 2021 02 19 16 15 02
-9.73415065E-01 2021 02 19 16 20 03
-1.11230325E+00 2021 02 19 16 25 02
-9.87741439E-01 2021 02 19 16 30 02
-9.60382813E-01 2021 02 19 16 35 02
-9.16365955E-01 2021 02 19 16 40 02
-9.54771127E-01 2021 02 19 16 45 02
-9.27960284E-01 2021 02 19 16 50 02
-8.94028736E-01 2021 02 19 16 55 02
-1.00668965E+00 2021 02 19 17 00 02
-9.49186569E-01 2021 02 19 17 05 02
-1.05182961E+00 2021 02 19 17 10 02
-9.97742252E-01 2021 02 19 17 15 02
-9.78080001E-01 2021 02 19 17 20 03
-1.00555565E+00 2021 02 19 17 25 02
-8.89877146E-01 2021 02 19 17 30 02
-8.92757486E-01 2021 02 19 17 35 02
-9.73573964E-01 2021 02 19 17 40 02
-8.72558672E-01 2021 02 19 17 45 02
-8.38838850E-01 2021 02 19 17 50 02
-9.70472505E-01 2021 02 19 17 55 02
-9.35292512E-01 2021 02 19 18 00 02
-9.06732926E-01 2021 02 19 18 05 02
-7.38050436E-01 2021 02 19 18 10 02
-8.27531986E-01 2021 02 19 18 15 02
-8.88560616E-01 2021 02 19 18 20 02
-8.45805733E-01 2021 02 19 18 25 02
-8.45095615E-01 2021 02 19 18 30 02
-8.89405790E-01 2021 02 19 18 35 02
-8.82505829E-01 2021 02 19 18 40 02
-8.26542461E-01 2021 02 19 18 45 03
-8.93516530E-01 2021 02 19 18 50 02
-8.31429957E-01 2021 02 19 18 55 02
-6.81324583E-01 2021 02 19 19 00 02
-7.66507371E-01 2021 02 19 19 05 02
-6.92891275E-01 2021 02 19 19 10 02
-7.50472458E-01 2021 02 19 19 15 02
-8.55810147E-01 2021 02 19 19 20 02
-6.76597438E-01 2021 02 19 19 25 02
-7.08863703E-01 2021 02 19 19 30 02
-6.94288586E-01 2021 02 19 19 35 02
-7.01721136E-01 2021 02 19 19 40 02
-6.63604183E-01 2021 02 19 19 45 02
-7.77796977E-01 2021 02 19 19 50 02
-7.03031807E-01 2021 02 19 19 55 02
-5.99593112E-01 2021 02 19 20 00 02
-7.13457619E-01 2021 02 19 20 05 02
-7.32350455E-01 2021 02 19 20 10 02
-8.31483489E-01 2021 02 19 20 15 02
-8.73013263E-01 2021 02 19 20 20 02
-8.15401402E-01 2021 02 19 20 25 02
-8.14660549E-01 2021 02 19 20 30 02
-8.02483894E-01 2021 02 19 20 35 03
-8.13320622E-01 2021 02 19 20 40 02
-6.42375170E-01 2021 02 19 20 45 02
-7.47915132E-01 2021 02 19 20 50 02
-6.78160844E-01 2021 02 19 20 55 02
-6.42354880E-01 2021 02 19 21 00 02
-6.84732537E-01 2021 02 19 21 05 02
-5.09611315E-01 2021 02 19 21 10 02
-6.00882255E-01 2021 02 19 21 15 02
-5.05569679E-01 2021 02 19 21 20 02
-5.12393272E-01 2021 02 19 21 25 02
-5.72182109E-01 2021 02 19 21 30 02
-5.16857668E-01 2021 02 19 21 35 03
-4.41830900E-01 2021 02 19 21 40 02
-3.25625834E-01 2021 02 19 21 45 02
-4.05798274E-01 2021 02 19 21 50 02
-4.66827704E-01 2021 02 19 21 55 02
-7.59982532E-01 2021 02 19 22 00 03
-8.06504335E-01 2021 02 19 22 05 02
-6.83297264E-01 2021 02 19 22 10 02
-5.54561216E-01 2021 02 19 22 15 02
-5.17825854E-01 2021 02 19 22 20 02
-6.21613762E-01 2021 02 19 22 25 03
-5.49240067E-01 2021 02 19 22 30 02
-5.25526903E-01 2021 02 19 22 35 02
-5.72762581E-01 2021 02 19 22 40 02
-5.36988930E-01 2021 02 19 22 45 02
-6.17877078E-01 2021 02 19 22 50 02
-7.41327026E-01 2021 02 19 22 55 02
-8.38775895E-01 2021 02 19 23 00 02
-5.55862005E-01 2021 02 19 23 05 02
-4.48922385E-01 2021 02 19 23 10 02
-5.57481413E-01 2021 02 19 23 15 02
-6.72481864E-01 2021 02 19 23 20 02
-3.71804444E-01 2021 02 19 23 25 03
+4.07031446E-01 2021 02 19 23 30 02
+1.16428866E+00 2021 02 19 23 35 02
+7.76927759E-01 2021 02 19 23 40 02
+4.38851640E-01 2021 02 19 23 45 02
+1.09242730E-01 2021 02 19 23 50 03
-1.42736082E-01 2021 02 19 23 55 02
