-9.58349587E-01 2021 02 13 00 00 02
-1.02062513E+00 2021 02 13 00 05 02
-1.01935862E+00 2021 02 13 00 10 02
-1.01599376E+00 2021 02 13 00 15 02
-1.02237585E+00 2021 02 13 00 20 02
-1.06667372E+00 2021 02 13 00 25 02
-1.11764666E+00 2021 02 13 00 30 02
-1.09709569E+00 2021 02 13 00 35 02
-1.08232607E+00 2021 02 13 00 40 02
-1.09143481E+00 2021 02 13 00 45 02
-1.09467165E+00 2021 02 13 00 50 02
-1.07291451E+00 2021 02 13 00 55 02
-1.09630870E+00 2021 02 13 01 00 02
-1.06794813E+00 2021 02 13 01 05 02
-1.03676434E+00 2021 02 13 01 10 03
-1.03665982E+00 2021 02 13 01 15 02
-1.12822324E+00 2021 02 13 01 20 02
-1.02442943E+00 2021 02 13 01 25 02
-1.04244840E+00 2021 02 13 01 30 02
-1.01948118E+00 2021 02 13 01 35 03
-1.11950649E+00 2021 02 13 01 40 02
-1.06265047E+00 2021 02 13 01 45 02
-1.03998015E+00 2021 02 13 01 50 02
-1.08079095E+00 2021 02 13 01 55 02
-1.09175381E+00 2021 02 13 02 00 02
-1.03653406E+00 2021 02 13 02 05 02
-1.07204801E+00 2021 02 13 02 10 02
-9.74398670E-01 2021 02 13 02 15 02
-6.60602813E-01 2021 02 13 02 20 02
-7.33253434E-01 2021 02 13 02 25 02
-7.04837180E-01 2021 02 13 02 30 02
-7.34693878E-01 2021 02 13 02 35 02
-8.97972163E-01 2021 02 13 02 40 02
-9.42764697E-01 2021 02 13 02 45 02
-1.02015590E+00 2021 02 13 02 50 02
-9.98878751E-01 2021 02 13 02 55 02
-1.00139887E+00 2021 02 13 03 00 03
-1.05479470E+00 2021 02 13 03 05 02
-1.05326717E+00 2021 02 13 03 10 02
-9.79956800E-01 2021 02 13 03 15 02
-9.10607552E-01 2021 02 13 03 20 02
-8.50724850E-01 2021 02 13 03 25 03
-8.63274465E-01 2021 02 13 03 30 02
-7.86724999E-01 2021 02 13 03 35 02
-8.38450204E-01 2021 02 13 03 40 02
-7.28290388E-01 2021 02 13 03 45 02
-7.24522071E-01 2021 02 13 03 50 02
-7.91731669E-01 2021 02 13 03 55 02
-5.30888067E-01 2021 02 13 04 00 02
-3.72207283E-01 2021 02 13 04 05 02
-5.79840302E-01 2021 02 13 04 10 02
-6.96659686E-01 2021 02 13 04 15 02
-6.58355804E-01 2021 02 13 04 20 02
-6.12289733E-01 2021 02 13 04 25 03
-5.36688119E-01 2021 02 13 04 30 02
-4.18212352E-01 2021 02 13 04 35 02
-3.25365680E-01 2021 02 13 04 40 02
-2.68019190E-01 2021 02 13 04 45 02
-2.12733000E-01 2021 02 13 04 50 03
-1.34842783E-01 2021 02 13 04 55 02
-9.56802166E-02 2021 02 13 05 00 02
-4.74292745E-02 2021 02 13 05 05 02
-5.94949811E-02 2021 02 13 05 10 02
-1.07005073E-01 2021 02 13 05 15 02
+2.62939403E-01 2021 02 13 05 20 02
+1.73815600E-01 2021 02 13 05 25 02
+2.47406375E-01 2021 02 13 05 30 02
+3.41693769E-01 2021 02 13 05 35 02
+2.22363140E-01 2021 02 13 05 40 02
+3.78290594E-01 2021 02 13 05 45 02
+2.81566650E-01 2021 02 13 05 50 02
+3.14840776E-01 2021 02 13 05 55 02
+2.37252016E-01 2021 02 13 06 00 02
+1.46203155E-01 2021 02 13 06 05 02
+1.57536067E-01 2021 02 13 06 10 02
+9.78674432E-02 2021 02 13 06 15 03
+1.40165296E-01 2021 02 13 06 20 02
+9.33657871E-02 2021 02 13 06 25 02
+4.54886336E-02 2021 02 13 06 30 02
+1.51581028E-01 2021 02 13 06 35 02
+1.61934866E-01 2021 02 13 06 40 03
+2.77216989E-01 2021 02 13 06 45 02
+3.92024375E-01 2021 02 13 06 50 02
+4.12614382E-01 2021 02 13 06 55 02
+4.30581911E-01 2021 02 13 07 00 02
+4.50661279E-01 2021 02 13 07 05 02
+4.38577835E-01 2021 02 13 07 10 02
+3.11428315E-01 2021 02 13 07 15 02
+2.01486756E-01 2021 02 13 07 20 02
+9.84947364E-02 2021 02 13 07 25 02
-1.37965613E-02 2021 02 13 07 30 02
-1.28223692E-01 2021 02 13 07 35 02
-1.12708383E-01 2021 02 13 07 40 03
-2.33468862E-02 2021 02 13 07 45 02
-6.72949349E-02 2021 02 13 07 50 02
-7.69335583E-03 2021 02 13 07 55 02
-7.20160492E-02 2021 02 13 08 00 02
+3.50604661E-03 2021 02 13 08 05 02
+5.63440748E-02 2021 02 13 08 10 02
+3.04987072E-02 2021 02 13 08 15 02
-8.06208993E-03 2021 02 13 08 20 02
+1.39569946E-02 2021 02 13 08 25 02
+1.01274072E-01 2021 02 13 08 30 02
-7.07697844E-03 2021 02 13 08 35 02
-2.80417387E-03 2021 02 13 08 40 03
-3.63535145E-02 2021 02 13 08 45 02
-7.20163776E-02 2021 02 13 08 50 02
-2.48609916E-04 2021 02 13 08 55 02
-7.00698221E-02 2021 02 13 09 00 02
-9.45385049E-02 2021 02 13 09 05 03
-3.09168702E-02 2021 02 13 09 10 02
+2.43818267E-02 2021 02 13 09 15 02
-1.15401693E-01 2021 02 13 09 20 02
-1.36629034E-02 2021 02 13 09 25 02
+2.03869133E-02 2021 02 13 09 30 02
+1.19323871E-02 2021 02 13 09 35 02
+8.77485497E-03 2021 02 13 09 40 02
+3.33433085E-02 2021 02 13 09 45 02
-1.23787483E-01 2021 02 13 09 50 02
-1.27375527E-01 2021 02 13 09 55 02
-1.51725943E-01 2021 02 13 10 00 02
-1.70302790E-01 2021 02 13 10 05 02
-1.56778160E-01 2021 02 13 10 10 02
-5.15897642E-02 2021 02 13 10 15 02
-2.65877746E-02 2021 02 13 10 20 02
-9.42976381E-02 2021 02 13 10 25 02
-4.25882646E-02 2021 02 13 10 30 03
-2.97504884E-02 2021 02 13 10 35 02
+1.47501196E-02 2021 02 13 10 40 02
-1.94466382E-01 2021 02 13 10 45 02
-1.01359584E-01 2021 02 13 10 50 02
-2.43243826E-01 2021 02 13 10 55 02
-2.03580650E-01 2021 02 13 11 00 02
-3.24910438E-01 2021 02 13 11 05 02
-2.36879648E-01 2021 02 13 11 10 02
-2.24915987E-01 2021 02 13 11 15 02
-3.32684055E-01 2021 02 13 11 20 02
-4.23927619E-01 2021 02 13 11 25 02
-4.82763737E-01 2021 02 13 11 30 03
-4.78192117E-01 2021 02 13 11 35 02
-4.04640404E-01 2021 02 13 11 40 02
-5.76000425E-01 2021 02 13 11 45 02
-3.38676729E-01 2021 02 13 11 50 02
-5.16915316E-01 2021 02 13 11 55 02
-4.11235227E-01 2021 02 13 12 00 02
-5.17353702E-01 2021 02 13 12 05 02
-6.78737989E-01 2021 02 13 12 10 02
-4.25988070E-01 2021 02 13 12 15 02
-2.74885651E-01 2021 02 13 12 20 02
-3.10509658E-02 2021 02 13 12 25 02
-3.82510534E-01 2021 02 13 12 30 03
-5.66883777E-01 2021 02 13 12 35 02
-7.26396012E-01 2021 02 13 12 40 02
-8.84564831E-01 2021 02 13 12 45 02
-5.20773246E-01 2021 02 13 12 50 02
-1.88800983E-01 2021 02 13 12 55 03
-3.31620440E-01 2021 02 13 13 00 02
-4.05107166E-01 2021 02 13 13 05 02
-5.29673280E-01 2021 02 13 13 10 02
-6.38342610E-01 2021 02 13 13 15 02
-9.15450138E-01 2021 02 13 13 20 02
-8.27544700E-01 2021 02 13 13 25 02
-6.92044603E-01 2021 02 13 13 30 03
-5.77645413E-01 2021 02 13 13 35 02
-9.57962026E-01 2021 02 13 13 40 02
-1.00465295E+00 2021 02 13 13 45 02
-1.13941404E+00 2021 02 13 13 50 02
-1.21815963E+00 2021 02 13 13 55 02
-1.07364417E+00 2021 02 13 14 00 02
-1.03155832E+00 2021 02 13 14 05 02
-1.00298921E+00 2021 02 13 14 10 02
-8.97215104E-01 2021 02 13 14 15 02
-9.91027904E-01 2021 02 13 14 20 02
-1.03924862E+00 2021 02 13 14 25 02
-1.00411117E+00 2021 02 13 14 30 03
-9.23363870E-01 2021 02 13 14 35 02
-1.05888401E+00 2021 02 13 14 40 02
-8.65593162E-01 2021 02 13 14 45 02
-6.94852781E-01 2021 02 13 14 50 02
-8.74307097E-01 2021 02 13 14 55 02
-7.71742935E-01 2021 02 13 15 00 02
-9.21918791E-01 2021 02 13 15 05 02
-9.68548866E-01 2021 02 13 15 10 02
-9.06501299E-01 2021 02 13 15 15 02
-7.99286176E-01 2021 02 13 15 20 02
-8.15538315E-01 2021 02 13 15 25 02
-7.08225821E-01 2021 02 13 15 30 02
-7.64607369E-01 2021 02 13 15 35 02
-1.00670411E+00 2021 02 13 15 40 02
-8.24857541E-01 2021 02 13 15 45 02
-6.70033255E-01 2021 02 13 15 50 02
-9.25299116E-01 2021 02 13 15 55 03
-8.67235793E-01 2021 02 13 16 00 02
-6.97399636E-01 2021 02 13 16 05 02
-6.66526053E-01 2021 02 13 16 10 02
-5.74863006E-01 2021 02 13 16 15 02
-5.17912820E-01 2021 02 13 16 20 02
-4.46901188E-01 2021 02 13 16 25 02
-4.13919453E-01 2021 02 13 16 30 02
-4.09275709E-01 2021 02 13 16 35 02
-4.57324465E-01 2021 02 13 16 40 02
-4.21292321E-01 2021 02 13 16 45 02
-4.24323828E-01 2021 02 13 16 50 02
-5.04846896E-01 2021 02 13 16 55 03
-4.09593521E-01 2021 02 13 17 00 02
-3.55149901E-01 2021 02 13 17 05 02
-4.51047637E-01 2021 02 13 17 10 02
-2.93109415E-01 2021 02 13 17 15 02
-3.77843972E-01 2021 02 13 17 20 03
-4.74602838E-01 2021 02 13 17 25 02
-3.53704327E-01 2021 02 13 17 30 02
-5.14301124E-01 2021 02 13 17 35 02
-5.40270789E-01 2021 02 13 17 40 02
-4.59627171E-01 2021 02 13 17 45 02
-4.11474522E-01 2021 02 13 17 50 02
-2.80010761E-01 2021 02 13 17 55 02
-3.95767018E-01 2021 02 13 18 00 02
-2.04580587E-01 2021 02 13 18 05 02
-3.66271463E-01 2021 02 13 18 10 02
-2.63548056E-01 2021 02 13 18 15 02
-3.06941888E-01 2021 02 13 18 20 03
-2.01861198E-01 2021 02 13 18 25 02
-2.58467220E-01 2021 02 13 18 30 02
-2.89873845E-01 2021 02 13 18 35 02
-2.50423967E-01 2021 02 13 18 40 02
-3.68870450E-01 2021 02 13 18 45 03
-2.59660695E-01 2021 02 13 18 50 02
-2.52842571E-01 2021 02 13 18 55 02
-2.31545509E-01 2021 02 13 19 00 02
-3.68090957E-01 2021 02 13 19 05 02
-5.47554649E-01 2021 02 13 19 10 03
-4.88895037E-01 2021 02 13 19 15 02
-6.24892239E-01 2021 02 13 19 20 02
-7.34464767E-01 2021 02 13 19 25 02
-7.15193346E-01 2021 02 13 19 30 02
-6.67221983E-01 2021 02 13 19 35 02
-6.43512396E-01 2021 02 13 19 40 02
-8.09200756E-01 2021 02 13 19 45 02
-7.20084366E-01 2021 02 13 19 50 02
-5.54874169E-01 2021 02 13 19 55 02
-4.62968668E-01 2021 02 13 20 00 02
-3.69890747E-01 2021 02 13 20 05 02
-2.68211464E-01 2021 02 13 20 10 03
-4.93937189E-02 2021 02 13 20 15 02
+4.56135805E-02 2021 02 13 20 20 02
+1.79943835E-01 2021 02 13 20 25 02
+3.76560143E-01 2021 02 13 20 30 02
+4.94626055E-01 2021 02 13 20 35 03
+5.81819209E-01 2021 02 13 20 40 02
+4.68109140E-01 2021 02 13 20 45 02
+5.37198951E-01 2021 02 13 20 50 02
+3.59498092E-01 2021 02 13 20 55 02
+3.23394348E-01 2021 02 13 21 00 02
+1.21657076E-01 2021 02 13 21 05 02
+1.24891493E-01 2021 02 13 21 10 02
-6.92018796E-03 2021 02 13 21 15 02
-1.04605872E-01 2021 02 13 21 20 02
-1.88795651E-01 2021 02 13 21 25 02
-3.33734455E-01 2021 02 13 21 30 02
-4.30009801E-01 2021 02 13 21 35 02
-4.18263824E-01 2021 02 13 21 40 02
-4.35883041E-01 2021 02 13 21 45 02
-3.97940624E-01 2021 02 13 21 50 02
-3.51137537E-01 2021 02 13 21 55 02
-4.32246743E-01 2021 02 13 22 00 02
-3.03563335E-01 2021 02 13 22 05 02
-3.04254221E-01 2021 02 13 22 10 02
-4.60719583E-01 2021 02 13 22 15 02
-3.86073037E-01 2021 02 13 22 20 02
-3.74874039E-01 2021 02 13 22 25 02
-4.42392131E-01 2021 02 13 22 30 02
-5.15083447E-01 2021 02 13 22 35 02
-5.00804121E-01 2021 02 13 22 40 02
-4.43457316E-01 2021 02 13 22 45 02
-4.15817598E-01 2021 02 13 22 50 02
-5.89920333E-01 2021 02 13 22 55 02
-7.18368447E-01 2021 02 13 23 00 03
-6.52506486E-01 2021 02 13 23 05 02
-5.53977542E-01 2021 02 13 23 10 02
-5.67554091E-01 2021 02 13 23 15 02
-6.08827322E-01 2021 02 13 23 20 02
-8.51188509E-01 2021 02 13 23 25 03
-9.93487050E-01 2021 02 13 23 30 02
-8.22596418E-01 2021 02 13 23 35 02
-9.46487400E-01 2021 02 13 23 40 02
-9.06120470E-01 2021 02 13 23 45 02
-9.52636027E-01 2021 02 13 23 50 02
-9.26112141E-01 2021 02 13 23 55 02
