-3.46295792E-01 2021 02 23 00 00 02
-4.86373800E-01 2021 02 23 00 05 02
-4.53682473E-01 2021 02 23 00 10 02
-5.95335746E-01 2021 02 23 00 15 02
-5.94838568E-01 2021 02 23 00 20 02
-6.22436459E-01 2021 02 23 00 25 03
-6.47901194E-01 2021 02 23 00 30 02
-5.75442414E-01 2021 02 23 00 35 02
-5.16873167E-01 2021 02 23 00 40 02
-4.86303350E-01 2021 02 23 00 45 02
-4.57330723E-01 2021 02 23 00 50 02
-3.70740185E-01 2021 02 23 00 55 02
-3.67567594E-01 2021 02 23 01 00 02
-3.34041773E-01 2021 02 23 01 05 02
-2.83891154E-01 2021 02 23 01 10 02
-3.25743835E-01 2021 02 23 01 15 02
-3.39362825E-01 2021 02 23 01 20 02
-2.30325454E-01 2021 02 23 01 25 02
+9.26035644E-02 2021 02 23 01 30 02
+7.68433204E-02 2021 02 23 01 35 02
-6.22247782E-02 2021 02 23 01 40 02
-1.84147997E-01 2021 02 23 01 45 02
-1.87980669E-01 2021 02 23 01 50 03
-1.91122561E-01 2021 02 23 01 55 02
-1.95339300E-01 2021 02 23 02 00 02
-1.08118147E-01 2021 02 23 02 05 02
-9.59738633E-02 2021 02 23 02 10 02
-1.42112985E-01 2021 02 23 02 15 03
-1.67868230E-01 2021 02 23 02 20 02
-1.24139560E-01 2021 02 23 02 25 02
-4.88910772E-02 2021 02 23 02 30 02
-1.02331640E-01 2021 02 23 02 35 02
-1.05442984E-01 2021 02 23 02 40 02
-7.88618111E-02 2021 02 23 02 45 02
-9.90472065E-02 2021 02 23 02 50 02
-1.37281895E-01 2021 02 23 02 55 02
-7.99758877E-02 2021 02 23 03 00 02
-7.59834481E-02 2021 02 23 03 05 02
+2.35698668E-02 2021 02 23 03 10 02
+3.87241649E-02 2021 02 23 03 15 02
+1.04898215E-02 2021 02 23 03 20 02
+1.34122088E-02 2021 02 23 03 25 02
+1.03539396E-01 2021 02 23 03 30 02
+8.26128788E-02 2021 02 23 03 35 02
-3.71592807E-02 2021 02 23 03 40 03
+9.55156442E-02 2021 02 23 03 45 02
+5.25605978E-02 2021 02 23 03 50 02
+2.77736378E-02 2021 02 23 03 55 02
+6.05821320E-03 2021 02 23 04 00 02
-8.57851268E-02 2021 02 23 04 05 02
-2.16226492E-01 2021 02 23 04 10 02
-2.07935513E-01 2021 02 23 04 15 02
-7.46587242E-02 2021 02 23 04 20 02
+6.30230183E-02 2021 02 23 04 25 02
+3.70567757E-02 2021 02 23 04 30 02
+3.96644116E-02 2021 02 23 04 35 02
-1.59864816E-02 2021 02 23 04 40 02
-3.31952287E-02 2021 02 23 04 45 02
-2.52107313E-02 2021 02 23 04 50 02
-4.44762453E-02 2021 02 23 04 55 02
+8.49227873E-02 2021 02 23 05 00 02
+1.45073889E-01 2021 02 23 05 05 03
+1.60526205E-01 2021 02 23 05 10 02
-7.42426122E-02 2021 02 23 05 15 02
-1.26572513E-02 2021 02 23 05 20 02
+5.32478481E-02 2021 02 23 05 25 02
+1.35879277E-01 2021 02 23 05 30 02
+2.96338487E-01 2021 02 23 05 35 02
+4.02580288E-01 2021 02 23 05 40 02
+4.28246814E-01 2021 02 23 05 45 02
+3.94045346E-01 2021 02 23 05 50 02
+3.75751881E-01 2021 02 23 05 55 02
+8.09093886E-02 2021 02 23 06 00 02
-1.01586465E-01 2021 02 23 06 05 03
-2.77236820E-01 2021 02 23 06 10 02
-3.86454702E-01 2021 02 23 06 15 02
-3.16070515E-01 2021 02 23 06 20 02
-2.74949760E-01 2021 02 23 06 25 02
-3.66611311E-01 2021 02 23 06 30 03
-3.58285793E-01 2021 02 23 06 35 02
-2.80941615E-01 2021 02 23 06 40 02
-2.19104005E-01 2021 02 23 06 45 02
-1.47677980E-01 2021 02 23 06 50 02
-2.31648840E-01 2021 02 23 06 55 02
-3.01153778E-01 2021 02 23 07 00 02
-2.05783858E-01 2021 02 23 07 05 02
-1.67044861E-01 2021 02 23 07 10 02
-2.20367694E-01 2021 02 23 07 15 02
-1.03909256E-01 2021 02 23 07 20 02
-7.74675121E-02 2021 02 23 07 25 02
-1.34921663E-01 2021 02 23 07 30 02
-2.68241004E-01 2021 02 23 07 35 02
-3.05092731E-01 2021 02 23 07 40 02
-3.58952230E-01 2021 02 23 07 45 02
-3.73311326E-01 2021 02 23 07 50 02
-4.49798856E-01 2021 02 23 07 55 02
-3.10238752E-01 2021 02 23 08 00 02
-4.81639077E-01 2021 02 23 08 05 02
-4.65411710E-01 2021 02 23 08 10 02
-4.59977026E-01 2021 02 23 08 15 02
-4.60037541E-01 2021 02 23 08 20 02
-4.93353392E-01 2021 02 23 08 25 02
-4.38228790E-01 2021 02 23 08 30 02
-6.71640308E-01 2021 02 23 08 35 02
-6.52707813E-01 2021 02 23 08 40 02
-5.65329393E-01 2021 02 23 08 45 02
-4.43675172E-01 2021 02 23 08 50 02
-5.31915344E-01 2021 02 23 08 55 02
-5.13253466E-01 2021 02 23 09 00 02
-6.02317415E-01 2021 02 23 09 05 02
-5.67483141E-01 2021 02 23 09 10 02
-5.60708851E-01 2021 02 23 09 15 02
-6.02824633E-01 2021 02 23 09 20 03
-5.90163594E-01 2021 02 23 09 25 02
-6.76097675E-01 2021 02 23 09 30 02
-6.27329246E-01 2021 02 23 09 35 02
-6.20849841E-01 2021 02 23 09 40 02
-6.24307055E-01 2021 02 23 09 45 02
-6.25110353E-01 2021 02 23 09 50 02
-6.02315108E-01 2021 02 23 09 55 02
-5.93042307E-01 2021 02 23 10 00 02
-5.42705152E-01 2021 02 23 10 05 02
-5.87512836E-01 2021 02 23 10 10 02
-5.40546633E-01 2021 02 23 10 15 02
-4.77308929E-01 2021 02 23 10 20 03
-5.20708042E-01 2021 02 23 10 25 02
-4.13858347E-01 2021 02 23 10 30 02
-3.72779215E-01 2021 02 23 10 35 02
-4.21430346E-01 2021 02 23 10 40 02
-4.45784426E-01 2021 02 23 10 45 03
-3.74522715E-01 2021 02 23 10 50 02
-3.82019510E-01 2021 02 23 10 55 02
-3.78742685E-01 2021 02 23 11 00 02
-1.84947095E-01 2021 02 23 11 05 02
-5.17383244E-01 2021 02 23 11 10 02
-4.34463031E-01 2021 02 23 11 15 02
-4.49199940E-01 2021 02 23 11 20 02
-5.14121052E-01 2021 02 23 11 25 02
-5.76591020E-01 2021 02 23 11 30 02
-5.82390223E-01 2021 02 23 11 35 02
-3.36492578E-01 2021 02 23 11 40 02
-4.59733547E-01 2021 02 23 11 45 03
-4.21547973E-01 2021 02 23 11 50 02
-4.75957252E-01 2021 02 23 11 55 02
-2.33792627E-01 2021 02 23 12 00 02
-3.48778916E-01 2021 02 23 12 05 02
-3.60100893E-01 2021 02 23 12 10 03
-3.82724106E-01 2021 02 23 12 15 02
-4.29653257E-01 2021 02 23 12 20 02
-3.69535212E-01 2021 02 23 12 25 02
-4.54869179E-01 2021 02 23 12 30 02
-2.10051407E-01 2021 02 23 12 35 02
-6.23334152E-02 2021 02 23 12 40 02
-1.06576056E-01 2021 02 23 12 45 02
-1.91885735E-01 2021 02 23 12 50 02
-2.83733666E-01 2021 02 23 12 55 02
-1.91067899E-01 2021 02 23 13 00 02
-1.00680659E-01 2021 02 23 13 05 02
-1.29317247E-01 2021 02 23 13 10 02
-9.83598982E-03 2021 02 23 13 15 02
-1.39441417E-01 2021 02 23 13 20 02
-5.84674394E-02 2021 02 23 13 25 02
-2.47061307E-01 2021 02 23 13 30 02
-2.04050922E-01 2021 02 23 13 35 02
-3.15097255E-01 2021 02 23 13 40 02
-1.90728134E-01 2021 02 23 13 45 02
-2.57408418E-01 2021 02 23 13 50 02
-2.44146737E-01 2021 02 23 13 55 02
-3.24296293E-01 2021 02 23 14 00 03
-3.52209061E-01 2021 02 23 14 05 02
-1.93055208E-01 2021 02 23 14 10 02
-2.46633955E-01 2021 02 23 14 15 02
-1.91947201E-01 2021 02 23 14 20 02
-1.14633450E-01 2021 02 23 14 25 03
-4.33056760E-02 2021 02 23 14 30 02
-7.31977311E-02 2021 02 23 14 35 02
-1.89886521E-01 2021 02 23 14 40 02
-2.30919905E-01 2021 02 23 14 45 02
-4.86135045E-01 2021 02 23 14 50 03
-2.83682397E-01 2021 02 23 14 55 02
-3.43867983E-01 2021 02 23 15 00 02
-4.74908065E-01 2021 02 23 15 05 02
-3.32921637E-01 2021 02 23 15 10 02
-4.61652109E-01 2021 02 23 15 15 02
-3.61530005E-01 2021 02 23 15 20 02
-2.09076225E-01 2021 02 23 15 25 02
-2.82140283E-01 2021 02 23 15 30 02
-2.69833442E-01 2021 02 23 15 35 02
-2.06760915E-01 2021 02 23 15 40 02
-1.29889704E-01 2021 02 23 15 45 02
-1.62165475E-01 2021 02 23 15 50 03
-2.28422482E-01 2021 02 23 15 55 02
-1.77349363E-01 2021 02 23 16 00 02
-1.90867391E-01 2021 02 23 16 05 02
-2.26311908E-01 2021 02 23 16 10 02
-2.28399883E-01 2021 02 23 16 15 03
-2.53066998E-01 2021 02 23 16 20 02
-4.85228953E-01 2021 02 23 16 25 02
-3.02941081E-01 2021 02 23 16 30 02
-2.68720373E-01 2021 02 23 16 35 02
-2.97602888E-01 2021 02 23 16 40 02
-3.35969824E-01 2021 02 23 16 45 02
-3.29660110E-01 2021 02 23 16 50 02
-3.65833191E-01 2021 02 23 16 55 02
-4.22907250E-01 2021 02 23 17 00 02
-4.60968222E-01 2021 02 23 17 05 02
-5.00760812E-01 2021 02 23 17 10 02
-4.38534042E-01 2021 02 23 17 15 03
-4.16473514E-01 2021 02 23 17 20 02
-5.33708058E-01 2021 02 23 17 25 02
-5.26980446E-01 2021 02 23 17 30 02
-5.36946741E-01 2021 02 23 17 35 02
-5.12119016E-01 2021 02 23 17 40 02
-3.91365060E-01 2021 02 23 17 45 02
-4.17631350E-01 2021 02 23 17 50 02
-3.96045580E-01 2021 02 23 17 55 02
-4.30027026E-01 2021 02 23 18 00 02
-4.67579688E-01 2021 02 23 18 05 02
-3.53930489E-01 2021 02 23 18 10 02
-6.00526572E-01 2021 02 23 18 15 02
-5.57905912E-01 2021 02 23 18 20 02
-6.30535728E-01 2021 02 23 18 25 02
-6.01701539E-01 2021 02 23 18 30 02
-6.08515640E-01 2021 02 23 18 35 02
-5.69600557E-01 2021 02 23 18 40 03
-4.89754382E-01 2021 02 23 18 45 02
-4.94540700E-01 2021 02 23 18 50 02
-7.45589299E-01 2021 02 23 18 55 02
-6.69101651E-01 2021 02 23 19 00 02
-7.28037579E-01 2021 02 23 19 05 03
-7.97341434E-01 2021 02 23 19 10 02
-8.33895345E-01 2021 02 23 19 15 02
-8.57413041E-01 2021 02 23 19 20 02
-8.13412185E-01 2021 02 23 19 25 02
-8.28508461E-01 2021 02 23 19 30 02
-8.34924908E-01 2021 02 23 19 35 02
-6.52627415E-01 2021 02 23 19 40 02
-6.38501415E-01 2021 02 23 19 45 02
-6.49669001E-01 2021 02 23 19 50 02
-6.31876104E-01 2021 02 23 19 55 02
-5.98170211E-01 2021 02 23 20 00 02
-5.17741797E-01 2021 02 23 20 05 02
-4.73478900E-01 2021 02 23 20 10 02
-5.57431725E-01 2021 02 23 20 15 02
-6.13562901E-01 2021 02 23 20 20 02
-4.97246603E-01 2021 02 23 20 25 02
-5.35187955E-01 2021 02 23 20 30 03
-3.55088736E-01 2021 02 23 20 35 02
-4.18791700E-01 2021 02 23 20 40 02
-5.54497244E-01 2021 02 23 20 45 02
-6.91821495E-01 2021 02 23 20 50 02
-7.97643946E-01 2021 02 23 20 55 02
-9.22034608E-01 2021 02 23 21 00 02
-7.82997760E-01 2021 02 23 21 05 02
-9.50438987E-01 2021 02 23 21 10 02
-7.01606511E-01 2021 02 23 21 15 02
-7.30575924E-01 2021 02 23 21 20 02
-5.90020366E-01 2021 02 23 21 25 02
-8.10596917E-01 2021 02 23 21 30 02
-8.64359404E-01 2021 02 23 21 35 02
-7.46438913E-01 2021 02 23 21 40 02
-8.05225519E-01 2021 02 23 21 45 02
-6.63522074E-01 2021 02 23 21 50 02
-5.59358309E-01 2021 02 23 21 55 03
-8.00344898E-01 2021 02 23 22 00 02
-7.53759753E-01 2021 02 23 22 05 02
-7.61081479E-01 2021 02 23 22 10 02
-9.00755492E-01 2021 02 23 22 15 02
-8.64547913E-01 2021 02 23 22 20 03
-7.20290514E-01 2021 02 23 22 25 02
-7.27072530E-01 2021 02 23 22 30 02
-6.55055397E-01 2021 02 23 22 35 02
-8.33058434E-01 2021 02 23 22 40 02
-7.59604827E-01 2021 02 23 22 45 02
-6.19168414E-01 2021 02 23 22 50 02
-6.46263797E-01 2021 02 23 22 55 02
-4.28222993E-01 2021 02 23 23 00 02
-1.69202534E-01 2021 02 23 23 05 02
-5.00977907E-01 2021 02 23 23 10 02
-4.67602141E-01 2021 02 23 23 15 02
+6.61816268E-02 2021 02 23 23 20 02
+1.83674604E-01 2021 02 23 23 25 02
-4.41092326E-02 2021 02 23 23 30 02
-2.89147713E-01 2021 02 23 23 35 02
-4.16606389E-01 2021 02 23 23 40 02
-6.83525573E-01 2021 02 23 23 45 02
-7.75632158E-01 2021 02 23 23 50 02
-7.10547477E-01 2021 02 23 23 55 02
