-6.19343470E-01 2021 02 09 00 00 02
-6.23786545E-01 2021 02 09 00 05 02
-4.89272026E-01 2021 02 09 00 10 02
-4.87925470E-01 2021 02 09 00 15 02
-4.81112284E-01 2021 02 09 00 20 02
-5.14450391E-01 2021 02 09 00 25 02
-5.13252086E-01 2021 02 09 00 30 02
-4.64780807E-01 2021 02 09 00 35 02
-4.96980187E-01 2021 02 09 00 40 03
-4.30445192E-01 2021 02 09 00 45 02
-2.90586918E-01 2021 02 09 00 50 02
-3.23527724E-01 2021 02 09 00 55 02
-3.58505622E-01 2021 02 09 01 00 02
-4.75298931E-01 2021 02 09 01 05 03
-4.70848761E-01 2021 02 09 01 10 02
-4.11402815E-01 2021 02 09 01 15 02
-2.97501538E-01 2021 02 09 01 20 02
-2.93294387E-01 2021 02 09 01 25 02
-3.62150871E-01 2021 02 09 01 30 02
-2.17092036E-01 2021 02 09 01 35 02
-1.26555457E-01 2021 02 09 01 40 02
-2.95413848E-02 2021 02 09 01 45 02
-3.39545205E-02 2021 02 09 01 50 02
-1.37024715E-01 2021 02 09 01 55 02
-1.54433106E-01 2021 02 09 02 00 02
-1.31803307E-01 2021 02 09 02 05 02
-2.87567891E-02 2021 02 09 02 10 02
-6.69637826E-02 2021 02 09 02 15 02
-1.06111093E-01 2021 02 09 02 20 02
-1.99348778E-01 2021 02 09 02 25 02
-1.67805505E-01 2021 02 09 02 30 02
-2.97042122E-01 2021 02 09 02 35 02
-3.43346626E-01 2021 02 09 02 40 02
-2.28291596E-01 2021 02 09 02 45 02
-1.93092486E-01 2021 02 09 02 50 02
-1.86133594E-01 2021 02 09 02 55 03
-1.11148388E-01 2021 02 09 03 00 02
-5.46665740E-02 2021 02 09 03 05 02
-2.38796427E-02 2021 02 09 03 10 02
+1.91191259E-02 2021 02 09 03 15 02
+5.73386323E-02 2021 02 09 03 20 02
+6.23112353E-02 2021 02 09 03 25 02
+9.67102358E-02 2021 02 09 03 30 02
+7.02159500E-02 2021 02 09 03 35 02
+1.14953614E-01 2021 02 09 03 40 02
+1.57385081E-01 2021 02 09 03 45 02
+1.29200301E-01 2021 02 09 03 50 02
+1.55918318E-01 2021 02 09 03 55 02
+2.19227023E-01 2021 02 09 04 00 02
+1.67711463E-01 2021 02 09 04 05 02
+1.62460127E-01 2021 02 09 04 10 02
+1.44915274E-01 2021 02 09 04 15 02
+7.00955102E-02 2021 02 09 04 20 03
+1.01822574E-01 2021 02 09 04 25 02
+1.77859803E-01 2021 02 09 04 30 02
+2.09373527E-01 2021 02 09 04 35 02
+1.45794205E-01 2021 02 09 04 40 02
+1.64439176E-01 2021 02 09 04 45 03
+1.81108799E-01 2021 02 09 04 50 02
+2.91375732E-01 2021 02 09 04 55 02
+2.09653425E-01 2021 02 09 05 00 02
+2.42907411E-01 2021 02 09 05 05 02
+2.30945933E-01 2021 02 09 05 10 02
+2.58121115E-01 2021 02 09 05 15 02
+3.12958671E-01 2021 02 09 05 20 02
+3.11420107E-01 2021 02 09 05 25 02
+1.67107863E-01 2021 02 09 05 30 02
+1.10033492E-01 2021 02 09 05 35 02
+7.81943459E-02 2021 02 09 05 40 02
+1.37973613E-01 2021 02 09 05 45 02
+1.20087647E-01 2021 02 09 05 50 02
+6.78326549E-02 2021 02 09 05 55 02
+1.72519266E-01 2021 02 09 06 00 02
+4.52999221E-01 2021 02 09 06 05 02
+3.51328365E-01 2021 02 09 06 10 03
+3.96330979E-01 2021 02 09 06 15 02
+5.19443330E-01 2021 02 09 06 20 02
+4.93265304E-01 2021 02 09 06 25 02
+4.36245161E-01 2021 02 09 06 30 02
+3.57291087E-01 2021 02 09 06 35 03
+2.21763698E-01 2021 02 09 06 40 02
+1.98275800E-01 2021 02 09 06 45 02
-2.10247505E-02 2021 02 09 06 50 02
-4.02303876E-02 2021 02 09 06 55 02
-1.26492829E-01 2021 02 09 07 00 03
-7.69770457E-02 2021 02 09 07 05 02
+2.14408141E-02 2021 02 09 07 10 02
+1.34980490E-01 2021 02 09 07 15 02
+1.19792085E-01 2021 02 09 07 20 02
+1.25498339E-02 2021 02 09 07 25 02
+1.73052446E-02 2021 02 09 07 30 02
-1.80083133E-01 2021 02 09 07 35 02
-4.65975320E-02 2021 02 09 07 40 02
-1.61641658E-01 2021 02 09 07 45 02
-2.70503331E-01 2021 02 09 07 50 02
-1.55374013E-01 2021 02 09 07 55 02
-2.15880981E-01 2021 02 09 08 00 03
-1.73230979E-01 2021 02 09 08 05 02
-3.19732241E-01 2021 02 09 08 10 02
-2.36101916E-01 2021 02 09 08 15 02
-2.47359823E-01 2021 02 09 08 20 02
-1.93888481E-01 2021 02 09 08 25 03
-2.60660098E-01 2021 02 09 08 30 02
-3.51411008E-01 2021 02 09 08 35 02
-3.07912587E-01 2021 02 09 08 40 02
-4.05796746E-01 2021 02 09 08 45 02
-4.01348878E-01 2021 02 09 08 50 03
-4.09116491E-01 2021 02 09 08 55 02
-3.99658461E-01 2021 02 09 09 00 02
-4.51069556E-01 2021 02 09 09 05 02
-5.26693587E-01 2021 02 09 09 10 02
-5.20785202E-01 2021 02 09 09 15 02
-5.44728938E-01 2021 02 09 09 20 02
-5.57383411E-01 2021 02 09 09 25 02
-6.02870186E-01 2021 02 09 09 30 02
-5.37967847E-01 2021 02 09 09 35 02
-7.10575104E-01 2021 02 09 09 40 02
-6.79304720E-01 2021 02 09 09 45 02
-7.19824678E-01 2021 02 09 09 50 03
-7.79150649E-01 2021 02 09 09 55 02
-7.97544257E-01 2021 02 09 10 00 02
-8.05726108E-01 2021 02 09 10 05 02
-7.32161702E-01 2021 02 09 10 10 02
-8.00426901E-01 2021 02 09 10 15 02
-8.77102315E-01 2021 02 09 10 20 02
-9.84988300E-01 2021 02 09 10 25 02
-8.09690387E-01 2021 02 09 10 30 02
-1.04321681E+00 2021 02 09 10 35 02
-9.72779258E-01 2021 02 09 10 40 02
-9.64764088E-01 2021 02 09 10 45 02
-8.75121013E-01 2021 02 09 10 50 02
-8.05178621E-01 2021 02 09 10 55 02
-9.87736063E-01 2021 02 09 11 00 02
-8.57282805E-01 2021 02 09 11 05 02
-8.33239590E-01 2021 02 09 11 10 02
-9.26398047E-01 2021 02 09 11 15 03
-8.60382738E-01 2021 02 09 11 20 02
-9.05267268E-01 2021 02 09 11 25 02
-8.64253633E-01 2021 02 09 11 30 02
-8.82919884E-01 2021 02 09 11 35 02
-9.12378753E-01 2021 02 09 11 40 02
-9.42713039E-01 2021 02 09 11 45 02
-8.74756567E-01 2021 02 09 11 50 02
-8.40159702E-01 2021 02 09 11 55 02
-7.63619301E-01 2021 02 09 12 00 02
-7.57055131E-01 2021 02 09 12 05 02
-8.24787344E-01 2021 02 09 12 10 02
-8.40474462E-01 2021 02 09 12 15 02
-7.76113384E-01 2021 02 09 12 20 02
-8.99254482E-01 2021 02 09 12 25 02
-7.64609288E-01 2021 02 09 12 30 02
-6.46853805E-01 2021 02 09 12 35 02
-7.22143390E-01 2021 02 09 12 40 03
-6.97348858E-01 2021 02 09 12 45 02
-6.29386435E-01 2021 02 09 12 50 02
-7.74020870E-01 2021 02 09 12 55 02
-6.21939331E-01 2021 02 09 13 00 02
-7.15322964E-01 2021 02 09 13 05 02
-6.84548135E-01 2021 02 09 13 10 02
-6.59711638E-01 2021 02 09 13 15 02
-6.91221013E-01 2021 02 09 13 20 02
-5.86650678E-01 2021 02 09 13 25 02
-5.72587824E-01 2021 02 09 13 30 02
-5.62201031E-01 2021 02 09 13 35 02
-5.52090441E-01 2021 02 09 13 40 03
-5.17219588E-01 2021 02 09 13 45 02
-4.59172243E-01 2021 02 09 13 50 02
-4.97068403E-01 2021 02 09 13 55 02
-4.73521371E-01 2021 02 09 14 00 02
-4.31389364E-01 2021 02 09 14 05 03
-4.40029725E-01 2021 02 09 14 10 02
-4.35908499E-01 2021 02 09 14 15 02
-3.73976690E-01 2021 02 09 14 20 02
-4.28113236E-01 2021 02 09 14 25 02
-4.21257136E-01 2021 02 09 14 30 02
-4.34242318E-01 2021 02 09 14 35 02
-4.18207833E-01 2021 02 09 14 40 02
-4.06555652E-01 2021 02 09 14 45 02
-5.29585701E-01 2021 02 09 14 50 02
-3.63670919E-01 2021 02 09 14 55 02
-4.63936006E-01 2021 02 09 15 00 02
-4.96699405E-01 2021 02 09 15 05 03
-4.06681170E-01 2021 02 09 15 10 02
-4.88276201E-01 2021 02 09 15 15 02
-4.08651994E-01 2021 02 09 15 20 02
-3.47591532E-01 2021 02 09 15 25 02
-2.81265601E-01 2021 02 09 15 30 02
-2.77526679E-01 2021 02 09 15 35 02
-3.20059023E-01 2021 02 09 15 40 02
-3.80618484E-01 2021 02 09 15 45 02
-3.94723294E-01 2021 02 09 15 50 02
-3.75903817E-01 2021 02 09 15 55 02
-3.32591189E-01 2021 02 09 16 00 02
-3.34819372E-01 2021 02 09 16 05 02
-4.15926797E-01 2021 02 09 16 10 02
-3.71442039E-01 2021 02 09 16 15 02
-4.36066864E-01 2021 02 09 16 20 02
-4.71493394E-01 2021 02 09 16 25 02
-4.51241580E-01 2021 02 09 16 30 03
-4.33565918E-01 2021 02 09 16 35 02
-5.05607824E-01 2021 02 09 16 40 02
-5.04278823E-01 2021 02 09 16 45 02
-5.04201313E-01 2021 02 09 16 50 02
-4.79286522E-01 2021 02 09 16 55 03
-4.89629033E-01 2021 02 09 17 00 02
-3.96094987E-01 2021 02 09 17 05 02
-3.99887613E-01 2021 02 09 17 10 02
-3.86378858E-01 2021 02 09 17 15 02
-3.97737295E-01 2021 02 09 17 20 03
-4.63979339E-01 2021 02 09 17 25 02
-5.20586379E-01 2021 02 09 17 30 02
-4.85879887E-01 2021 02 09 17 35 02
-5.45596509E-01 2021 02 09 17 40 02
-6.02415416E-01 2021 02 09 17 45 03
-5.85034946E-01 2021 02 09 17 50 02
-6.38791873E-01 2021 02 09 17 55 02
-5.78279715E-01 2021 02 09 18 00 02
-4.77834672E-01 2021 02 09 18 05 02
-4.00730223E-01 2021 02 09 18 10 03
-4.17570559E-01 2021 02 09 18 15 02
-4.42516061E-01 2021 02 09 18 20 02
-4.08050357E-01 2021 02 09 18 25 02
-4.31105064E-01 2021 02 09 18 30 02
-4.75538046E-01 2021 02 09 18 35 02
-5.04672171E-01 2021 02 09 18 40 02
-5.24364893E-01 2021 02 09 18 45 02
-4.90462638E-01 2021 02 09 18 50 02
-6.47606547E-01 2021 02 09 18 55 02
-6.57973592E-01 2021 02 09 19 00 02
-6.27614107E-01 2021 02 09 19 05 02
-6.78938122E-01 2021 02 09 19 10 02
-6.23369244E-01 2021 02 09 19 15 02
-6.21144898E-01 2021 02 09 19 20 02
-5.64578743E-01 2021 02 09 19 25 02
-6.42011471E-01 2021 02 09 19 30 02
-6.04824254E-01 2021 02 09 19 35 03
-6.06928524E-01 2021 02 09 19 40 02
-6.17557935E-01 2021 02 09 19 45 02
-5.95039048E-01 2021 02 09 19 50 02
-6.60202066E-01 2021 02 09 19 55 02
-6.84515335E-01 2021 02 09 20 00 03
-5.88521287E-01 2021 02 09 20 05 02
-6.75714341E-01 2021 02 09 20 10 02
-6.44001244E-01 2021 02 09 20 15 02
-6.71042156E-01 2021 02 09 20 20 02
-6.54863982E-01 2021 02 09 20 25 03
-5.93803257E-01 2021 02 09 20 30 02
-5.53333784E-01 2021 02 09 20 35 02
-6.05989563E-01 2021 02 09 20 40 02
-7.09286413E-01 2021 02 09 20 45 02
-6.94706231E-01 2021 02 09 20 50 02
-7.12915578E-01 2021 02 09 20 55 02
-6.86239036E-01 2021 02 09 21 00 02
-7.55805684E-01 2021 02 09 21 05 02
-7.30723690E-01 2021 02 09 21 10 02
-7.20463665E-01 2021 02 09 21 15 02
-7.43907141E-01 2021 02 09 21 20 02
-8.99510905E-01 2021 02 09 21 25 03
-8.33866708E-01 2021 02 09 21 30 02
-7.95647528E-01 2021 02 09 21 35 02
-7.53902949E-01 2021 02 09 21 40 02
-8.11375013E-01 2021 02 09 21 45 02
-8.98139583E-01 2021 02 09 21 50 02
-1.02716858E+00 2021 02 09 21 55 02
-1.01288217E+00 2021 02 09 22 00 02
-8.32035442E-01 2021 02 09 22 05 02
-9.46781638E-01 2021 02 09 22 10 02
-9.84066686E-01 2021 02 09 22 15 02
-1.05162202E+00 2021 02 09 22 20 02
-8.97104551E-01 2021 02 09 22 25 02
-7.78339711E-01 2021 02 09 22 30 02
-9.75950023E-01 2021 02 09 22 35 02
-9.18641278E-01 2021 02 09 22 40 02
-9.58365484E-01 2021 02 09 22 45 02
-1.00014000E+00 2021 02 09 22 50 02
-9.75873384E-01 2021 02 09 22 55 02
-9.19586249E-01 2021 02 09 23 00 02
-9.60574396E-01 2021 02 09 23 05 02
-9.19671586E-01 2021 02 09 23 10 02
-9.70200582E-01 2021 02 09 23 15 03
-9.28400394E-01 2021 02 09 23 20 02
-9.70027426E-01 2021 02 09 23 25 02
-9.46831733E-01 2021 02 09 23 30 02
-9.59194356E-01 2021 02 09 23 35 02
-9.22416944E-01 2021 02 09 23 40 02
-8.95608503E-01 2021 02 09 23 45 02
-8.90614661E-01 2021 02 09 23 50 02
-8.64882393E-01 2021 02 09 23 55 02
