-5.71688193E-01 2021 02 02 00 00 02
-7.61878337E-01 2021 02 02 00 05 02
-7.14402036E-01 2021 02 02 00 10 02
-7.32887364E-01 2021 02 02 00 15 02
-6.82828612E-01 2021 02 02 00 20 03
-7.89094427E-01 2021 02 02 00 25 02
-8.11887675E-01 2021 02 02 00 30 02
-7.84603739E-01 2021 02 02 00 35 02
-8.45893468E-01 2021 02 02 00 40 02
-9.33149907E-01 2021 02 02 00 45 02
-9.17446687E-01 2021 02 02 00 50 02
-8.67167044E-01 2021 02 02 00 55 02
-9.33145061E-01 2021 02 02 01 00 02
-9.69387371E-01 2021 02 02 01 05 02
-9.08351704E-01 2021 02 02 01 10 02
-9.51856357E-01 2021 02 02 01 15 02
-9.47589902E-01 2021 02 02 01 20 03
-1.01311809E+00 2021 02 02 01 25 02
-1.10155438E+00 2021 02 02 01 30 02
-1.09481613E+00 2021 02 02 01 35 02
-1.24777987E+00 2021 02 02 01 40 02
-1.19854973E+00 2021 02 02 01 45 03
-1.25410774E+00 2021 02 02 01 50 02
-1.32101888E+00 2021 02 02 01 55 02
-1.38190579E+00 2021 02 02 02 00 02
-1.25224629E+00 2021 02 02 02 05 02
-1.18868236E+00 2021 02 02 02 10 03
-1.16663903E+00 2021 02 02 02 15 02
-1.16598494E+00 2021 02 02 02 20 02
-1.20119044E+00 2021 02 02 02 25 02
-1.17294139E+00 2021 02 02 02 30 02
-1.17701925E+00 2021 02 02 02 35 02
-1.17731841E+00 2021 02 02 02 40 02
-1.20955770E+00 2021 02 02 02 45 02
-1.24554752E+00 2021 02 02 02 50 02
-1.20980275E+00 2021 02 02 02 55 02
-1.15562623E+00 2021 02 02 03 00 02
-1.14255479E+00 2021 02 02 03 05 02
-1.06928379E+00 2021 02 02 03 10 03
-1.04725748E+00 2021 02 02 03 15 02
-1.02079331E+00 2021 02 02 03 20 02
-1.03953039E+00 2021 02 02 03 25 02
-1.03541233E+00 2021 02 02 03 30 02
-9.85774374E-01 2021 02 02 03 35 03
-9.75374185E-01 2021 02 02 03 40 02
-9.84686763E-01 2021 02 02 03 45 02
-1.05012309E+00 2021 02 02 03 50 02
-1.05864581E+00 2021 02 02 03 55 02
-9.74612179E-01 2021 02 02 04 00 02
-1.03278415E+00 2021 02 02 04 05 02
-1.13941905E+00 2021 02 02 04 10 02
-1.00515278E+00 2021 02 02 04 15 02
-8.91258589E-01 2021 02 02 04 20 02
-9.03165453E-01 2021 02 02 04 25 02
-1.01373986E+00 2021 02 02 04 30 02
-1.02017770E+00 2021 02 02 04 35 03
-9.10910374E-01 2021 02 02 04 40 02
-7.05770753E-01 2021 02 02 04 45 02
-6.25958621E-01 2021 02 02 04 50 02
-7.34579514E-01 2021 02 02 04 55 02
-7.16484679E-01 2021 02 02 05 00 03
-7.54745322E-01 2021 02 02 05 05 02
-7.00031370E-01 2021 02 02 05 10 02
-7.79434432E-01 2021 02 02 05 15 02
-7.67872223E-01 2021 02 02 05 20 02
-7.52916407E-01 2021 02 02 05 25 02
-6.92446745E-01 2021 02 02 05 30 02
-5.83711508E-01 2021 02 02 05 35 02
-5.09539979E-01 2021 02 02 05 40 02
-5.19110843E-01 2021 02 02 05 45 02
-6.67791536E-01 2021 02 02 05 50 02
-6.89590020E-01 2021 02 02 05 55 02
-7.22784818E-01 2021 02 02 06 00 02
-6.41753548E-01 2021 02 02 06 05 02
-5.76734493E-01 2021 02 02 06 10 02
-3.89205293E-01 2021 02 02 06 15 02
-3.87273987E-01 2021 02 02 06 20 02
-3.45299075E-01 2021 02 02 06 25 03
-3.43038080E-01 2021 02 02 06 30 02
-2.27752053E-01 2021 02 02 06 35 02
-2.37847380E-01 2021 02 02 06 40 02
-2.75306071E-01 2021 02 02 06 45 02
-3.30920465E-01 2021 02 02 06 50 02
-2.65033884E-01 2021 02 02 06 55 02
-1.94911567E-01 2021 02 02 07 00 02
-1.25120384E-01 2021 02 02 07 05 02
-1.97158538E-01 2021 02 02 07 10 02
-2.06487218E-01 2021 02 02 07 15 02
-2.15422640E-01 2021 02 02 07 20 02
-1.16214630E-01 2021 02 02 07 25 02
-1.73288045E-01 2021 02 02 07 30 02
-1.72488943E-01 2021 02 02 07 35 02
-2.30460748E-01 2021 02 02 07 40 02
-1.88205135E-01 2021 02 02 07 45 02
-1.06587609E-01 2021 02 02 07 50 03
-4.13792535E-02 2021 02 02 07 55 02
-3.93267041E-02 2021 02 02 08 00 02
-2.44902357E-02 2021 02 02 08 05 02
-2.18348178E-04 2021 02 02 08 10 02
-1.73079691E-02 2021 02 02 08 15 03
+6.36774785E-03 2021 02 02 08 20 02
+5.48087111E-02 2021 02 02 08 25 02
+8.86556660E-02 2021 02 02 08 30 02
+1.04042462E-01 2021 02 02 08 35 02
+3.45316106E-01 2021 02 02 08 40 02
+2.54284072E-01 2021 02 02 08 45 02
+2.93228137E-01 2021 02 02 08 50 02
+1.77444648E-01 2021 02 02 08 55 02
+1.33458268E-01 2021 02 02 09 00 02
+2.01707789E-02 2021 02 02 09 05 02
+1.89873130E-01 2021 02 02 09 10 02
+4.27430312E-02 2021 02 02 09 15 02
+2.78886645E-01 2021 02 02 09 20 02
+1.55092314E-01 2021 02 02 09 25 02
+1.88854989E-01 2021 02 02 09 30 02
+2.44511340E-01 2021 02 02 09 35 02
+1.44090550E-01 2021 02 02 09 40 03
+8.89284376E-02 2021 02 02 09 45 02
+7.98366695E-02 2021 02 02 09 50 02
-1.07623797E-01 2021 02 02 09 55 02
-2.08066494E-01 2021 02 02 10 00 02
-1.47964186E-01 2021 02 02 10 05 03
-8.01556016E-02 2021 02 02 10 10 02
+2.39940308E-01 2021 02 02 10 15 02
+2.52971088E-01 2021 02 02 10 20 02
+5.97807173E-02 2021 02 02 10 25 02
+3.69271066E-01 2021 02 02 10 30 02
+3.89590943E-01 2021 02 02 10 35 02
+4.05903993E-01 2021 02 02 10 40 02
+4.52702659E-01 2021 02 02 10 45 02
+4.52275709E-01 2021 02 02 10 50 02
+4.70969253E-01 2021 02 02 10 55 02
+3.89539022E-01 2021 02 02 11 00 02
+1.85513186E-01 2021 02 02 11 05 02
+2.86790687E-01 2021 02 02 11 10 02
+4.59890841E-01 2021 02 02 11 15 02
+3.21491563E-01 2021 02 02 11 20 02
+2.93507824E-01 2021 02 02 11 25 02
+6.92877473E-02 2021 02 02 11 30 03
+2.24960285E-01 2021 02 02 11 35 02
+2.87833033E-01 2021 02 02 11 40 02
+1.89636350E-01 2021 02 02 11 45 02
+6.87828631E-02 2021 02 02 11 50 02
-6.46262733E-02 2021 02 02 11 55 02
-2.07101593E-01 2021 02 02 12 00 02
-3.48092361E-01 2021 02 02 12 05 02
-9.50390824E-02 2021 02 02 12 10 02
-5.40789285E-02 2021 02 02 12 15 02
-1.82696621E-01 2021 02 02 12 20 02
-1.03303903E-01 2021 02 02 12 25 02
-4.21441495E-01 2021 02 02 12 30 02
+1.95963572E-02 2021 02 02 12 35 02
-2.72083241E-02 2021 02 02 12 40 02
-1.29609387E-01 2021 02 02 12 45 02
-4.44810142E-01 2021 02 02 12 50 02
-1.67424908E-01 2021 02 02 12 55 03
+1.95018827E-01 2021 02 02 13 00 02
-2.73865825E-01 2021 02 02 13 05 02
-3.56960194E-01 2021 02 02 13 10 02
-2.52562011E-01 2021 02 02 13 15 02
-1.34503289E-01 2021 02 02 13 20 03
-1.62890959E-01 2021 02 02 13 25 02
-4.16613590E-01 2021 02 02 13 30 02
-2.69441585E-01 2021 02 02 13 35 02
-4.64782877E-01 2021 02 02 13 40 02
-5.17899882E-01 2021 02 02 13 45 02
-6.95502620E-01 2021 02 02 13 50 02
-7.77809885E-01 2021 02 02 13 55 02
-7.07698292E-01 2021 02 02 14 00 02
-8.39916886E-01 2021 02 02 14 05 02
-8.78667194E-01 2021 02 02 14 10 02
-8.54121947E-01 2021 02 02 14 15 02
-8.17503678E-01 2021 02 02 14 20 03
-5.97735157E-01 2021 02 02 14 25 02
-5.50445416E-01 2021 02 02 14 30 02
-7.57375690E-01 2021 02 02 14 35 02
-9.42442191E-01 2021 02 02 14 40 02
-9.71343106E-01 2021 02 02 14 45 03
-7.01505236E-01 2021 02 02 14 50 02
-6.55198596E-01 2021 02 02 14 55 02
-9.73751562E-01 2021 02 02 15 00 02
-1.11109535E+00 2021 02 02 15 05 02
-1.17319800E+00 2021 02 02 15 10 02
-1.33947891E+00 2021 02 02 15 15 02
-1.34873717E+00 2021 02 02 15 20 03
-1.10924808E+00 2021 02 02 15 25 02
-8.94219048E-01 2021 02 02 15 30 02
-9.07886261E-01 2021 02 02 15 35 02
-8.40449018E-01 2021 02 02 15 40 02
-9.08081487E-01 2021 02 02 15 45 03
-9.49611088E-01 2021 02 02 15 50 02
-9.87925251E-01 2021 02 02 15 55 02
-9.69345352E-01 2021 02 02 16 00 02
-7.63689240E-01 2021 02 02 16 05 02
-8.63616362E-01 2021 02 02 16 10 02
-8.79157655E-01 2021 02 02 16 15 02
-1.15706585E+00 2021 02 02 16 20 02
-1.26396353E+00 2021 02 02 16 25 02
-1.11994135E+00 2021 02 02 16 30 02
-9.51373848E-01 2021 02 02 16 35 02
-1.18792500E+00 2021 02 02 16 40 02
-1.05760392E+00 2021 02 02 16 45 02
-7.43529992E-01 2021 02 02 16 50 02
-9.25651934E-01 2021 02 02 16 55 02
-8.87619803E-01 2021 02 02 17 00 02
-8.91563252E-01 2021 02 02 17 05 02
-8.91452870E-01 2021 02 02 17 10 03
-9.20389945E-01 2021 02 02 17 15 02
-8.77655114E-01 2021 02 02 17 20 02
-9.60921306E-01 2021 02 02 17 25 02
-8.14752697E-01 2021 02 02 17 30 02
-7.99974316E-01 2021 02 02 17 35 02
-7.63309187E-01 2021 02 02 17 40 02
-7.67682201E-01 2021 02 02 17 45 02
-7.47881070E-01 2021 02 02 17 50 02
-5.77441981E-01 2021 02 02 17 55 02
-6.23362482E-01 2021 02 02 18 00 02
-4.86919611E-01 2021 02 02 18 05 02
-7.08874824E-01 2021 02 02 18 10 02
-6.90999898E-01 2021 02 02 18 15 02
-5.97994026E-01 2021 02 02 18 20 02
-5.85044165E-01 2021 02 02 18 25 02
-5.65089887E-01 2021 02 02 18 30 02
-5.03777228E-01 2021 02 02 18 35 03
-5.21760885E-01 2021 02 02 18 40 02
-6.06354113E-01 2021 02 02 18 45 02
-4.46787260E-01 2021 02 02 18 50 02
-4.67823930E-01 2021 02 02 18 55 02
-4.87846898E-01 2021 02 02 19 00 03
-4.46869561E-01 2021 02 02 19 05 02
-3.83578418E-01 2021 02 02 19 10 02
-3.40276994E-01 2021 02 02 19 15 02
-3.55652068E-01 2021 02 02 19 20 02
-2.47492979E-01 2021 02 02 19 25 02
-2.60356498E-01 2021 02 02 19 30 02
-2.54028348E-01 2021 02 02 19 35 02
-3.07083942E-01 2021 02 02 19 40 02
-3.98812455E-01 2021 02 02 19 45 02
-4.14698559E-01 2021 02 02 19 50 02
-2.75896162E-01 2021 02 02 19 55 02
-2.60195248E-01 2021 02 02 20 00 02
-1.70927718E-01 2021 02 02 20 05 02
-4.04861826E-01 2021 02 02 20 10 02
-3.33477158E-01 2021 02 02 20 15 02
-3.12776612E-01 2021 02 02 20 20 02
-8.91983642E-02 2021 02 02 20 25 03
-6.15965737E-02 2021 02 02 20 30 02
-2.74976773E-02 2021 02 02 20 35 02
+4.49589506E-04 2021 02 02 20 40 02
-8.22967743E-02 2021 02 02 20 45 02
-2.05734903E-02 2021 02 02 20 50 02
-1.49838044E-02 2021 02 02 20 55 02
+1.74751223E-01 2021 02 02 21 00 02
+1.19711179E-01 2021 02 02 21 05 02
+9.60094419E-02 2021 02 02 21 10 02
+1.31942851E-01 2021 02 02 21 15 02
+3.56366030E-02 2021 02 02 21 20 02
-2.08854788E-01 2021 02 02 21 25 03
-2.47051721E-01 2021 02 02 21 30 02
-1.41373327E-01 2021 02 02 21 35 02
-3.44248902E-02 2021 02 02 21 40 02
+7.84647261E-03 2021 02 02 21 45 02
+7.08040743E-03 2021 02 02 21 50 03
-3.91844463E-02 2021 02 02 21 55 02
-5.98810446E-02 2021 02 02 22 00 02
-8.25414738E-03 2021 02 02 22 05 02
-8.64100907E-02 2021 02 02 22 10 02
-3.26245281E-02 2021 02 02 22 15 02
-2.58996095E-02 2021 02 02 22 20 02
-4.39295985E-02 2021 02 02 22 25 02
-1.42970513E-01 2021 02 02 22 30 02
-2.42157167E-01 2021 02 02 22 35 02
+1.60458800E-01 2021 02 02 22 40 02
+5.47191724E-01 2021 02 02 22 45 02
+5.02066774E-01 2021 02 02 22 50 03
+4.83110329E-01 2021 02 02 22 55 02
+2.89512834E-01 2021 02 02 23 00 02
+7.43152150E-02 2021 02 02 23 05 02
-2.63753365E-01 2021 02 02 23 10 02
-4.30817965E-01 2021 02 02 23 15 03
-5.40410523E-01 2021 02 02 23 20 02
-5.57826440E-01 2021 02 02 23 25 02
-6.44461855E-01 2021 02 02 23 30 02
-6.17028794E-01 2021 02 02 23 35 02
-6.82550566E-01 2021 02 02 23 40 02
-7.26888639E-01 2021 02 02 23 45 02
-7.01791517E-01 2021 02 02 23 50 02
-6.58437948E-01 2021 02 02 23 55 02
