-9.88445193E-01 2021 02 11 00 00 02
-1.00409402E+00 2021 02 11 00 05 02
-1.03506332E+00 2021 02 11 00 10 02
-9.75817516E-01 2021 02 11 00 15 02
-1.05834328E+00 2021 02 11 00 20 02
-9.67173192E-01 2021 02 11 00 25 02
-9.80804650E-01 2021 02 11 00 30 02
-9.47785856E-01 2021 02 11 00 35 02
-9.65386770E-01 2021 02 11 00 40 02
-9.98559399E-01 2021 02 11 00 45 02
-9.89081634E-01 2021 02 11 00 50 02
-9.72052877E-01 2021 02 11 00 55 03
-9.65379464E-01 2021 02 11 01 00 02
-9.52460694E-01 2021 02 11 01 05 02
-9.63615019E-01 2021 02 11 01 10 02
-9.75505729E-01 2021 02 11 01 15 02
-9.17965518E-01 2021 02 11 01 20 02
-8.70009013E-01 2021 02 11 01 25 02
-8.46456923E-01 2021 02 11 01 30 02
-7.79083505E-01 2021 02 11 01 35 02
-7.39062584E-01 2021 02 11 01 40 02
-7.50180643E-01 2021 02 11 01 45 02
-7.25322302E-01 2021 02 11 01 50 02
-6.44387732E-01 2021 02 11 01 55 02
-6.58462308E-01 2021 02 11 02 00 02
-6.27186546E-01 2021 02 11 02 05 02
-6.34260293E-01 2021 02 11 02 10 02
-6.38337323E-01 2021 02 11 02 15 02
-6.09383501E-01 2021 02 11 02 20 03
-6.01681456E-01 2021 02 11 02 25 02
-5.95432231E-01 2021 02 11 02 30 02
-5.52962245E-01 2021 02 11 02 35 02
-5.02606432E-01 2021 02 11 02 40 02
-4.39122411E-01 2021 02 11 02 45 03
-4.05639956E-01 2021 02 11 02 50 02
-4.63455350E-01 2021 02 11 02 55 02
-4.34744923E-01 2021 02 11 03 00 02
-3.45987649E-01 2021 02 11 03 05 02
-2.80046825E-01 2021 02 11 03 10 03
-2.51053358E-01 2021 02 11 03 15 02
-3.05841969E-01 2021 02 11 03 20 02
-2.56763419E-01 2021 02 11 03 25 02
-2.54320022E-01 2021 02 11 03 30 02
-2.33497314E-01 2021 02 11 03 35 02
-1.70935596E-01 2021 02 11 03 40 02
-1.36988618E-01 2021 02 11 03 45 02
-8.56815400E-02 2021 02 11 03 50 02
-1.11057408E-01 2021 02 11 03 55 02
-1.26300251E-01 2021 02 11 04 00 02
-1.17281069E-01 2021 02 11 04 05 02
-6.86055567E-02 2021 02 11 04 10 03
-5.48610417E-02 2021 02 11 04 15 02
-3.15607572E-02 2021 02 11 04 20 02
+1.70460077E-03 2021 02 11 04 25 02
+3.88748682E-02 2021 02 11 04 30 02
+3.37157301E-02 2021 02 11 04 35 03
+1.24097626E-02 2021 02 11 04 40 02
+4.96740986E-02 2021 02 11 04 45 02
+8.21957460E-02 2021 02 11 04 50 02
+1.33368706E-01 2021 02 11 04 55 02
+1.65565389E-01 2021 02 11 05 00 02
+1.76761121E-01 2021 02 11 05 05 02
+1.92161809E-01 2021 02 11 05 10 02
+2.08862659E-01 2021 02 11 05 15 02
+2.27453951E-01 2021 02 11 05 20 02
+2.36160698E-01 2021 02 11 05 25 02
+2.64781364E-01 2021 02 11 05 30 02
+3.25831693E-01 2021 02 11 05 35 03
+3.38215228E-01 2021 02 11 05 40 02
+3.32306648E-01 2021 02 11 05 45 02
+2.81077581E-01 2021 02 11 05 50 02
+2.74995412E-01 2021 02 11 05 55 02
+3.01905178E-01 2021 02 11 06 00 03
+3.14135928E-01 2021 02 11 06 05 02
+3.19623403E-01 2021 02 11 06 10 02
+3.94691483E-01 2021 02 11 06 15 02
+3.16366905E-01 2021 02 11 06 20 02
+3.39409154E-01 2021 02 11 06 25 02
+3.56435781E-01 2021 02 11 06 30 02
+3.46253169E-01 2021 02 11 06 35 02
+3.75482011E-01 2021 02 11 06 40 02
+4.22668150E-01 2021 02 11 06 45 02
+3.57981454E-01 2021 02 11 06 50 02
+3.73261620E-01 2021 02 11 06 55 02
+3.56144557E-01 2021 02 11 07 00 03
+2.97650185E-01 2021 02 11 07 05 02
+3.82422114E-01 2021 02 11 07 10 02
+2.88817815E-01 2021 02 11 07 15 02
+2.81507071E-01 2021 02 11 07 20 02
+2.67521280E-01 2021 02 11 07 25 02
+1.65004180E-01 2021 02 11 07 30 02
+2.03557600E-01 2021 02 11 07 35 02
+1.99642476E-01 2021 02 11 07 40 02
+1.60173440E-01 2021 02 11 07 45 03
+1.28296903E-01 2021 02 11 07 50 02
+9.48304986E-02 2021 02 11 07 55 02
+4.67764852E-02 2021 02 11 08 00 02
+2.30393964E-02 2021 02 11 08 05 02
+7.49172973E-03 2021 02 11 08 10 03
-3.13323168E-02 2021 02 11 08 15 02
-6.64416790E-02 2021 02 11 08 20 02
-4.88565761E-02 2021 02 11 08 25 02
-6.49161899E-02 2021 02 11 08 30 02
-1.05277335E-01 2021 02 11 08 35 03
-1.27471965E-01 2021 02 11 08 40 02
-1.70825557E-01 2021 02 11 08 45 02
-2.91114160E-01 2021 02 11 08 50 02
-1.64579442E-01 2021 02 11 08 55 02
-2.49610957E-01 2021 02 11 09 00 02
-2.67470132E-01 2021 02 11 09 05 02
-2.37465205E-01 2021 02 11 09 10 02
-3.42418706E-01 2021 02 11 09 15 02
-2.77554020E-01 2021 02 11 09 20 02
-3.47872206E-01 2021 02 11 09 25 02
-3.46047888E-01 2021 02 11 09 30 02
-3.67402908E-01 2021 02 11 09 35 03
-3.99725205E-01 2021 02 11 09 40 02
-3.63032661E-01 2021 02 11 09 45 02
-4.98405766E-01 2021 02 11 09 50 02
-4.85816775E-01 2021 02 11 09 55 02
-4.93518805E-01 2021 02 11 10 00 03
-4.33102602E-01 2021 02 11 10 05 02
-5.28988855E-01 2021 02 11 10 10 02
-5.11986573E-01 2021 02 11 10 15 02
-5.25742573E-01 2021 02 11 10 20 02
-6.30636164E-01 2021 02 11 10 25 03
-6.02339792E-01 2021 02 11 10 30 02
-6.52851160E-01 2021 02 11 10 35 02
-6.17646811E-01 2021 02 11 10 40 02
-6.56600530E-01 2021 02 11 10 45 02
-6.64126188E-01 2021 02 11 10 50 02
-6.27615875E-01 2021 02 11 10 55 02
-6.35005740E-01 2021 02 11 11 00 02
-6.84273626E-01 2021 02 11 11 05 02
-7.40647290E-01 2021 02 11 11 10 02
-6.66779712E-01 2021 02 11 11 15 02
-6.83985771E-01 2021 02 11 11 20 02
-6.97048482E-01 2021 02 11 11 25 02
-6.64609895E-01 2021 02 11 11 30 02
-7.73948466E-01 2021 02 11 11 35 02
-6.99283178E-01 2021 02 11 11 40 02
-6.92814573E-01 2021 02 11 11 45 02
-6.74937682E-01 2021 02 11 11 50 03
-7.07198153E-01 2021 02 11 11 55 02
-7.10400936E-01 2021 02 11 12 00 02
-6.08292460E-01 2021 02 11 12 05 02
-6.81228767E-01 2021 02 11 12 10 02
-6.93926305E-01 2021 02 11 12 15 03
-6.94982752E-01 2021 02 11 12 20 02
-7.81337853E-01 2021 02 11 12 25 02
-8.48921800E-01 2021 02 11 12 30 02
-7.29582103E-01 2021 02 11 12 35 02
-7.31409810E-01 2021 02 11 12 40 02
-6.69919716E-01 2021 02 11 12 45 02
-6.84511044E-01 2021 02 11 12 50 02
-7.18130428E-01 2021 02 11 12 55 02
-6.17917355E-01 2021 02 11 13 00 02
-6.69337640E-01 2021 02 11 13 05 02
-7.28837730E-01 2021 02 11 13 10 02
-7.02226873E-01 2021 02 11 13 15 02
-7.33758839E-01 2021 02 11 13 20 02
-7.84240613E-01 2021 02 11 13 25 02
-7.17400096E-01 2021 02 11 13 30 02
-7.42540536E-01 2021 02 11 13 35 02
-7.81678719E-01 2021 02 11 13 40 03
-7.36317520E-01 2021 02 11 13 45 02
-7.07818037E-01 2021 02 11 13 50 02
-7.77764577E-01 2021 02 11 13 55 02
-7.61977623E-01 2021 02 11 14 00 02
-7.49697156E-01 2021 02 11 14 05 03
-7.17031016E-01 2021 02 11 14 10 02
-7.25960308E-01 2021 02 11 14 15 02
-6.91800781E-01 2021 02 11 14 20 02
-6.77230919E-01 2021 02 11 14 25 02
-7.97088232E-01 2021 02 11 14 30 02
-7.19565115E-01 2021 02 11 14 35 02
-7.28101980E-01 2021 02 11 14 40 02
-7.12638364E-01 2021 02 11 14 45 02
-7.50530236E-01 2021 02 11 14 50 02
-7.14926599E-01 2021 02 11 14 55 02
-6.31992510E-01 2021 02 11 15 00 02
-7.07620552E-01 2021 02 11 15 05 03
-5.84536781E-01 2021 02 11 15 10 02
-5.76013218E-01 2021 02 11 15 15 02
-5.67498192E-01 2021 02 11 15 20 02
-5.63986041E-01 2021 02 11 15 25 02
-5.78161855E-01 2021 02 11 15 30 03
-5.62003489E-01 2021 02 11 15 35 02
-5.67905597E-01 2021 02 11 15 40 02
-5.74761856E-01 2021 02 11 15 45 02
-5.15969724E-01 2021 02 11 15 50 02
-3.94530045E-01 2021 02 11 15 55 02
-5.16017122E-01 2021 02 11 16 00 02
-4.61604367E-01 2021 02 11 16 05 02
-4.29041303E-01 2021 02 11 16 10 02
-4.34214818E-01 2021 02 11 16 15 02
-3.75008633E-01 2021 02 11 16 20 02
-4.88884766E-01 2021 02 11 16 25 02
-3.42727125E-01 2021 02 11 16 30 02
-4.26819961E-01 2021 02 11 16 35 02
-4.36964174E-01 2021 02 11 16 40 02
-3.75555746E-01 2021 02 11 16 45 02
-4.33991221E-01 2021 02 11 16 50 02
-3.88165491E-01 2021 02 11 16 55 03
-3.49330429E-01 2021 02 11 17 00 02
-2.68900473E-01 2021 02 11 17 05 02
-3.23217451E-01 2021 02 11 17 10 02
-3.15761624E-01 2021 02 11 17 15 02
-3.28050085E-01 2021 02 11 17 20 02
-3.02232864E-01 2021 02 11 17 25 02
-2.91180334E-01 2021 02 11 17 30 02
-2.73319166E-01 2021 02 11 17 35 02
-2.83932745E-01 2021 02 11 17 40 02
-2.50668862E-01 2021 02 11 17 45 02
-3.03114015E-01 2021 02 11 17 50 02
-2.51068484E-01 2021 02 11 17 55 03
-1.71013793E-01 2021 02 11 18 00 02
-1.40287768E-01 2021 02 11 18 05 02
-1.33528086E-01 2021 02 11 18 10 02
-9.93588280E-02 2021 02 11 18 15 02
-1.58288261E-01 2021 02 11 18 20 02
-1.16418262E-01 2021 02 11 18 25 02
-1.29966547E-01 2021 02 11 18 30 02
-1.46468154E-01 2021 02 11 18 35 02
-8.31491585E-02 2021 02 11 18 40 02
-7.62485497E-02 2021 02 11 18 45 02
-4.77221545E-02 2021 02 11 18 50 02
-6.99604744E-02 2021 02 11 18 55 03
-1.43998594E-01 2021 02 11 19 00 02
-1.30496375E-01 2021 02 11 19 05 02
-1.12700001E-01 2021 02 11 19 10 02
-1.25098903E-01 2021 02 11 19 15 02
+1.82267675E-02 2021 02 11 19 20 02
-2.89528168E-02 2021 02 11 19 25 02
-1.99245330E-02 2021 02 11 19 30 02
-3.33387840E-02 2021 02 11 19 35 02
-1.10100735E-01 2021 02 11 19 40 02
-1.42848859E-01 2021 02 11 19 45 02
-1.48364338E-01 2021 02 11 19 50 02
-1.64146917E-01 2021 02 11 19 55 02
-2.36445345E-01 2021 02 11 20 00 02
-2.77595969E-01 2021 02 11 20 05 02
-2.17754308E-01 2021 02 11 20 10 02
-2.50280194E-01 2021 02 11 20 15 02
-1.09927972E-01 2021 02 11 20 20 03
-2.79371529E-01 2021 02 11 20 25 02
-3.12931201E-01 2021 02 11 20 30 02
-2.74542395E-01 2021 02 11 20 35 02
-2.85527477E-01 2021 02 11 20 40 02
-2.57083519E-01 2021 02 11 20 45 03
-2.42028532E-01 2021 02 11 20 50 02
-2.98746926E-01 2021 02 11 20 55 02
-3.35861985E-01 2021 02 11 21 00 02
-3.14214889E-01 2021 02 11 21 05 02
-4.28117645E-01 2021 02 11 21 10 03
-3.42446853E-01 2021 02 11 21 15 02
-4.00030800E-01 2021 02 11 21 20 02
-4.75634888E-01 2021 02 11 21 25 02
-5.00764047E-01 2021 02 11 21 30 02
-4.96126325E-01 2021 02 11 21 35 02
-5.60338907E-01 2021 02 11 21 40 02
-5.70193303E-01 2021 02 11 21 45 02
-6.25806059E-01 2021 02 11 21 50 02
-5.70465740E-01 2021 02 11 21 55 02
-5.95188960E-01 2021 02 11 22 00 02
-5.96070852E-01 2021 02 11 22 05 02
-6.46867495E-01 2021 02 11 22 10 02
-6.76793331E-01 2021 02 11 22 15 02
-6.63843247E-01 2021 02 11 22 20 02
-7.65314778E-01 2021 02 11 22 25 02
-7.60026822E-01 2021 02 11 22 30 02
-7.71365599E-01 2021 02 11 22 35 03
-7.86125048E-01 2021 02 11 22 40 02
-8.64907239E-01 2021 02 11 22 45 02
-8.90660111E-01 2021 02 11 22 50 02
-8.70245848E-01 2021 02 11 22 55 02
-8.60735762E-01 2021 02 11 23 00 03
-8.66545300E-01 2021 02 11 23 05 02
-8.76655265E-01 2021 02 11 23 10 02
-9.02839364E-01 2021 02 11 23 15 02
-8.90622635E-01 2021 02 11 23 20 02
-9.71653544E-01 2021 02 11 23 25 02
-1.01158404E+00 2021 02 11 23 30 02
-9.64451164E-01 2021 02 11 23 35 02
-9.83880673E-01 2021 02 11 23 40 02
-1.00107730E+00 2021 02 11 23 45 02
-9.27932847E-01 2021 02 11 23 50 02
-1.00780275E+00 2021 02 11 23 55 02
