-8.66612232E-01 2021 02 15 00 00 02
-8.87543953E-01 2021 02 15 00 05 02
-8.75026483E-01 2021 02 15 00 10 02
-8.68522893E-01 2021 02 15 00 15 02
-7.88000274E-01 2021 02 15 00 20 02
-8.31747516E-01 2021 02 15 00 25 03
-8.95561715E-01 2021 02 15 00 30 02
-9.08312712E-01 2021 02 15 00 35 02
-9.79622132E-01 2021 02 15 00 40 02
-9.99744467E-01 2021 02 15 00 45 02
-1.03646425E+00 2021 02 15 00 50 02
-1.02860641E+00 2021 02 15 00 55 02
-1.02401483E+00 2021 02 15 01 00 02
-1.01323733E+00 2021 02 15 01 05 02
-9.95780770E-01 2021 02 15 01 10 02
-1.02899258E+00 2021 02 15 01 15 02
-1.04210919E+00 2021 02 15 01 20 02
-1.05323134E+00 2021 02 15 01 25 03
-1.07986372E+00 2021 02 15 01 30 02
-1.09046815E+00 2021 02 15 01 35 02
-1.08210783E+00 2021 02 15 01 40 02
-1.08296771E+00 2021 02 15 01 45 02
-1.11538163E+00 2021 02 15 01 50 02
-1.10341322E+00 2021 02 15 01 55 02
-1.10136538E+00 2021 02 15 02 00 02
-1.10273263E+00 2021 02 15 02 05 02
-1.09561892E+00 2021 02 15 02 10 02
-1.08973294E+00 2021 02 15 02 15 02
-1.08840927E+00 2021 02 15 02 20 02
-1.07972939E+00 2021 02 15 02 25 03
-1.08145028E+00 2021 02 15 02 30 02
-1.05356814E+00 2021 02 15 02 35 02
-1.06157819E+00 2021 02 15 02 40 02
-1.05556944E+00 2021 02 15 02 45 02
-1.04403481E+00 2021 02 15 02 50 03
-1.06332540E+00 2021 02 15 02 55 02
-1.06709762E+00 2021 02 15 03 00 02
-1.07050570E+00 2021 02 15 03 05 02
-1.06509842E+00 2021 02 15 03 10 02
-1.04703740E+00 2021 02 15 03 15 02
-1.03444504E+00 2021 02 15 03 20 02
-1.02750385E+00 2021 02 15 03 25 02
-1.01848409E+00 2021 02 15 03 30 02
-9.79385487E-01 2021 02 15 03 35 02
-9.54658651E-01 2021 02 15 03 40 02
-9.15753736E-01 2021 02 15 03 45 02
-8.95788645E-01 2021 02 15 03 50 03
-8.56143264E-01 2021 02 15 03 55 02
-8.53327382E-01 2021 02 15 04 00 02
-8.00640634E-01 2021 02 15 04 05 02
-7.62161122E-01 2021 02 15 04 10 02
-7.48489393E-01 2021 02 15 04 15 03
-7.25195383E-01 2021 02 15 04 20 02
-7.24609785E-01 2021 02 15 04 25 02
-7.09833342E-01 2021 02 15 04 30 02
-6.79672770E-01 2021 02 15 04 35 02
-6.48122406E-01 2021 02 15 04 40 02
-6.33873666E-01 2021 02 15 04 45 02
-5.92957933E-01 2021 02 15 04 50 02
-5.79862628E-01 2021 02 15 04 55 02
-5.61410438E-01 2021 02 15 05 00 02
-5.41678656E-01 2021 02 15 05 05 02
-4.98046081E-01 2021 02 15 05 10 02
-4.51801423E-01 2021 02 15 05 15 03
-4.32799171E-01 2021 02 15 05 20 02
-4.32809835E-01 2021 02 15 05 25 02
-4.02416220E-01 2021 02 15 05 30 02
-4.06210791E-01 2021 02 15 05 35 02
-3.64303312E-01 2021 02 15 05 40 03
-3.26475989E-01 2021 02 15 05 45 02
-3.93888050E-01 2021 02 15 05 50 02
-3.43813444E-01 2021 02 15 05 55 02
-3.58574423E-01 2021 02 15 06 00 02
-3.09025587E-01 2021 02 15 06 05 02
-3.03775304E-01 2021 02 15 06 10 02
-2.35495511E-01 2021 02 15 06 15 02
-2.14515642E-01 2021 02 15 06 20 02
-2.25094473E-01 2021 02 15 06 25 02
-2.20101381E-01 2021 02 15 06 30 02
-8.43461404E-02 2021 02 15 06 35 02
-2.22932855E-01 2021 02 15 06 40 03
-1.86178866E-01 2021 02 15 06 45 02
-1.35194736E-01 2021 02 15 06 50 02
-1.71365924E-01 2021 02 15 06 55 02
-5.76804565E-02 2021 02 15 07 00 02
-7.19079471E-02 2021 02 15 07 05 02
-9.05571332E-02 2021 02 15 07 10 02
-5.48561359E-02 2021 02 15 07 15 02
-1.39593203E-01 2021 02 15 07 20 02
-8.73508630E-02 2021 02 15 07 25 02
-5.49178670E-02 2021 02 15 07 30 02
-8.53765255E-02 2021 02 15 07 35 02
-6.23621164E-02 2021 02 15 07 40 03
-1.07184938E-01 2021 02 15 07 45 02
-1.30118950E-01 2021 02 15 07 50 02
-9.35820966E-02 2021 02 15 07 55 02
-9.29906006E-02 2021 02 15 08 00 02
-1.49231831E-01 2021 02 15 08 05 03
-1.13039405E-01 2021 02 15 08 10 02
-1.57801986E-02 2021 02 15 08 15 02
-1.59607364E-01 2021 02 15 08 20 02
-1.27290273E-01 2021 02 15 08 25 02
-6.76659459E-02 2021 02 15 08 30 02
-1.53619008E-01 2021 02 15 08 35 02
-1.31522711E-01 2021 02 15 08 40 02
-1.14730140E-01 2021 02 15 08 45 02
-1.82926666E-01 2021 02 15 08 50 02
-1.56793077E-01 2021 02 15 08 55 02
-1.39801168E-01 2021 02 15 09 00 02
-1.64100447E-01 2021 02 15 09 05 03
-1.81171536E-01 2021 02 15 09 10 02
-1.69587144E-01 2021 02 15 09 15 02
-1.70911034E-01 2021 02 15 09 20 02
-2.10000891E-01 2021 02 15 09 25 02
-1.70951478E-01 2021 02 15 09 30 02
-1.69366511E-01 2021 02 15 09 35 02
-2.32933850E-01 2021 02 15 09 40 02
-3.51937837E-01 2021 02 15 09 45 02
-2.35009975E-01 2021 02 15 09 50 02
-2.20129577E-01 2021 02 15 09 55 02
-3.55183301E-01 2021 02 15 10 00 02
-2.46916102E-01 2021 02 15 10 05 02
-3.15853932E-01 2021 02 15 10 10 02
-3.11782439E-01 2021 02 15 10 15 02
-3.09528193E-01 2021 02 15 10 20 02
-3.53749560E-01 2021 02 15 10 25 02
-3.04915487E-01 2021 02 15 10 30 03
-3.24179161E-01 2021 02 15 10 35 02
-3.56661120E-01 2021 02 15 10 40 02
-4.36781344E-01 2021 02 15 10 45 02
-3.64935518E-01 2021 02 15 10 50 02
-3.43394237E-01 2021 02 15 10 55 03
-3.64331057E-01 2021 02 15 11 00 02
-3.68790216E-01 2021 02 15 11 05 02
-3.54126362E-01 2021 02 15 11 10 02
-3.72233004E-01 2021 02 15 11 15 02
-2.76392751E-01 2021 02 15 11 20 02
-2.94819592E-01 2021 02 15 11 25 02
-4.06469853E-01 2021 02 15 11 30 02
-3.54486882E-01 2021 02 15 11 35 02
-3.29461921E-01 2021 02 15 11 40 02
-5.69058169E-01 2021 02 15 11 45 02
-2.94123462E-01 2021 02 15 11 50 02
-3.22579872E-01 2021 02 15 11 55 03
-4.29399134E-01 2021 02 15 12 00 02
-3.70878672E-01 2021 02 15 12 05 02
-4.13015612E-01 2021 02 15 12 10 02
-3.65877358E-01 2021 02 15 12 15 02
-4.50835207E-01 2021 02 15 12 20 03
-5.06776815E-01 2021 02 15 12 25 02
-4.91724471E-01 2021 02 15 12 30 02
-3.86392680E-01 2021 02 15 12 35 02
-5.35341745E-01 2021 02 15 12 40 02
-6.09038790E-01 2021 02 15 12 45 03
-4.28719592E-01 2021 02 15 12 50 02
-5.23675721E-01 2021 02 15 12 55 02
-5.19405129E-01 2021 02 15 13 00 02
-6.01982912E-01 2021 02 15 13 05 02
-5.76216844E-01 2021 02 15 13 10 02
-5.66410073E-01 2021 02 15 13 15 02
-6.23388416E-01 2021 02 15 13 20 02
-6.40781659E-01 2021 02 15 13 25 02
-7.46772525E-01 2021 02 15 13 30 02
-6.18728234E-01 2021 02 15 13 35 02
-7.22222380E-01 2021 02 15 13 40 02
-7.60272559E-01 2021 02 15 13 45 02
-7.49067693E-01 2021 02 15 13 50 02
-7.99640926E-01 2021 02 15 13 55 02
-8.03131396E-01 2021 02 15 14 00 02
-8.01919672E-01 2021 02 15 14 05 02
-8.35366251E-01 2021 02 15 14 10 03
-9.79442907E-01 2021 02 15 14 15 02
-8.77365752E-01 2021 02 15 14 20 02
-8.97503356E-01 2021 02 15 14 25 02
-9.37514580E-01 2021 02 15 14 30 02
-9.49457061E-01 2021 02 15 14 35 03
-1.05456845E+00 2021 02 15 14 40 02
-9.45998840E-01 2021 02 15 14 45 02
-1.09857067E+00 2021 02 15 14 50 02
-1.00781634E+00 2021 02 15 14 55 02
-1.02490672E+00 2021 02 15 15 00 02
-1.04291102E+00 2021 02 15 15 05 02
-9.64681673E-01 2021 02 15 15 10 02
-9.81293314E-01 2021 02 15 15 15 02
-1.06797824E+00 2021 02 15 15 20 02
-9.61151067E-01 2021 02 15 15 25 02
-9.48972199E-01 2021 02 15 15 30 02
-9.55285931E-01 2021 02 15 15 35 03
-9.70969412E-01 2021 02 15 15 40 02
-9.96113783E-01 2021 02 15 15 45 02
-1.03497174E+00 2021 02 15 15 50 02
-1.10883351E+00 2021 02 15 15 55 02
-1.06447014E+00 2021 02 15 16 00 02
-1.07935002E+00 2021 02 15 16 05 02
-1.02668865E+00 2021 02 15 16 10 02
-1.00530075E+00 2021 02 15 16 15 02
-9.44209603E-01 2021 02 15 16 20 02
-9.82424089E-01 2021 02 15 16 25 02
-9.04243552E-01 2021 02 15 16 30 02
-9.89868338E-01 2021 02 15 16 35 02
-8.84336033E-01 2021 02 15 16 40 02
-9.04341607E-01 2021 02 15 16 45 02
-9.28703098E-01 2021 02 15 16 50 02
-8.12380741E-01 2021 02 15 16 55 02
-8.86375619E-01 2021 02 15 17 00 02
-8.12728793E-01 2021 02 15 17 05 02
-8.30892162E-01 2021 02 15 17 10 02
-7.62948524E-01 2021 02 15 17 15 02
-7.43302578E-01 2021 02 15 17 20 02
-7.66134928E-01 2021 02 15 17 25 03
-6.44768824E-01 2021 02 15 17 30 02
-6.17677766E-01 2021 02 15 17 35 02
-6.59695869E-01 2021 02 15 17 40 02
-5.95429250E-01 2021 02 15 17 45 02
-5.71330056E-01 2021 02 15 17 50 02
-5.75719875E-01 2021 02 15 17 55 02
-5.82041102E-01 2021 02 15 18 00 02
-5.65129669E-01 2021 02 15 18 05 02
-5.00330494E-01 2021 02 15 18 10 02
-5.19289492E-01 2021 02 15 18 15 02
-4.70676536E-01 2021 02 15 18 20 02
-4.49734969E-01 2021 02 15 18 25 03
-4.91930495E-01 2021 02 15 18 30 02
-4.04647106E-01 2021 02 15 18 35 02
-3.89941531E-01 2021 02 15 18 40 02
-4.58453634E-01 2021 02 15 18 45 02
-3.36280814E-01 2021 02 15 18 50 03
-3.31262429E-01 2021 02 15 18 55 02
-3.85829966E-01 2021 02 15 19 00 02
-3.76710495E-01 2021 02 15 19 05 02
-3.98963455E-01 2021 02 15 19 10 02
-2.83318132E-01 2021 02 15 19 15 02
-3.80476812E-01 2021 02 15 19 20 02
-2.71821970E-01 2021 02 15 19 25 02
-3.38948701E-01 2021 02 15 19 30 02
-2.73700033E-01 2021 02 15 19 35 02
-2.65722277E-01 2021 02 15 19 40 02
-2.86503576E-01 2021 02 15 19 45 02
-2.33288855E-01 2021 02 15 19 50 03
-2.35843402E-01 2021 02 15 19 55 02
-2.44589836E-01 2021 02 15 20 00 02
-1.81097850E-01 2021 02 15 20 05 02
-2.37422723E-01 2021 02 15 20 10 02
-2.54695993E-01 2021 02 15 20 15 02
-2.86607682E-01 2021 02 15 20 20 02
-2.18878074E-01 2021 02 15 20 25 02
-2.18264625E-01 2021 02 15 20 30 02
-1.60888729E-01 2021 02 15 20 35 02
-2.45771042E-01 2021 02 15 20 40 02
-2.06313153E-01 2021 02 15 20 45 02
-1.79187666E-01 2021 02 15 20 50 03
-2.01850168E-01 2021 02 15 20 55 02
-1.59087937E-01 2021 02 15 21 00 02
-2.57916020E-01 2021 02 15 21 05 02
-2.25301353E-01 2021 02 15 21 10 02
-2.02208166E-01 2021 02 15 21 15 03
-2.07077693E-01 2021 02 15 21 20 02
-2.29526097E-01 2021 02 15 21 25 02
-2.51266968E-01 2021 02 15 21 30 02
-2.72098592E-01 2021 02 15 21 35 02
-2.51849037E-01 2021 02 15 21 40 02
-2.70851962E-01 2021 02 15 21 45 02
-2.28798261E-01 2021 02 15 21 50 02
-2.61170045E-01 2021 02 15 21 55 02
-2.86535697E-01 2021 02 15 22 00 02
-2.62219965E-01 2021 02 15 22 05 02
-3.05760442E-01 2021 02 15 22 10 02
-2.36424710E-01 2021 02 15 22 15 03
-3.25371468E-01 2021 02 15 22 20 02
-3.54625211E-01 2021 02 15 22 25 02
-3.77401058E-01 2021 02 15 22 30 02
-4.15610807E-01 2021 02 15 22 35 02
-3.97873448E-01 2021 02 15 22 40 02
-4.61011405E-01 2021 02 15 22 45 02
-4.08036571E-01 2021 02 15 22 50 02
-4.43401964E-01 2021 02 15 22 55 02
-4.00955712E-01 2021 02 15 23 00 02
-4.40836816E-01 2021 02 15 23 05 02
-5.95302630E-01 2021 02 15 23 10 02
-5.97688618E-01 2021 02 15 23 15 02
-6.18763950E-01 2021 02 15 23 20 02
-5.91414720E-01 2021 02 15 23 25 02
-4.62551004E-01 2021 02 15 23 30 02
-5.59376370E-01 2021 02 15 23 35 02
-5.38966889E-01 2021 02 15 23 40 03
-5.17034839E-01 2021 02 15 23 45 02
-6.01159803E-01 2021 02 15 23 50 02
-6.23341263E-01 2021 02 15 23 55 02
