-2.14622187E-01 2021 02 18 00 00 02
-1.83585672E-01 2021 02 18 00 05 02
-7.68817690E-02 2021 02 18 00 10 02
-6.98126784E-02 2021 02 18 00 15 02
-1.58133594E-01 2021 02 18 00 20 02
-1.77084406E-01 2021 02 18 00 25 03
-2.59120901E-01 2021 02 18 00 30 02
-3.23976980E-01 2021 02 18 00 35 02
-3.36640989E-01 2021 02 18 00 40 02
-3.27931538E-01 2021 02 18 00 45 02
-3.44505920E-01 2021 02 18 00 50 02
-3.62503674E-01 2021 02 18 00 55 02
-4.21180271E-01 2021 02 18 01 00 02
-3.31207722E-01 2021 02 18 01 05 02
-3.42773567E-01 2021 02 18 01 10 02
-3.65518050E-01 2021 02 18 01 15 02
-2.73516015E-01 2021 02 18 01 20 02
-3.72314042E-01 2021 02 18 01 25 02
-4.21087537E-01 2021 02 18 01 30 02
-1.94834817E-01 2021 02 18 01 35 02
-2.42637130E-01 2021 02 18 01 40 02
-3.91238997E-01 2021 02 18 01 45 02
-4.85744144E-01 2021 02 18 01 50 03
-5.44173261E-01 2021 02 18 01 55 02
-5.98346104E-01 2021 02 18 02 00 02
-6.22077237E-01 2021 02 18 02 05 02
-5.48885337E-01 2021 02 18 02 10 02
-6.01373918E-01 2021 02 18 02 15 03
-5.96630092E-01 2021 02 18 02 20 02
-6.52537079E-01 2021 02 18 02 25 02
-6.35116819E-01 2021 02 18 02 30 02
-6.50755235E-01 2021 02 18 02 35 02
-6.30901647E-01 2021 02 18 02 40 02
-6.18266981E-01 2021 02 18 02 45 02
-6.12876486E-01 2021 02 18 02 50 02
-5.20154042E-01 2021 02 18 02 55 02
-5.99037877E-01 2021 02 18 03 00 02
-6.86237260E-01 2021 02 18 03 05 02
-7.52584680E-01 2021 02 18 03 10 02
-7.28005173E-01 2021 02 18 03 15 03
-7.94297060E-01 2021 02 18 03 20 02
-7.93532936E-01 2021 02 18 03 25 02
-7.61836503E-01 2021 02 18 03 30 02
-7.33377653E-01 2021 02 18 03 35 02
-7.76498918E-01 2021 02 18 03 40 02
-7.97177633E-01 2021 02 18 03 45 02
-7.93190388E-01 2021 02 18 03 50 02
-7.87846994E-01 2021 02 18 03 55 02
-7.23027945E-01 2021 02 18 04 00 02
-7.22978019E-01 2021 02 18 04 05 02
-6.71892426E-01 2021 02 18 04 10 02
-6.28371496E-01 2021 02 18 04 15 02
-6.38010976E-01 2021 02 18 04 20 02
-6.97292272E-01 2021 02 18 04 25 02
-7.75292692E-01 2021 02 18 04 30 02
-7.88716184E-01 2021 02 18 04 35 02
-7.87292312E-01 2021 02 18 04 40 03
-7.91242979E-01 2021 02 18 04 45 02
-7.42614256E-01 2021 02 18 04 50 02
-6.91765405E-01 2021 02 18 04 55 02
-7.89211817E-01 2021 02 18 05 00 02
-7.94155405E-01 2021 02 18 05 05 03
-8.31751196E-01 2021 02 18 05 10 02
-7.73251481E-01 2021 02 18 05 15 02
-6.79897465E-01 2021 02 18 05 20 02
-6.43827033E-01 2021 02 18 05 25 02
-6.34345961E-01 2021 02 18 05 30 02
-6.32023854E-01 2021 02 18 05 35 02
-6.85669216E-01 2021 02 18 05 40 02
-6.48987046E-01 2021 02 18 05 45 02
-7.15498098E-01 2021 02 18 05 50 02
-7.61837048E-01 2021 02 18 05 55 02
-7.39654109E-01 2021 02 18 06 00 02
-7.39905143E-01 2021 02 18 06 05 03
-7.23495630E-01 2021 02 18 06 10 02
-6.70070343E-01 2021 02 18 06 15 02
-6.12386243E-01 2021 02 18 06 20 02
-4.69475899E-01 2021 02 18 06 25 02
-4.02139235E-01 2021 02 18 06 30 03
-3.62533031E-01 2021 02 18 06 35 02
-3.51744484E-01 2021 02 18 06 40 02
-4.22816837E-01 2021 02 18 06 45 02
-5.01922095E-01 2021 02 18 06 50 02
-5.43332470E-01 2021 02 18 06 55 02
-4.50148688E-01 2021 02 18 07 00 02
-3.65330755E-01 2021 02 18 07 05 02
-3.01706256E-01 2021 02 18 07 10 02
-3.25620018E-01 2021 02 18 07 15 02
-3.40645845E-01 2021 02 18 07 20 02
-3.54375527E-01 2021 02 18 07 25 02
-2.92266410E-01 2021 02 18 07 30 03
-2.86076627E-01 2021 02 18 07 35 02
-2.90942995E-01 2021 02 18 07 40 02
-2.77918943E-01 2021 02 18 07 45 02
-2.79845107E-01 2021 02 18 07 50 02
-3.71793785E-01 2021 02 18 07 55 03
-2.87559118E-01 2021 02 18 08 00 02
-3.46379196E-01 2021 02 18 08 05 02
-2.60140272E-01 2021 02 18 08 10 02
-2.61631746E-01 2021 02 18 08 15 02
-3.14772952E-01 2021 02 18 08 20 02
-3.77317420E-01 2021 02 18 08 25 02
-2.75775907E-01 2021 02 18 08 30 02
-2.96198556E-01 2021 02 18 08 35 02
-2.44172196E-01 2021 02 18 08 40 02
-2.52686907E-01 2021 02 18 08 45 02
-1.78972384E-01 2021 02 18 08 50 02
-2.23217869E-01 2021 02 18 08 55 03
-2.29862959E-01 2021 02 18 09 00 02
-1.99814316E-01 2021 02 18 09 05 02
-2.12601353E-01 2021 02 18 09 10 02
-2.35559448E-01 2021 02 18 09 15 02
-1.07245371E-01 2021 02 18 09 20 03
-1.89175883E-01 2021 02 18 09 25 02
-1.71966467E-01 2021 02 18 09 30 02
-1.40560644E-01 2021 02 18 09 35 02
-2.08471255E-01 2021 02 18 09 40 02
-1.40118652E-01 2021 02 18 09 45 03
-1.51139202E-01 2021 02 18 09 50 02
-1.68378207E-01 2021 02 18 09 55 02
-2.05791278E-01 2021 02 18 10 00 02
-1.38340765E-01 2021 02 18 10 05 02
-1.82577844E-01 2021 02 18 10 10 02
-1.36438189E-01 2021 02 18 10 15 02
-1.81061994E-01 2021 02 18 10 20 02
-1.89728574E-01 2021 02 18 10 25 02
-2.55995595E-01 2021 02 18 10 30 02
-2.05625153E-01 2021 02 18 10 35 02
-1.52210855E-01 2021 02 18 10 40 02
-2.13324562E-01 2021 02 18 10 45 03
-1.63022192E-01 2021 02 18 10 50 02
-1.83831700E-01 2021 02 18 10 55 02
-1.66552539E-01 2021 02 18 11 00 02
-2.15717364E-01 2021 02 18 11 05 02
-3.24624068E-01 2021 02 18 11 10 03
-2.31639565E-01 2021 02 18 11 15 02
-3.44785200E-01 2021 02 18 11 20 02
-2.68574139E-01 2021 02 18 11 25 02
-2.94630172E-01 2021 02 18 11 30 02
-3.25114666E-01 2021 02 18 11 35 02
-2.67537513E-01 2021 02 18 11 40 02
-3.14944524E-01 2021 02 18 11 45 03
-2.51363512E-01 2021 02 18 11 50 02
-2.25815965E-01 2021 02 18 11 55 02
-1.80126026E-01 2021 02 18 12 00 02
-1.47872151E-01 2021 02 18 12 05 02
-1.63243127E-01 2021 02 18 12 10 03
-1.63336754E-01 2021 02 18 12 15 02
-1.46511809E-01 2021 02 18 12 20 02
-1.65229333E-01 2021 02 18 12 25 02
-1.83379768E-01 2021 02 18 12 30 02
-1.57963598E-01 2021 02 18 12 35 02
-2.12255315E-01 2021 02 18 12 40 02
-1.96602640E-01 2021 02 18 12 45 02
-2.06207685E-01 2021 02 18 12 50 02
-2.09647476E-01 2021 02 18 12 55 02
-1.74635129E-01 2021 02 18 13 00 02
-8.48824261E-02 2021 02 18 13 05 02
-7.37033175E-02 2021 02 18 13 10 02
-1.81689484E-01 2021 02 18 13 15 02
-1.59002171E-01 2021 02 18 13 20 02
-1.00802401E-01 2021 02 18 13 25 02
-3.90941782E-01 2021 02 18 13 30 02
-2.59534889E-01 2021 02 18 13 35 03
-2.74246565E-01 2021 02 18 13 40 02
-2.94464858E-01 2021 02 18 13 45 02
-3.01369932E-01 2021 02 18 13 50 02
-3.28195163E-01 2021 02 18 13 55 02
-3.78639370E-01 2021 02 18 14 00 03
-3.49910622E-01 2021 02 18 14 05 02
-2.84633975E-01 2021 02 18 14 10 02
-4.26047339E-01 2021 02 18 14 15 02
-3.36185895E-01 2021 02 18 14 20 02
-3.43693129E-01 2021 02 18 14 25 02
-3.31991346E-01 2021 02 18 14 30 02
-3.56577698E-01 2021 02 18 14 35 03
-4.84862520E-01 2021 02 18 14 40 02
-5.60046725E-01 2021 02 18 14 45 02
-6.24014185E-01 2021 02 18 14 50 02
-5.89775273E-01 2021 02 18 14 55 02
-6.27054867E-01 2021 02 18 15 00 03
-6.15283157E-01 2021 02 18 15 05 02
-6.04835482E-01 2021 02 18 15 10 02
-6.40889974E-01 2021 02 18 15 15 02
-6.40977844E-01 2021 02 18 15 20 02
-6.59685911E-01 2021 02 18 15 25 02
-5.50424020E-01 2021 02 18 15 30 02
-5.93094306E-01 2021 02 18 15 35 02
-6.47645216E-01 2021 02 18 15 40 02
-6.00012104E-01 2021 02 18 15 45 02
-6.95526221E-01 2021 02 18 15 50 02
-6.89524197E-01 2021 02 18 15 55 02
-6.57986676E-01 2021 02 18 16 00 02
-6.65782028E-01 2021 02 18 16 05 02
-6.90117586E-01 2021 02 18 16 10 02
-7.16861996E-01 2021 02 18 16 15 02
-7.44811757E-01 2021 02 18 16 20 02
-8.22364303E-01 2021 02 18 16 25 03
-8.00816412E-01 2021 02 18 16 30 02
-8.12145019E-01 2021 02 18 16 35 02
-7.68956672E-01 2021 02 18 16 40 02
-7.16758936E-01 2021 02 18 16 45 02
-8.05101769E-01 2021 02 18 16 50 03
-7.50750451E-01 2021 02 18 16 55 02
-8.74372567E-01 2021 02 18 17 00 02
-6.93689703E-01 2021 02 18 17 05 02
-7.99799342E-01 2021 02 18 17 10 02
-7.36380074E-01 2021 02 18 17 15 02
-7.50303664E-01 2021 02 18 17 20 02
-8.36125465E-01 2021 02 18 17 25 02
-7.19954200E-01 2021 02 18 17 30 02
-7.85916120E-01 2021 02 18 17 35 02
-9.06224774E-01 2021 02 18 17 40 02
-6.29962614E-01 2021 02 18 17 45 02
-7.07464280E-01 2021 02 18 17 50 03
-6.87816899E-01 2021 02 18 17 55 02
-6.20797286E-01 2021 02 18 18 00 02
-5.90269411E-01 2021 02 18 18 05 02
-5.58341235E-01 2021 02 18 18 10 02
-5.73890371E-01 2021 02 18 18 15 03
-5.33539498E-01 2021 02 18 18 20 02
-5.29376308E-01 2021 02 18 18 25 02
-5.38683940E-01 2021 02 18 18 30 02
-4.89101682E-01 2021 02 18 18 35 02
-4.52311215E-01 2021 02 18 18 40 02
-4.46068578E-01 2021 02 18 18 45 02
-3.50066088E-01 2021 02 18 18 50 02
-4.07722277E-01 2021 02 18 18 55 02
-3.93211489E-01 2021 02 18 19 00 02
-3.80193240E-01 2021 02 18 19 05 02
-4.22087150E-01 2021 02 18 19 10 02
-3.74407477E-01 2021 02 18 19 15 03
-3.57406226E-01 2021 02 18 19 20 02
-2.41097474E-01 2021 02 18 19 25 02
-3.01204525E-01 2021 02 18 19 30 02
-2.72317578E-01 2021 02 18 19 35 02
-3.35576006E-01 2021 02 18 19 40 03
-3.28427825E-01 2021 02 18 19 45 02
-2.85101171E-01 2021 02 18 19 50 02
-2.35539343E-01 2021 02 18 19 55 02
-1.93437618E-01 2021 02 18 20 00 02
-1.53341034E-01 2021 02 18 20 05 02
-2.55262413E-01 2021 02 18 20 10 02
-2.62413232E-01 2021 02 18 20 15 02
-2.08840740E-01 2021 02 18 20 20 02
-1.07889992E-01 2021 02 18 20 25 02
-5.21150248E-02 2021 02 18 20 30 02
-1.23092708E-01 2021 02 18 20 35 02
-2.13420753E-01 2021 02 18 20 40 03
-1.34448715E-01 2021 02 18 20 45 02
-1.37396918E-01 2021 02 18 20 50 02
-1.77903603E-01 2021 02 18 20 55 02
-1.11634754E-01 2021 02 18 21 00 02
-7.26937631E-02 2021 02 18 21 05 02
-8.35790571E-02 2021 02 18 21 10 02
-4.49529617E-02 2021 02 18 21 15 02
-8.48191495E-02 2021 02 18 21 20 02
-5.51947842E-02 2021 02 18 21 25 02
-5.76196688E-02 2021 02 18 21 30 02
-5.82751463E-02 2021 02 18 21 35 02
+5.70715471E-02 2021 02 18 21 40 02
+1.02984307E-01 2021 02 18 21 45 02
-3.58652488E-02 2021 02 18 21 50 02
-3.75386087E-02 2021 02 18 21 55 02
-3.93370522E-02 2021 02 18 22 00 02
-8.02005288E-02 2021 02 18 22 05 03
-6.46562558E-02 2021 02 18 22 10 02
-1.49386518E-02 2021 02 18 22 15 02
-7.45242928E-02 2021 02 18 22 20 02
-4.92176931E-02 2021 02 18 22 25 02
+4.27040766E-02 2021 02 18 22 30 02
+2.35499629E-02 2021 02 18 22 35 02
+1.00160801E-01 2021 02 18 22 40 03
+9.28806701E-03 2021 02 18 22 45 02
+1.82560108E-02 2021 02 18 22 50 02
+8.77835720E-03 2021 02 18 22 55 02
-2.38218094E-02 2021 02 18 23 00 02
+6.95467314E-02 2021 02 18 23 05 03
-1.29287218E-02 2021 02 18 23 10 02
-2.93533448E-02 2021 02 18 23 15 02
-2.55191035E-02 2021 02 18 23 20 02
-4.42103817E-02 2021 02 18 23 25 02
-1.12538182E-01 2021 02 18 23 30 02
+2.99825256E-02 2021 02 18 23 35 02
+1.82096590E-02 2021 02 18 23 40 02
-2.29840557E-02 2021 02 18 23 45 02
-4.48903428E-02 2021 02 18 23 50 02
-4.21571315E-02 2021 02 18 23 55 02
