-3.07388804E-01 2021 02 06 00 00 02
-2.23337629E-01 2021 02 06 00 05 02
-2.24759266E-01 2021 02 06 00 10 02
-2.17196099E-01 2021 02 06 00 15 02
-2.23494920E-01 2021 02 06 00 20 02
-1.97549871E-01 2021 02 06 00 25 02
-2.07179492E-01 2021 02 06 00 30 02
-1.67146291E-01 2021 02 06 00 35 02
-2.03848810E-01 2021 02 06 00 40 02
-1.77368632E-01 2021 02 06 00 45 02
-1.80005253E-01 2021 02 06 00 50 02
-1.84811825E-01 2021 02 06 00 55 02
-2.09775727E-01 2021 02 06 01 00 02
-2.35097290E-01 2021 02 06 01 05 02
-2.38283155E-01 2021 02 06 01 10 02
-2.13352989E-01 2021 02 06 01 15 02
-2.16321913E-01 2021 02 06 01 20 03
-2.32502430E-01 2021 02 06 01 25 02
-2.41223394E-01 2021 02 06 01 30 02
-2.45263085E-01 2021 02 06 01 35 02
-2.43554887E-01 2021 02 06 01 40 02
-2.52002743E-01 2021 02 06 01 45 02
-2.45803496E-01 2021 02 06 01 50 02
-2.45059680E-01 2021 02 06 01 55 03
-2.37934809E-01 2021 02 06 02 00 02
-1.84236026E-01 2021 02 06 02 05 02
-9.64372830E-02 2021 02 06 02 10 02
-1.28397775E-01 2021 02 06 02 15 02
-1.52945610E-01 2021 02 06 02 20 03
-6.96523030E-02 2021 02 06 02 25 02
-1.46882728E-01 2021 02 06 02 30 02
-2.04937318E-01 2021 02 06 02 35 02
-2.61831320E-01 2021 02 06 02 40 02
-2.89013746E-01 2021 02 06 02 45 02
-2.38664926E-01 2021 02 06 02 50 02
-2.82537997E-01 2021 02 06 02 55 02
-2.86383253E-01 2021 02 06 03 00 02
-2.59242096E-01 2021 02 06 03 05 02
-2.94368702E-01 2021 02 06 03 10 02
-3.00833179E-01 2021 02 06 03 15 02
-3.39856435E-01 2021 02 06 03 20 02
-3.47967214E-01 2021 02 06 03 25 02
-4.06073903E-01 2021 02 06 03 30 02
-4.44568630E-01 2021 02 06 03 35 02
-4.39426959E-01 2021 02 06 03 40 02
-4.72998986E-01 2021 02 06 03 45 02
-4.76954934E-01 2021 02 06 03 50 02
-4.79027125E-01 2021 02 06 03 55 02
-4.57388510E-01 2021 02 06 04 00 02
-4.51537637E-01 2021 02 06 04 05 02
-4.58732960E-01 2021 02 06 04 10 03
-4.64841684E-01 2021 02 06 04 15 02
-4.71898339E-01 2021 02 06 04 20 02
-4.31638025E-01 2021 02 06 04 25 02
-4.06881164E-01 2021 02 06 04 30 02
-4.54873068E-01 2021 02 06 04 35 03
-4.85138411E-01 2021 02 06 04 40 02
-5.18231579E-01 2021 02 06 04 45 02
-4.65022955E-01 2021 02 06 04 50 02
-4.73375078E-01 2021 02 06 04 55 02
-4.58169937E-01 2021 02 06 05 00 02
-4.56575596E-01 2021 02 06 05 05 02
-4.63735302E-01 2021 02 06 05 10 02
-5.06782485E-01 2021 02 06 05 15 02
-5.62757387E-01 2021 02 06 05 20 02
-6.46263704E-01 2021 02 06 05 25 02
-6.69737288E-01 2021 02 06 05 30 02
-6.40983860E-01 2021 02 06 05 35 03
-6.24696960E-01 2021 02 06 05 40 02
-6.47010003E-01 2021 02 06 05 45 02
-6.80703677E-01 2021 02 06 05 50 02
-7.20711013E-01 2021 02 06 05 55 02
-7.51385068E-01 2021 02 06 06 00 03
-7.49684253E-01 2021 02 06 06 05 02
-7.20407465E-01 2021 02 06 06 10 02
-7.29892480E-01 2021 02 06 06 15 02
-7.70981442E-01 2021 02 06 06 20 02
-6.80177904E-01 2021 02 06 06 25 02
-7.66716319E-01 2021 02 06 06 30 02
-7.45795373E-01 2021 02 06 06 35 02
-7.61958179E-01 2021 02 06 06 40 02
-7.75700622E-01 2021 02 06 06 45 02
-8.19397241E-01 2021 02 06 06 50 02
-7.30451037E-01 2021 02 06 06 55 02
-7.83556471E-01 2021 02 06 07 00 02
-7.79888457E-01 2021 02 06 07 05 02
-7.85607455E-01 2021 02 06 07 10 02
-8.68764371E-01 2021 02 06 07 15 02
-7.86359943E-01 2021 02 06 07 20 02
-8.82869951E-01 2021 02 06 07 25 03
-8.76983167E-01 2021 02 06 07 30 02
-7.95234647E-01 2021 02 06 07 35 02
-8.76427439E-01 2021 02 06 07 40 02
-8.46640942E-01 2021 02 06 07 45 02
-9.13743547E-01 2021 02 06 07 50 02
-8.13423140E-01 2021 02 06 07 55 02
-8.25138353E-01 2021 02 06 08 00 02
-8.88364997E-01 2021 02 06 08 05 02
-8.60273837E-01 2021 02 06 08 10 02
-8.75030438E-01 2021 02 06 08 15 02
-8.14860171E-01 2021 02 06 08 20 02
-9.38696599E-01 2021 02 06 08 25 03
-8.41853803E-01 2021 02 06 08 30 02
-8.42919568E-01 2021 02 06 08 35 02
-9.31629133E-01 2021 02 06 08 40 02
-9.01197360E-01 2021 02 06 08 45 02
-9.47004289E-01 2021 02 06 08 50 03
-8.23428601E-01 2021 02 06 08 55 02
-8.49779188E-01 2021 02 06 09 00 02
-8.94335274E-01 2021 02 06 09 05 02
-8.43516508E-01 2021 02 06 09 10 02
-8.29345393E-01 2021 02 06 09 15 02
-8.79080573E-01 2021 02 06 09 20 02
-8.73503579E-01 2021 02 06 09 25 03
-8.55398395E-01 2021 02 06 09 30 02
-8.36055742E-01 2021 02 06 09 35 02
-8.47513415E-01 2021 02 06 09 40 02
-7.55434585E-01 2021 02 06 09 45 02
-8.99174119E-01 2021 02 06 09 50 03
-7.90871562E-01 2021 02 06 09 55 02
-7.63202992E-01 2021 02 06 10 00 02
-7.40966904E-01 2021 02 06 10 05 02
-7.78583152E-01 2021 02 06 10 10 02
-7.73660697E-01 2021 02 06 10 15 02
-7.24722898E-01 2021 02 06 10 20 02
-7.67258789E-01 2021 02 06 10 25 02
-7.20661357E-01 2021 02 06 10 30 02
-7.15048561E-01 2021 02 06 10 35 02
-6.65536906E-01 2021 02 06 10 40 02
-6.49776317E-01 2021 02 06 10 45 02
-7.77662031E-01 2021 02 06 10 50 03
-6.79946336E-01 2021 02 06 10 55 02
-6.87002258E-01 2021 02 06 11 00 02
-6.02995699E-01 2021 02 06 11 05 02
-6.18627398E-01 2021 02 06 11 10 02
-5.26072335E-01 2021 02 06 11 15 02
-5.52248195E-01 2021 02 06 11 20 02
-5.89329504E-01 2021 02 06 11 25 02
-5.64817655E-01 2021 02 06 11 30 02
-6.59433422E-01 2021 02 06 11 35 02
-5.55135192E-01 2021 02 06 11 40 02
-6.27796594E-01 2021 02 06 11 45 02
-5.31821436E-01 2021 02 06 11 50 03
-5.25699307E-01 2021 02 06 11 55 02
-4.99361477E-01 2021 02 06 12 00 02
-4.18155205E-01 2021 02 06 12 05 02
-5.75689944E-01 2021 02 06 12 10 02
-4.99181148E-01 2021 02 06 12 15 03
-3.82752048E-01 2021 02 06 12 20 02
-3.99550698E-01 2021 02 06 12 25 02
-3.63088471E-01 2021 02 06 12 30 02
-3.15740251E-01 2021 02 06 12 35 02
-3.29576224E-01 2021 02 06 12 40 02
-3.42872872E-01 2021 02 06 12 45 02
-3.01335992E-01 2021 02 06 12 50 02
-3.62836403E-01 2021 02 06 12 55 02
-3.42893993E-01 2021 02 06 13 00 02
-3.22932809E-01 2021 02 06 13 05 02
-3.48970540E-01 2021 02 06 13 10 02
-3.37721495E-01 2021 02 06 13 15 02
-3.06122486E-01 2021 02 06 13 20 02
-2.87559782E-01 2021 02 06 13 25 02
-2.65918184E-01 2021 02 06 13 30 02
-3.68408155E-01 2021 02 06 13 35 02
-4.25834211E-01 2021 02 06 13 40 02
-3.68535134E-01 2021 02 06 13 45 02
-2.78919894E-01 2021 02 06 13 50 02
-4.01943455E-01 2021 02 06 13 55 02
-3.63845952E-01 2021 02 06 14 00 02
-3.92681540E-01 2021 02 06 14 05 03
-3.62599602E-01 2021 02 06 14 10 02
-4.20036624E-01 2021 02 06 14 15 02
-5.06954240E-01 2021 02 06 14 20 02
-4.30902892E-01 2021 02 06 14 25 02
-4.21835720E-01 2021 02 06 14 30 02
-4.41830379E-01 2021 02 06 14 35 02
-4.40548371E-01 2021 02 06 14 40 02
-5.17585565E-01 2021 02 06 14 45 02
-4.68666928E-01 2021 02 06 14 50 02
-4.69586704E-01 2021 02 06 14 55 02
-5.74386612E-01 2021 02 06 15 00 02
-5.50825456E-01 2021 02 06 15 05 02
-5.55940107E-01 2021 02 06 15 10 02
-5.43042871E-01 2021 02 06 15 15 02
-5.97156064E-01 2021 02 06 15 20 02
-5.54443624E-01 2021 02 06 15 25 02
-5.20136389E-01 2021 02 06 15 30 03
-6.16911405E-01 2021 02 06 15 35 02
-5.67757266E-01 2021 02 06 15 40 02
-6.42443860E-01 2021 02 06 15 45 02
-6.57369043E-01 2021 02 06 15 50 02
-7.07504260E-01 2021 02 06 15 55 02
-7.29290324E-01 2021 02 06 16 00 02
-7.26750504E-01 2021 02 06 16 05 02
-7.71171993E-01 2021 02 06 16 10 02
-7.53774768E-01 2021 02 06 16 15 02
-7.93380854E-01 2021 02 06 16 20 02
-7.70038799E-01 2021 02 06 16 25 02
-8.30307029E-01 2021 02 06 16 30 02
-7.89931586E-01 2021 02 06 16 35 02
-7.73130982E-01 2021 02 06 16 40 02
-8.09756968E-01 2021 02 06 16 45 02
-8.30508839E-01 2021 02 06 16 50 02
-8.27140620E-01 2021 02 06 16 55 03
-8.48389854E-01 2021 02 06 17 00 02
-8.37493593E-01 2021 02 06 17 05 02
-8.77861092E-01 2021 02 06 17 10 02
-8.93536109E-01 2021 02 06 17 15 02
-8.51025887E-01 2021 02 06 17 20 02
-9.46779659E-01 2021 02 06 17 25 02
-8.63680935E-01 2021 02 06 17 30 02
-9.29832796E-01 2021 02 06 17 35 02
-1.00738069E+00 2021 02 06 17 40 02
-9.05474623E-01 2021 02 06 17 45 02
-9.07530342E-01 2021 02 06 17 50 02
-9.09893850E-01 2021 02 06 17 55 02
-9.26759155E-01 2021 02 06 18 00 02
-9.16857182E-01 2021 02 06 18 05 02
-9.59691404E-01 2021 02 06 18 10 02
-9.48462371E-01 2021 02 06 18 15 02
-9.21173256E-01 2021 02 06 18 20 03
-8.37584837E-01 2021 02 06 18 25 02
-9.47005909E-01 2021 02 06 18 30 02
-8.81758890E-01 2021 02 06 18 35 02
-8.95481296E-01 2021 02 06 18 40 02
-9.70687135E-01 2021 02 06 18 45 03
-8.94339050E-01 2021 02 06 18 50 02
-8.71276357E-01 2021 02 06 18 55 02
-9.23802605E-01 2021 02 06 19 00 02
-9.07741166E-01 2021 02 06 19 05 02
-8.77180538E-01 2021 02 06 19 10 03
-8.28354214E-01 2021 02 06 19 15 02
-8.79960635E-01 2021 02 06 19 20 02
-8.90620151E-01 2021 02 06 19 25 02
-8.55585109E-01 2021 02 06 19 30 02
-8.58581242E-01 2021 02 06 19 35 02
-9.45260495E-01 2021 02 06 19 40 02
-8.91816904E-01 2021 02 06 19 45 02
-8.61270209E-01 2021 02 06 19 50 02
-8.44235620E-01 2021 02 06 19 55 02
-9.16220035E-01 2021 02 06 20 00 02
-8.73647887E-01 2021 02 06 20 05 02
-8.27080692E-01 2021 02 06 20 10 02
-8.86610479E-01 2021 02 06 20 15 02
-9.31111310E-01 2021 02 06 20 20 02
-8.78590446E-01 2021 02 06 20 25 02
-8.96376185E-01 2021 02 06 20 30 02
-7.90760333E-01 2021 02 06 20 35 03
-8.30525343E-01 2021 02 06 20 40 02
-8.31752407E-01 2021 02 06 20 45 02
-7.65236565E-01 2021 02 06 20 50 02
-7.89073875E-01 2021 02 06 20 55 02
-7.83985772E-01 2021 02 06 21 00 03
-7.61635870E-01 2021 02 06 21 05 02
-7.85655065E-01 2021 02 06 21 10 02
-6.57854571E-01 2021 02 06 21 15 02
-6.01449064E-01 2021 02 06 21 20 02
-6.85268107E-01 2021 02 06 21 25 02
-7.57613092E-01 2021 02 06 21 30 02
-7.81870910E-01 2021 02 06 21 35 02
-7.56519387E-01 2021 02 06 21 40 02
-7.49123280E-01 2021 02 06 21 45 02
-6.91493867E-01 2021 02 06 21 50 02
-6.06478438E-01 2021 02 06 21 55 02
-5.59255877E-01 2021 02 06 22 00 02
-5.62737862E-01 2021 02 06 22 05 02
-5.84664192E-01 2021 02 06 22 10 02
-5.18318042E-01 2021 02 06 22 15 02
-5.04748117E-01 2021 02 06 22 20 02
-4.98811357E-01 2021 02 06 22 25 03
-4.25335101E-01 2021 02 06 22 30 02
-4.98043764E-01 2021 02 06 22 35 02
-3.19573734E-01 2021 02 06 22 40 02
-4.72408907E-01 2021 02 06 22 45 02
-4.59658927E-01 2021 02 06 22 50 03
-5.48897585E-01 2021 02 06 22 55 02
-3.91520521E-01 2021 02 06 23 00 02
-4.17183818E-01 2021 02 06 23 05 02
-3.90874708E-01 2021 02 06 23 10 02
-4.63575130E-01 2021 02 06 23 15 02
-4.13884528E-01 2021 02 06 23 20 02
-4.61890079E-01 2021 02 06 23 25 02
-4.60331780E-01 2021 02 06 23 30 02
-4.56005729E-01 2021 02 06 23 35 02
-5.53978249E-01 2021 02 06 23 40 02
-4.90522074E-01 2021 02 06 23 45 02
-4.82570794E-01 2021 02 06 23 50 02
-4.08374554E-01 2021 02 06 23 55 02
