-3.49622727E-01 2021 02 08 00 00 02
-3.42338596E-01 2021 02 08 00 05 03
-2.68863030E-01 2021 02 08 00 10 02
-3.14269129E-01 2021 02 08 00 15 02
-2.81340698E-01 2021 02 08 00 20 02
-3.78139205E-01 2021 02 08 00 25 02
-2.93527143E-01 2021 02 08 00 30 03
-2.88615386E-01 2021 02 08 00 35 02
-3.13777937E-01 2021 02 08 00 40 02
-3.25597237E-01 2021 02 08 00 45 02
-2.60660550E-01 2021 02 08 00 50 02
-2.17616855E-01 2021 02 08 00 55 03
-2.55001711E-01 2021 02 08 01 00 02
-2.34465038E-01 2021 02 08 01 05 02
-1.11015089E-01 2021 02 08 01 10 02
-1.81889776E-01 2021 02 08 01 15 02
-3.44524053E-02 2021 02 08 01 20 02
+6.04838436E-02 2021 02 08 01 25 02
-3.02073534E-02 2021 02 08 01 30 02
+2.28717451E-01 2021 02 08 01 35 02
+3.35187041E-02 2021 02 08 01 40 02
-1.46038707E-02 2021 02 08 01 45 02
+1.32170889E-03 2021 02 08 01 50 02
-1.26105697E-01 2021 02 08 01 55 03
-1.42961053E-01 2021 02 08 02 00 02
-5.75063233E-02 2021 02 08 02 05 02
-2.14577784E-01 2021 02 08 02 10 02
-1.23854485E-01 2021 02 08 02 15 02
-1.02447453E-01 2021 02 08 02 20 02
+3.40516180E-02 2021 02 08 02 25 02
-5.13335675E-02 2021 02 08 02 30 02
+1.94666568E-02 2021 02 08 02 35 02
-1.45515490E-02 2021 02 08 02 40 02
+3.87475522E-02 2021 02 08 02 45 02
+1.23028540E-01 2021 02 08 02 50 02
+1.48763098E-01 2021 02 08 02 55 02
+2.05624226E-01 2021 02 08 03 00 02
+9.65398604E-02 2021 02 08 03 05 02
+3.23969355E-02 2021 02 08 03 10 02
+2.50174470E-02 2021 02 08 03 15 02
+3.85463484E-02 2021 02 08 03 20 02
+9.93763516E-02 2021 02 08 03 25 02
+3.00119002E-01 2021 02 08 03 30 02
+5.52544000E-01 2021 02 08 03 35 02
+4.22888321E-01 2021 02 08 03 40 02
+3.43713817E-01 2021 02 08 03 45 03
+2.64393929E-01 2021 02 08 03 50 02
+1.72477250E-01 2021 02 08 03 55 02
+9.84328413E-02 2021 02 08 04 00 02
+5.05399546E-02 2021 02 08 04 05 02
+8.61585894E-02 2021 02 08 04 10 03
+4.90833145E-02 2021 02 08 04 15 02
+7.04465756E-02 2021 02 08 04 20 02
+1.46636082E-01 2021 02 08 04 25 02
+1.37803243E-01 2021 02 08 04 30 02
+1.70250109E-01 2021 02 08 04 35 02
+1.52693568E-01 2021 02 08 04 40 02
+1.60234641E-01 2021 02 08 04 45 02
+1.62572970E-01 2021 02 08 04 50 02
+1.22347189E-01 2021 02 08 04 55 02
+8.40809112E-02 2021 02 08 05 00 02
+7.40035759E-02 2021 02 08 05 05 02
+3.27865833E-02 2021 02 08 05 10 02
+6.48611036E-02 2021 02 08 05 15 02
+1.30071080E-01 2021 02 08 05 20 02
+8.44863457E-02 2021 02 08 05 25 02
+7.94519540E-02 2021 02 08 05 30 02
+3.16060164E-02 2021 02 08 05 35 03
+4.17398237E-02 2021 02 08 05 40 02
-1.05509294E-03 2021 02 08 05 45 02
+5.45352712E-02 2021 02 08 05 50 02
+9.82245165E-02 2021 02 08 05 55 02
+2.21294548E-03 2021 02 08 06 00 02
+1.16973225E-03 2021 02 08 06 05 02
-7.84747658E-02 2021 02 08 06 10 02
-1.04465394E-01 2021 02 08 06 15 02
-1.22714344E-01 2021 02 08 06 20 02
-1.17552350E-01 2021 02 08 06 25 02
-8.44458247E-02 2021 02 08 06 30 02
-9.37815832E-02 2021 02 08 06 35 02
-1.08353426E-01 2021 02 08 06 40 02
-8.20229229E-02 2021 02 08 06 45 02
-2.45013001E-01 2021 02 08 06 50 02
-1.98777610E-01 2021 02 08 06 55 02
-9.43592887E-02 2021 02 08 07 00 03
-1.21065471E-01 2021 02 08 07 05 02
-2.19346696E-01 2021 02 08 07 10 02
-1.57013019E-01 2021 02 08 07 15 02
-2.02922706E-01 2021 02 08 07 20 02
-2.96678904E-01 2021 02 08 07 25 02
-3.35012349E-01 2021 02 08 07 30 02
-2.70479225E-01 2021 02 08 07 35 02
-3.84278239E-01 2021 02 08 07 40 02
-3.31424404E-01 2021 02 08 07 45 02
-3.39379329E-01 2021 02 08 07 50 02
-3.63959141E-01 2021 02 08 07 55 02
-4.40388302E-01 2021 02 08 08 00 02
-4.51417493E-01 2021 02 08 08 05 02
-4.87878460E-01 2021 02 08 08 10 02
-5.26009234E-01 2021 02 08 08 15 02
-5.45898240E-01 2021 02 08 08 20 02
-4.98016304E-01 2021 02 08 08 25 03
-4.24479848E-01 2021 02 08 08 30 02
-6.20354986E-01 2021 02 08 08 35 02
-5.58017803E-01 2021 02 08 08 40 02
-5.63622842E-01 2021 02 08 08 45 02
-5.02257241E-01 2021 02 08 08 50 02
-6.01410165E-01 2021 02 08 08 55 02
-5.89690467E-01 2021 02 08 09 00 02
-5.89942764E-01 2021 02 08 09 05 02
-5.68505475E-01 2021 02 08 09 10 02
-5.79260802E-01 2021 02 08 09 15 02
-6.03179448E-01 2021 02 08 09 20 02
-6.47530619E-01 2021 02 08 09 25 02
-6.57480430E-01 2021 02 08 09 30 02
-6.50615915E-01 2021 02 08 09 35 02
-6.73420814E-01 2021 02 08 09 40 02
-7.12429704E-01 2021 02 08 09 45 02
-6.57380041E-01 2021 02 08 09 50 03
-6.68320222E-01 2021 02 08 09 55 02
-7.22454976E-01 2021 02 08 10 00 02
-5.57481370E-01 2021 02 08 10 05 02
-7.21036147E-01 2021 02 08 10 10 02
-6.08307257E-01 2021 02 08 10 15 03
-6.99950597E-01 2021 02 08 10 20 02
-7.16227703E-01 2021 02 08 10 25 02
-6.88293057E-01 2021 02 08 10 30 02
-8.07521759E-01 2021 02 08 10 35 02
-7.90564523E-01 2021 02 08 10 40 02
-7.12816220E-01 2021 02 08 10 45 02
-6.86690469E-01 2021 02 08 10 50 02
-7.06543537E-01 2021 02 08 10 55 02
-6.62463427E-01 2021 02 08 11 00 02
-6.03029020E-01 2021 02 08 11 05 02
-7.14644320E-01 2021 02 08 11 10 02
-7.50881894E-01 2021 02 08 11 15 03
-6.37861320E-01 2021 02 08 11 20 02
-5.65433322E-01 2021 02 08 11 25 02
-6.37472451E-01 2021 02 08 11 30 02
-5.59344873E-01 2021 02 08 11 35 02
-6.37706811E-01 2021 02 08 11 40 03
-5.69971305E-01 2021 02 08 11 45 02
-5.78121350E-01 2021 02 08 11 50 02
-5.79730862E-01 2021 02 08 11 55 02
-5.04159295E-01 2021 02 08 12 00 02
-5.56506026E-01 2021 02 08 12 05 02
-5.18737818E-01 2021 02 08 12 10 02
-5.23816128E-01 2021 02 08 12 15 02
-5.87596471E-01 2021 02 08 12 20 02
-4.70339340E-01 2021 02 08 12 25 02
-6.07686331E-01 2021 02 08 12 30 02
-4.98138027E-01 2021 02 08 12 35 02
-6.06926295E-01 2021 02 08 12 40 03
-4.01672157E-01 2021 02 08 12 45 02
-4.95538150E-01 2021 02 08 12 50 02
-5.53278042E-01 2021 02 08 12 55 02
-5.07896539E-01 2021 02 08 13 00 02
-5.46273677E-01 2021 02 08 13 05 02
-5.27316264E-01 2021 02 08 13 10 02
-4.32243189E-01 2021 02 08 13 15 02
-3.90718857E-01 2021 02 08 13 20 02
-3.72590700E-01 2021 02 08 13 25 02
-4.13347012E-01 2021 02 08 13 30 02
-4.49342042E-01 2021 02 08 13 35 02
-5.19694986E-01 2021 02 08 13 40 03
-3.93446183E-01 2021 02 08 13 45 02
-4.28987720E-01 2021 02 08 13 50 02
-4.12794661E-01 2021 02 08 13 55 02
-4.24764658E-01 2021 02 08 14 00 02
-3.99407587E-01 2021 02 08 14 05 02
-5.17514821E-01 2021 02 08 14 10 02
-3.84896041E-01 2021 02 08 14 15 02
-4.31998852E-01 2021 02 08 14 20 02
-5.13951641E-01 2021 02 08 14 25 02
-5.59697368E-01 2021 02 08 14 30 02
-3.76063428E-01 2021 02 08 14 35 02
-4.98415691E-01 2021 02 08 14 40 02
-5.28801538E-01 2021 02 08 14 45 02
-5.14002285E-01 2021 02 08 14 50 02
-4.24188427E-01 2021 02 08 14 55 02
-4.90195965E-01 2021 02 08 15 00 02
-5.74495743E-01 2021 02 08 15 05 03
-4.07017767E-01 2021 02 08 15 10 02
-3.93034257E-01 2021 02 08 15 15 02
-5.03880128E-01 2021 02 08 15 20 02
-3.93938764E-01 2021 02 08 15 25 02
-4.53658406E-01 2021 02 08 15 30 02
-5.11802202E-01 2021 02 08 15 35 02
-4.47914001E-01 2021 02 08 15 40 02
-4.71731215E-01 2021 02 08 15 45 02
-4.67644202E-01 2021 02 08 15 50 02
-5.95364797E-01 2021 02 08 15 55 02
-4.35873525E-01 2021 02 08 16 00 02
-4.01778108E-01 2021 02 08 16 05 02
-5.25159326E-01 2021 02 08 16 10 02
-5.93022000E-01 2021 02 08 16 15 02
-3.86236131E-01 2021 02 08 16 20 02
-4.59555251E-01 2021 02 08 16 25 02
-5.09014621E-01 2021 02 08 16 30 03
-4.56000482E-01 2021 02 08 16 35 02
-4.87929530E-01 2021 02 08 16 40 02
-5.49696260E-01 2021 02 08 16 45 02
-4.82595502E-01 2021 02 08 16 50 02
-4.16083651E-01 2021 02 08 16 55 03
-5.65728011E-01 2021 02 08 17 00 02
-5.22603650E-01 2021 02 08 17 05 02
-4.40705251E-01 2021 02 08 17 10 02
-4.67084641E-01 2021 02 08 17 15 02
-5.43010086E-01 2021 02 08 17 20 02
-4.91401579E-01 2021 02 08 17 25 02
-4.77967988E-01 2021 02 08 17 30 02
-5.03326715E-01 2021 02 08 17 35 02
-6.26137680E-01 2021 02 08 17 40 02
-5.01237951E-01 2021 02 08 17 45 02
-5.37503878E-01 2021 02 08 17 50 02
-5.63686520E-01 2021 02 08 17 55 02
-5.54418883E-01 2021 02 08 18 00 02
-5.74214317E-01 2021 02 08 18 05 02
-5.72789363E-01 2021 02 08 18 10 02
-5.32663385E-01 2021 02 08 18 15 02
-5.58390652E-01 2021 02 08 18 20 03
-5.96825005E-01 2021 02 08 18 25 02
-5.32291022E-01 2021 02 08 18 30 02
-4.99985311E-01 2021 02 08 18 35 02
-5.14322186E-01 2021 02 08 18 40 02
-5.04405083E-01 2021 02 08 18 45 03
-5.15673143E-01 2021 02 08 18 50 02
-5.82209797E-01 2021 02 08 18 55 02
-4.78376102E-01 2021 02 08 19 00 02
-5.91679756E-01 2021 02 08 19 05 02
-6.16742026E-01 2021 02 08 19 10 02
-6.10619310E-01 2021 02 08 19 15 02
-7.34371856E-01 2021 02 08 19 20 02
-6.14803668E-01 2021 02 08 19 25 02
-7.38276660E-01 2021 02 08 19 30 02
-6.89090291E-01 2021 02 08 19 35 02
-7.30907132E-01 2021 02 08 19 40 02
-7.64963410E-01 2021 02 08 19 45 03
-7.85357943E-01 2021 02 08 19 50 02
-7.66405886E-01 2021 02 08 19 55 02
-7.37333962E-01 2021 02 08 20 00 02
-6.66353121E-01 2021 02 08 20 05 02
-6.76866825E-01 2021 02 08 20 10 03
-6.10726142E-01 2021 02 08 20 15 02
-7.17480631E-01 2021 02 08 20 20 02
-7.06778728E-01 2021 02 08 20 25 02
-7.19193195E-01 2021 02 08 20 30 02
-7.42367138E-01 2021 02 08 20 35 02
-7.01088236E-01 2021 02 08 20 40 02
-7.23212949E-01 2021 02 08 20 45 02
-6.61050725E-01 2021 02 08 20 50 02
-6.64461614E-01 2021 02 08 20 55 02
-6.71463192E-01 2021 02 08 21 00 02
-8.15230437E-01 2021 02 08 21 05 02
-7.48432858E-01 2021 02 08 21 10 02
-7.39441400E-01 2021 02 08 21 15 02
-7.13453277E-01 2021 02 08 21 20 02
-7.71615162E-01 2021 02 08 21 25 02
-7.21606693E-01 2021 02 08 21 30 02
-7.38316545E-01 2021 02 08 21 35 02
-7.98280638E-01 2021 02 08 21 40 02
-7.79172221E-01 2021 02 08 21 45 02
-7.38856148E-01 2021 02 08 21 50 02
-7.69830068E-01 2021 02 08 21 55 02
-7.01344158E-01 2021 02 08 22 00 02
-7.53022235E-01 2021 02 08 22 05 02
-7.20215040E-01 2021 02 08 22 10 02
-6.96890208E-01 2021 02 08 22 15 02
-8.11217517E-01 2021 02 08 22 20 02
-7.07927103E-01 2021 02 08 22 25 02
-6.53842642E-01 2021 02 08 22 30 02
-7.41479535E-01 2021 02 08 22 35 03
-6.80135841E-01 2021 02 08 22 40 02
-7.71079836E-01 2021 02 08 22 45 02
-7.51670729E-01 2021 02 08 22 50 02
-7.33676042E-01 2021 02 08 22 55 02
-7.92037833E-01 2021 02 08 23 00 02
-7.08616277E-01 2021 02 08 23 05 02
-5.90251189E-01 2021 02 08 23 10 02
-6.81117739E-01 2021 02 08 23 15 02
-5.48528286E-01 2021 02 08 23 20 02
-6.17339872E-01 2021 02 08 23 25 02
-7.23275306E-01 2021 02 08 23 30 02
-5.64042133E-01 2021 02 08 23 35 03
-7.15719614E-01 2021 02 08 23 40 02
-5.49178737E-01 2021 02 08 23 45 02
-6.26741758E-01 2021 02 08 23 50 02
-6.13201792E-01 2021 02 08 23 55 02
