-7.75585814E-01 2021 02 14 00 00 03
-7.66689122E-01 2021 02 14 00 05 02
-7.32817213E-01 2021 02 14 00 10 02
-7.69500323E-01 2021 02 14 00 15 02
-7.77896466E-01 2021 02 14 00 20 02
-9.34522838E-01 2021 02 14 00 25 02
-9.87037522E-01 2021 02 14 00 30 02
-1.02275612E+00 2021 02 14 00 35 02
-9.66763198E-01 2021 02 14 00 40 02
-9.86733893E-01 2021 02 14 00 45 02
-1.02493079E+00 2021 02 14 00 50 02
-1.01468451E+00 2021 02 14 00 55 02
-1.07247747E+00 2021 02 14 01 00 02
-1.08971570E+00 2021 02 14 01 05 02
-1.10837116E+00 2021 02 14 01 10 02
-1.18536963E+00 2021 02 14 01 15 02
-1.09155925E+00 2021 02 14 01 20 02
-1.09555050E+00 2021 02 14 01 25 03
-1.07509980E+00 2021 02 14 01 30 02
-1.12906326E+00 2021 02 14 01 35 02
-9.88789480E-01 2021 02 14 01 40 02
-9.57933663E-01 2021 02 14 01 45 02
-1.06252042E+00 2021 02 14 01 50 03
-1.09010683E+00 2021 02 14 01 55 02
-1.05729165E+00 2021 02 14 02 00 02
-1.07028533E+00 2021 02 14 02 05 02
-1.04065314E+00 2021 02 14 02 10 02
-1.03771574E+00 2021 02 14 02 15 03
-9.81723374E-01 2021 02 14 02 20 02
-9.63117797E-01 2021 02 14 02 25 02
-9.98690726E-01 2021 02 14 02 30 02
-1.00362916E+00 2021 02 14 02 35 02
-1.02172440E+00 2021 02 14 02 40 02
-9.96657672E-01 2021 02 14 02 45 02
-9.77656220E-01 2021 02 14 02 50 02
-9.51564633E-01 2021 02 14 02 55 02
-9.05652763E-01 2021 02 14 03 00 02
-8.96755149E-01 2021 02 14 03 05 02
-8.63345033E-01 2021 02 14 03 10 02
-8.35135773E-01 2021 02 14 03 15 03
-8.20154488E-01 2021 02 14 03 20 02
-8.21421290E-01 2021 02 14 03 25 02
-8.14313535E-01 2021 02 14 03 30 02
-8.41987237E-01 2021 02 14 03 35 02
-7.66789065E-01 2021 02 14 03 40 03
-7.32721942E-01 2021 02 14 03 45 02
-6.60337589E-01 2021 02 14 03 50 02
-6.58252037E-01 2021 02 14 03 55 02
-6.52458766E-01 2021 02 14 04 00 02
-6.35805216E-01 2021 02 14 04 05 02
-5.60103702E-01 2021 02 14 04 10 02
-5.03097131E-01 2021 02 14 04 15 02
-5.45014618E-01 2021 02 14 04 20 02
-5.88360927E-01 2021 02 14 04 25 02
-5.33692199E-01 2021 02 14 04 30 02
-5.25592433E-01 2021 02 14 04 35 02
-5.35251369E-01 2021 02 14 04 40 02
-4.92498389E-01 2021 02 14 04 45 02
-4.81746542E-01 2021 02 14 04 50 02
-4.66917782E-01 2021 02 14 04 55 02
-4.04393574E-01 2021 02 14 05 00 02
-4.00729709E-01 2021 02 14 05 05 03
-3.51652889E-01 2021 02 14 05 10 02
-3.23920937E-01 2021 02 14 05 15 02
-3.14425324E-01 2021 02 14 05 20 02
-2.88384284E-01 2021 02 14 05 25 02
-3.31425484E-01 2021 02 14 05 30 02
-2.47558846E-01 2021 02 14 05 35 02
-2.52171898E-01 2021 02 14 05 40 02
-2.45961019E-01 2021 02 14 05 45 02
-1.70914836E-01 2021 02 14 05 50 02
-1.48721725E-01 2021 02 14 05 55 02
-2.07172825E-01 2021 02 14 06 00 02
-1.34077383E-01 2021 02 14 06 05 02
-6.50829147E-02 2021 02 14 06 10 02
+4.94392667E-02 2021 02 14 06 15 02
-4.59381068E-02 2021 02 14 06 20 02
-2.20419777E-02 2021 02 14 06 25 02
+4.72925262E-02 2021 02 14 06 30 03
+1.13561245E-01 2021 02 14 06 35 02
+5.31793891E-02 2021 02 14 06 40 02
+1.66236217E-01 2021 02 14 06 45 02
+1.86998994E-02 2021 02 14 06 50 02
+1.10475199E-01 2021 02 14 06 55 03
+9.95879527E-02 2021 02 14 07 00 02
+3.36916007E-02 2021 02 14 07 05 02
+5.83361406E-02 2021 02 14 07 10 02
+2.59982044E-02 2021 02 14 07 15 02
+4.34201937E-02 2021 02 14 07 20 02
+5.53205012E-02 2021 02 14 07 25 02
+1.17645239E-01 2021 02 14 07 30 02
+1.08186966E-01 2021 02 14 07 35 02
+1.41569774E-01 2021 02 14 07 40 02
+1.98324550E-01 2021 02 14 07 45 02
+8.48415947E-02 2021 02 14 07 50 02
+7.80127705E-02 2021 02 14 07 55 03
-1.61198655E-02 2021 02 14 08 00 02
+3.87845646E-02 2021 02 14 08 05 02
-3.97111343E-02 2021 02 14 08 10 02
+5.41878238E-02 2021 02 14 08 15 02
+3.35551335E-02 2021 02 14 08 20 02
-3.87975124E-02 2021 02 14 08 25 02
+8.49272951E-02 2021 02 14 08 30 02
+8.19968572E-02 2021 02 14 08 35 02
+1.40432380E-01 2021 02 14 08 40 02
+9.48870156E-02 2021 02 14 08 45 02
+1.37120538E-01 2021 02 14 08 50 02
+2.25611688E-01 2021 02 14 08 55 03
+6.10616703E-02 2021 02 14 09 00 02
+4.50673434E-02 2021 02 14 09 05 02
+7.16159072E-02 2021 02 14 09 10 02
+1.13723759E-01 2021 02 14 09 15 02
+1.35074918E-01 2021 02 14 09 20 03
+2.87863752E-02 2021 02 14 09 25 02
+7.97820944E-02 2021 02 14 09 30 02
+8.14867435E-02 2021 02 14 09 35 02
+7.80959312E-02 2021 02 14 09 40 02
+1.25494896E-01 2021 02 14 09 45 03
-5.34179764E-02 2021 02 14 09 50 02
+5.76038211E-02 2021 02 14 09 55 02
+2.46144925E-02 2021 02 14 10 00 02
+1.92713945E-02 2021 02 14 10 05 02
+2.68371412E-02 2021 02 14 10 10 02
-5.10873104E-02 2021 02 14 10 15 02
+5.49218062E-02 2021 02 14 10 20 02
-1.15083954E-01 2021 02 14 10 25 02
-3.01615836E-02 2021 02 14 10 30 02
-4.37157871E-02 2021 02 14 10 35 02
-5.72640422E-02 2021 02 14 10 40 02
-1.50954227E-01 2021 02 14 10 45 03
-2.55996093E-01 2021 02 14 10 50 02
-4.94580478E-02 2021 02 14 10 55 02
-1.81950400E-01 2021 02 14 11 00 02
-1.21833730E-01 2021 02 14 11 05 02
-1.41543746E-01 2021 02 14 11 10 03
-1.61873781E-01 2021 02 14 11 15 02
-3.22992331E-01 2021 02 14 11 20 02
-2.64930185E-01 2021 02 14 11 25 02
-3.25851289E-01 2021 02 14 11 30 02
-3.54693155E-01 2021 02 14 11 35 02
-3.62761180E-01 2021 02 14 11 40 02
-4.40769826E-01 2021 02 14 11 45 02
-4.13333203E-01 2021 02 14 11 50 02
-4.99931381E-01 2021 02 14 11 55 02
-5.06376709E-01 2021 02 14 12 00 02
-5.05684693E-01 2021 02 14 12 05 02
-6.48881387E-01 2021 02 14 12 10 03
-5.50341196E-01 2021 02 14 12 15 02
-5.86739533E-01 2021 02 14 12 20 02
-6.40979246E-01 2021 02 14 12 25 02
-6.46698728E-01 2021 02 14 12 30 02
-5.59236937E-01 2021 02 14 12 35 03
-6.52771590E-01 2021 02 14 12 40 02
-7.55337638E-01 2021 02 14 12 45 02
-7.44454026E-01 2021 02 14 12 50 02
-8.58189174E-01 2021 02 14 12 55 02
-7.39550072E-01 2021 02 14 13 00 02
-8.04329540E-01 2021 02 14 13 05 02
-8.68792924E-01 2021 02 14 13 10 02
-7.93613197E-01 2021 02 14 13 15 02
-9.42233292E-01 2021 02 14 13 20 02
-8.65302828E-01 2021 02 14 13 25 02
-8.19622620E-01 2021 02 14 13 30 02
-8.45315742E-01 2021 02 14 13 35 03
-1.01720181E+00 2021 02 14 13 40 02
-9.58340538E-01 2021 02 14 13 45 02
-9.21646982E-01 2021 02 14 13 50 02
-1.05651059E+00 2021 02 14 13 55 02
-1.03963958E+00 2021 02 14 14 00 03
-1.04469279E+00 2021 02 14 14 05 02
-1.00431815E+00 2021 02 14 14 10 02
-9.92643317E-01 2021 02 14 14 15 02
-9.65927016E-01 2021 02 14 14 20 02
-9.84235072E-01 2021 02 14 14 25 02
-1.05681870E+00 2021 02 14 14 30 02
-1.11331507E+00 2021 02 14 14 35 02
-1.10747692E+00 2021 02 14 14 40 02
-1.03503714E+00 2021 02 14 14 45 02
-1.06514706E+00 2021 02 14 14 50 02
-1.08604277E+00 2021 02 14 14 55 02
-1.00386185E+00 2021 02 14 15 00 03
-1.08067576E+00 2021 02 14 15 05 02
-1.01642375E+00 2021 02 14 15 10 02
-9.55038417E-01 2021 02 14 15 15 02
-9.38750510E-01 2021 02 14 15 20 02
-9.47114283E-01 2021 02 14 15 25 02
-9.16367528E-01 2021 02 14 15 30 02
-8.91993627E-01 2021 02 14 15 35 02
-1.02988497E+00 2021 02 14 15 40 02
-9.72056549E-01 2021 02 14 15 45 02
-8.46192760E-01 2021 02 14 15 50 02
-7.54015934E-01 2021 02 14 15 55 02
-8.48808186E-01 2021 02 14 16 00 03
-8.53894651E-01 2021 02 14 16 05 02
-7.87167341E-01 2021 02 14 16 10 02
-7.39921875E-01 2021 02 14 16 15 02
-8.29029341E-01 2021 02 14 16 20 02
-8.33580410E-01 2021 02 14 16 25 03
-7.34332585E-01 2021 02 14 16 30 02
-8.57938656E-01 2021 02 14 16 35 02
-9.11335534E-01 2021 02 14 16 40 02
-7.63352748E-01 2021 02 14 16 45 02
-8.52183010E-01 2021 02 14 16 50 03
-7.91816087E-01 2021 02 14 16 55 02
-6.68360596E-01 2021 02 14 17 00 02
-6.18887873E-01 2021 02 14 17 05 02
-6.15337965E-01 2021 02 14 17 10 02
-6.33254697E-01 2021 02 14 17 15 02
-5.00587736E-01 2021 02 14 17 20 02
-6.45729736E-01 2021 02 14 17 25 02
-5.38144503E-01 2021 02 14 17 30 02
-4.67391632E-01 2021 02 14 17 35 02
-3.03267596E-01 2021 02 14 17 40 02
-4.11167659E-01 2021 02 14 17 45 02
-5.15487068E-01 2021 02 14 17 50 02
-3.61198926E-01 2021 02 14 17 55 02
-4.42628417E-01 2021 02 14 18 00 02
-3.19722633E-01 2021 02 14 18 05 02
-3.54282627E-01 2021 02 14 18 10 02
-2.83379621E-01 2021 02 14 18 15 03
-3.19844639E-01 2021 02 14 18 20 02
-2.81256722E-01 2021 02 14 18 25 02
-3.35353451E-01 2021 02 14 18 30 02
-3.86547233E-01 2021 02 14 18 35 02
-2.42656542E-01 2021 02 14 18 40 03
-2.36254497E-01 2021 02 14 18 45 02
-2.43165932E-01 2021 02 14 18 50 02
-1.98837011E-01 2021 02 14 18 55 02
-2.42172663E-01 2021 02 14 19 00 02
-1.45132930E-01 2021 02 14 19 05 02
-1.61053284E-01 2021 02 14 19 10 02
-2.11536916E-01 2021 02 14 19 15 02
-1.27929530E-01 2021 02 14 19 20 02
-4.90506716E-02 2021 02 14 19 25 02
-7.77100978E-02 2021 02 14 19 30 02
-1.17684093E-01 2021 02 14 19 35 02
-1.80226013E-01 2021 02 14 19 40 03
-2.32494070E-01 2021 02 14 19 45 02
-1.57418943E-01 2021 02 14 19 50 02
-5.57391840E-02 2021 02 14 19 55 02
-8.67745212E-02 2021 02 14 20 00 02
-1.31017092E-01 2021 02 14 20 05 03
-1.41212704E-01 2021 02 14 20 10 02
-1.48296342E-01 2021 02 14 20 15 02
-1.86436604E-01 2021 02 14 20 20 02
-1.68810312E-01 2021 02 14 20 25 02
-1.30261932E-01 2021 02 14 20 30 02
-8.81318561E-02 2021 02 14 20 35 02
-1.08738842E-01 2021 02 14 20 40 02
-1.33117776E-01 2021 02 14 20 45 02
-1.41260542E-01 2021 02 14 20 50 02
-1.51637726E-01 2021 02 14 20 55 02
-2.57510689E-01 2021 02 14 21 00 02
-2.71075030E-01 2021 02 14 21 05 02
-2.47034120E-01 2021 02 14 21 10 02
-2.30438256E-01 2021 02 14 21 15 02
-2.05851159E-01 2021 02 14 21 20 02
-1.85652775E-01 2021 02 14 21 25 02
-1.79639732E-01 2021 02 14 21 30 03
-1.58574701E-01 2021 02 14 21 35 02
-2.51542440E-01 2021 02 14 21 40 02
-2.76943630E-01 2021 02 14 21 45 02
-2.21576436E-01 2021 02 14 21 50 02
-2.02428009E-01 2021 02 14 21 55 02
-1.16737436E-01 2021 02 14 22 00 02
-2.22748392E-01 2021 02 14 22 05 02
-3.02751741E-01 2021 02 14 22 10 02
-3.72124492E-01 2021 02 14 22 15 02
-4.40436150E-01 2021 02 14 22 20 02
-4.51935368E-01 2021 02 14 22 25 02
-4.33267040E-01 2021 02 14 22 30 02
-4.11993891E-01 2021 02 14 22 35 02
-4.57483309E-01 2021 02 14 22 40 02
-4.70281386E-01 2021 02 14 22 45 02
-5.08954159E-01 2021 02 14 22 50 02
-5.04403216E-01 2021 02 14 22 55 03
-6.20129076E-01 2021 02 14 23 00 02
-6.68049708E-01 2021 02 14 23 05 02
-6.07756311E-01 2021 02 14 23 10 02
-5.93117513E-01 2021 02 14 23 15 02
-4.88556325E-01 2021 02 14 23 20 02
-5.70828226E-01 2021 02 14 23 25 02
-7.68578712E-01 2021 02 14 23 30 02
-7.13314777E-01 2021 02 14 23 35 02
-7.31898834E-01 2021 02 14 23 40 02
-7.07357065E-01 2021 02 14 23 45 02
-7.72340012E-01 2021 02 14 23 50 02
-8.10396298E-01 2021 02 14 23 55 03
