-1.01821790E+00 2021 02 28 00 00 02
-1.00238625E+00 2021 02 28 00 05 02
-1.00142133E+00 2021 02 28 00 10 02
-9.91296710E-01 2021 02 28 00 15 02
-9.35790837E-01 2021 02 28 00 20 02
-9.46734575E-01 2021 02 28 00 25 03
-9.53821829E-01 2021 02 28 00 30 02
-9.59026914E-01 2021 02 28 00 35 02
-9.43174372E-01 2021 02 28 00 40 02
-9.61764824E-01 2021 02 28 00 45 02
-9.40455271E-01 2021 02 28 00 50 03
-9.27672676E-01 2021 02 28 00 55 02
-1.03115669E+00 2021 02 28 01 00 02
-9.74607656E-01 2021 02 28 01 05 02
-8.81614192E-01 2021 02 28 01 10 02
-7.80306653E-01 2021 02 28 01 15 02
-7.19187757E-01 2021 02 28 01 20 02
-7.54869924E-01 2021 02 28 01 25 02
-6.91499451E-01 2021 02 28 01 30 02
-9.29144613E-01 2021 02 28 01 35 02
-9.69593929E-01 2021 02 28 01 40 02
-8.51278275E-01 2021 02 28 01 45 02
-8.40681521E-01 2021 02 28 01 50 03
-8.80143027E-01 2021 02 28 01 55 02
-8.81114248E-01 2021 02 28 02 00 02
-8.75173741E-01 2021 02 28 02 05 02
-8.74692236E-01 2021 02 28 02 10 02
-8.21749626E-01 2021 02 28 02 15 03
-7.71675114E-01 2021 02 28 02 20 02
-7.50891415E-01 2021 02 28 02 25 02
-6.90373082E-01 2021 02 28 02 30 02
-6.65325398E-01 2021 02 28 02 35 02
-6.34912995E-01 2021 02 28 02 40 02
-6.61900972E-01 2021 02 28 02 45 02
-6.37624445E-01 2021 02 28 02 50 02
-6.06715058E-01 2021 02 28 02 55 02
-5.70650092E-01 2021 02 28 03 00 02
-5.57292301E-01 2021 02 28 03 05 02
-5.10593672E-01 2021 02 28 03 10 02
-4.91978047E-01 2021 02 28 03 15 02
-4.75126167E-01 2021 02 28 03 20 02
-4.44352662E-01 2021 02 28 03 25 02
-4.29573333E-01 2021 02 28 03 30 02
-3.83848823E-01 2021 02 28 03 35 02
-3.81134073E-01 2021 02 28 03 40 03
-3.25354427E-01 2021 02 28 03 45 02
-2.82574693E-01 2021 02 28 03 50 02
-2.22629830E-01 2021 02 28 03 55 02
-2.34834351E-01 2021 02 28 04 00 02
-2.25363442E-01 2021 02 28 04 05 02
-2.04443440E-01 2021 02 28 04 10 02
-1.86614953E-01 2021 02 28 04 15 02
-1.75697064E-01 2021 02 28 04 20 02
-1.56526839E-01 2021 02 28 04 25 02
-1.31717129E-01 2021 02 28 04 30 02
-1.00872424E-01 2021 02 28 04 35 02
-7.36577551E-02 2021 02 28 04 40 03
-6.53551059E-02 2021 02 28 04 45 02
-5.32383055E-02 2021 02 28 04 50 02
+4.74771320E-02 2021 02 28 04 55 02
+9.17195179E-02 2021 02 28 05 00 02
+1.04549144E-01 2021 02 28 05 05 02
+1.04555698E-01 2021 02 28 05 10 02
+1.18820530E-01 2021 02 28 05 15 02
+1.22774085E-01 2021 02 28 05 20 02
+9.48635674E-02 2021 02 28 05 25 02
+1.00657892E-01 2021 02 28 05 30 02
+2.28801020E-01 2021 02 28 05 35 02
+2.05155638E-01 2021 02 28 05 40 03
+2.33706083E-01 2021 02 28 05 45 02
+2.00099682E-01 2021 02 28 05 50 02
+2.47327684E-01 2021 02 28 05 55 02
+2.80978350E-01 2021 02 28 06 00 02
+3.69576307E-01 2021 02 28 06 05 02
+2.62078327E-01 2021 02 28 06 10 02
+3.44246103E-01 2021 02 28 06 15 02
+3.87347900E-01 2021 02 28 06 20 02
+3.12219291E-01 2021 02 28 06 25 02
+3.01805752E-01 2021 02 28 06 30 02
+3.91349665E-01 2021 02 28 06 35 02
+3.19517903E-01 2021 02 28 06 40 02
+3.15435773E-01 2021 02 28 06 45 02
+4.30871225E-01 2021 02 28 06 50 02
+3.52673867E-01 2021 02 28 06 55 02
+3.15731204E-01 2021 02 28 07 00 02
+3.97325762E-01 2021 02 28 07 05 03
+3.21889139E-01 2021 02 28 07 10 02
+2.40968577E-01 2021 02 28 07 15 02
+2.31135602E-01 2021 02 28 07 20 02
+2.56753887E-01 2021 02 28 07 25 02
+2.41487319E-01 2021 02 28 07 30 03
+2.42471683E-01 2021 02 28 07 35 02
+1.80567306E-01 2021 02 28 07 40 02
+2.01698590E-01 2021 02 28 07 45 02
+2.28018270E-01 2021 02 28 07 50 02
+1.79744530E-01 2021 02 28 07 55 02
+5.27049270E-02 2021 02 28 08 00 02
+1.19136893E-01 2021 02 28 08 05 02
+1.39403972E-02 2021 02 28 08 10 02
+6.75132317E-02 2021 02 28 08 15 02
+5.17954138E-02 2021 02 28 08 20 02
-1.36072889E-02 2021 02 28 08 25 02
-1.72616889E-02 2021 02 28 08 30 02
-3.07238696E-02 2021 02 28 08 35 02
-5.04110666E-02 2021 02 28 08 40 02
-1.08479251E-01 2021 02 28 08 45 02
-1.53941797E-01 2021 02 28 08 50 02
-1.37835686E-01 2021 02 28 08 55 02
-2.06609809E-01 2021 02 28 09 00 02
-2.07058824E-01 2021 02 28 09 05 02
-2.16369954E-01 2021 02 28 09 10 02
-2.13426000E-01 2021 02 28 09 15 02
-2.91526585E-01 2021 02 28 09 20 03
-2.58097036E-01 2021 02 28 09 25 02
-2.48233002E-01 2021 02 28 09 30 02
-4.11692150E-01 2021 02 28 09 35 02
-3.45686482E-01 2021 02 28 09 40 02
-3.76705608E-01 2021 02 28 09 45 03
-3.87862678E-01 2021 02 28 09 50 02
-4.87021650E-01 2021 02 28 09 55 02
-4.31086276E-01 2021 02 28 10 00 02
-5.66622517E-01 2021 02 28 10 05 02
-5.40064043E-01 2021 02 28 10 10 02
-5.96969963E-01 2021 02 28 10 15 02
-6.22376631E-01 2021 02 28 10 20 02
-6.59030839E-01 2021 02 28 10 25 02
-7.05609816E-01 2021 02 28 10 30 02
-7.46214215E-01 2021 02 28 10 35 02
-7.03781641E-01 2021 02 28 10 40 02
-9.18865957E-01 2021 02 28 10 45 03
-8.14736639E-01 2021 02 28 10 50 02
-8.13117497E-01 2021 02 28 10 55 02
-9.48999542E-01 2021 02 28 11 00 02
-8.94257502E-01 2021 02 28 11 05 02
-9.81968360E-01 2021 02 28 11 10 03
-9.24636182E-01 2021 02 28 11 15 02
-8.81324348E-01 2021 02 28 11 20 02
-8.63123600E-01 2021 02 28 11 25 02
-8.70615909E-01 2021 02 28 11 30 02
-8.86370955E-01 2021 02 28 11 35 02
-8.88153738E-01 2021 02 28 11 40 02
-8.57192256E-01 2021 02 28 11 45 02
-8.15932318E-01 2021 02 28 11 50 02
-8.30063994E-01 2021 02 28 11 55 02
-9.29935566E-01 2021 02 28 12 00 02
-8.09325814E-01 2021 02 28 12 05 02
-9.16262412E-01 2021 02 28 12 10 03
-9.01348430E-01 2021 02 28 12 15 02
-8.26009605E-01 2021 02 28 12 20 02
-7.76529522E-01 2021 02 28 12 25 02
-7.78276893E-01 2021 02 28 12 30 02
-7.28549322E-01 2021 02 28 12 35 02
-6.96757004E-01 2021 02 28 12 40 02
-7.92619465E-01 2021 02 28 12 45 02
-7.82089291E-01 2021 02 28 12 50 02
-6.48541622E-01 2021 02 28 12 55 02
-6.45018137E-01 2021 02 28 13 00 02
-7.90079149E-01 2021 02 28 13 05 02
-6.52544479E-01 2021 02 28 13 10 02
-8.01200948E-01 2021 02 28 13 15 02
-8.51550055E-01 2021 02 28 13 20 02
-7.66673061E-01 2021 02 28 13 25 02
-7.81465609E-01 2021 02 28 13 30 02
-7.46611284E-01 2021 02 28 13 35 03
-7.53926957E-01 2021 02 28 13 40 02
-7.99786660E-01 2021 02 28 13 45 02
-7.52867392E-01 2021 02 28 13 50 02
-7.93550098E-01 2021 02 28 13 55 02
-7.77055860E-01 2021 02 28 14 00 03
-8.16205667E-01 2021 02 28 14 05 02
-7.32528829E-01 2021 02 28 14 10 02
-9.17297397E-01 2021 02 28 14 15 02
-6.84973894E-01 2021 02 28 14 20 02
-7.31773211E-01 2021 02 28 14 25 02
-7.66484143E-01 2021 02 28 14 30 02
-8.65039797E-01 2021 02 28 14 35 02
-8.96523109E-01 2021 02 28 14 40 02
-7.54898499E-01 2021 02 28 14 45 02
-7.39947135E-01 2021 02 28 14 50 02
-6.96773892E-01 2021 02 28 14 55 02
-7.47131213E-01 2021 02 28 15 00 02
-8.10301123E-01 2021 02 28 15 05 02
-7.47096868E-01 2021 02 28 15 10 02
-7.64503402E-01 2021 02 28 15 15 02
-7.07611514E-01 2021 02 28 15 20 02
-7.16931747E-01 2021 02 28 15 25 03
-6.89305901E-01 2021 02 28 15 30 02
-5.36668813E-01 2021 02 28 15 35 02
-7.66225179E-01 2021 02 28 15 40 02
-6.80129958E-01 2021 02 28 15 45 02
-6.40515693E-01 2021 02 28 15 50 03
-5.63440019E-01 2021 02 28 15 55 02
-6.54088563E-01 2021 02 28 16 00 02
-6.20923636E-01 2021 02 28 16 05 02
-4.39676242E-01 2021 02 28 16 10 02
-6.72609783E-01 2021 02 28 16 15 02
-7.25935492E-01 2021 02 28 16 20 02
-5.64723164E-01 2021 02 28 16 25 02
-5.22506700E-01 2021 02 28 16 30 02
-5.50377240E-01 2021 02 28 16 35 02
-5.02023401E-01 2021 02 28 16 40 02
-4.22400011E-01 2021 02 28 16 45 02
-5.96709882E-01 2021 02 28 16 50 03
-4.85069881E-01 2021 02 28 16 55 02
-4.79962432E-01 2021 02 28 17 00 02
-4.35469386E-01 2021 02 28 17 05 02
-4.49700125E-01 2021 02 28 17 10 02
-4.63042184E-01 2021 02 28 17 15 03
-4.50749686E-01 2021 02 28 17 20 02
-4.47044229E-01 2021 02 28 17 25 02
-3.81163949E-01 2021 02 28 17 30 02
-4.00732672E-01 2021 02 28 17 35 02
-2.91166637E-01 2021 02 28 17 40 02
-3.53015780E-01 2021 02 28 17 45 02
-3.10726520E-01 2021 02 28 17 50 02
-1.85306055E-01 2021 02 28 17 55 02
-3.64396652E-01 2021 02 28 18 00 02
-2.20725309E-01 2021 02 28 18 05 02
-2.75983778E-01 2021 02 28 18 10 02
-2.08521158E-01 2021 02 28 18 15 03
-2.50501557E-01 2021 02 28 18 20 02
-1.48278921E-01 2021 02 28 18 25 02
-1.96084507E-01 2021 02 28 18 30 02
-1.49195332E-01 2021 02 28 18 35 02
-2.38336117E-01 2021 02 28 18 40 02
-1.60704614E-01 2021 02 28 18 45 02
-1.15009730E-01 2021 02 28 18 50 02
-1.21370604E-01 2021 02 28 18 55 02
-1.27825139E-01 2021 02 28 19 00 02
-7.30961686E-02 2021 02 28 19 05 02
-1.23743182E-01 2021 02 28 19 10 02
-1.01817480E-01 2021 02 28 19 15 02
-9.00129334E-02 2021 02 28 19 20 02
-1.06170990E-01 2021 02 28 19 25 02
-7.48809642E-02 2021 02 28 19 30 02
-1.04950775E-01 2021 02 28 19 35 02
-1.68224345E-01 2021 02 28 19 40 03
-1.55561186E-01 2021 02 28 19 45 02
-1.02423920E-01 2021 02 28 19 50 02
-1.18433442E-01 2021 02 28 19 55 02
-1.33928799E-01 2021 02 28 20 00 02
-8.51809033E-02 2021 02 28 20 05 02
-1.39862183E-01 2021 02 28 20 10 02
-2.15054215E-01 2021 02 28 20 15 02
-2.66549444E-01 2021 02 28 20 20 02
-2.28448076E-01 2021 02 28 20 25 02
-1.82236726E-01 2021 02 28 20 30 02
-1.24064625E-01 2021 02 28 20 35 02
-2.51974380E-01 2021 02 28 20 40 03
-2.07399235E-01 2021 02 28 20 45 02
-2.00959668E-01 2021 02 28 20 50 02
-2.65706975E-01 2021 02 28 20 55 02
-2.73123694E-01 2021 02 28 21 00 02
-3.12504060E-01 2021 02 28 21 05 03
-3.87248378E-01 2021 02 28 21 10 02
-4.08268440E-01 2021 02 28 21 15 02
-3.72458129E-01 2021 02 28 21 20 02
-4.20964708E-01 2021 02 28 21 25 02
-5.16925366E-01 2021 02 28 21 30 02
-5.21715008E-01 2021 02 28 21 35 02
-4.78879731E-01 2021 02 28 21 40 02
-5.30826478E-01 2021 02 28 21 45 02
-5.31455722E-01 2021 02 28 21 50 02
-5.56951570E-01 2021 02 28 21 55 02
-6.37938378E-01 2021 02 28 22 00 02
-5.98250579E-01 2021 02 28 22 05 02
-6.12787877E-01 2021 02 28 22 10 02
-6.80944634E-01 2021 02 28 22 15 02
-6.83849365E-01 2021 02 28 22 20 02
-7.40799058E-01 2021 02 28 22 25 02
-8.42331151E-01 2021 02 28 22 30 03
-8.24620631E-01 2021 02 28 22 35 02
-7.59563323E-01 2021 02 28 22 40 02
-8.20237442E-01 2021 02 28 22 45 02
-8.45413590E-01 2021 02 28 22 50 02
-8.07273954E-01 2021 02 28 22 55 03
-8.98529479E-01 2021 02 28 23 00 02
-8.99040061E-01 2021 02 28 23 05 02
-8.21334065E-01 2021 02 28 23 10 02
-9.04366844E-01 2021 02 28 23 15 02
-9.12914369E-01 2021 02 28 23 20 02
-9.76282129E-01 2021 02 28 23 25 02
-1.17609068E+00 2021 02 28 23 30 03
-1.08776223E+00 2021 02 28 23 35 02
-1.12493260E+00 2021 02 28 23 40 02
-1.05164665E+00 2021 02 28 23 45 02
-1.07568954E+00 2021 02 28 23 50 02
-1.08110111E+00 2021 02 28 23 55 03
