-5.50885573E-01 2021 02 24 00 00 02
-6.33498540E-01 2021 02 24 00 05 02
-5.39458422E-01 2021 02 24 00 10 02
-6.17872410E-01 2021 02 24 00 15 02
-4.57942054E-01 2021 02 24 00 20 02
-3.47867805E-01 2021 02 24 00 25 02
-2.70495521E-01 2021 02 24 00 30 02
-2.83507458E-01 2021 02 24 00 35 02
-4.26779475E-01 2021 02 24 00 40 02
-4.59143694E-01 2021 02 24 00 45 02
-4.29737167E-01 2021 02 24 00 50 02
-3.91601235E-01 2021 02 24 00 55 02
-3.14836815E-01 2021 02 24 01 00 02
-3.08227787E-01 2021 02 24 01 05 02
-3.62756937E-01 2021 02 24 01 10 02
-3.54018845E-01 2021 02 24 01 15 02
-2.99065484E-01 2021 02 24 01 20 03
-2.82042215E-01 2021 02 24 01 25 02
-2.62533152E-01 2021 02 24 01 30 02
-2.73490867E-01 2021 02 24 01 35 02
-2.30192942E-01 2021 02 24 01 40 02
-1.40761979E-01 2021 02 24 01 45 02
-1.10882443E-01 2021 02 24 01 50 02
-9.80265484E-02 2021 02 24 01 55 02
-9.00296075E-02 2021 02 24 02 00 02
-4.99625231E-02 2021 02 24 02 05 02
-8.33778147E-02 2021 02 24 02 10 02
-6.47534153E-02 2021 02 24 02 15 02
-1.32099561E-01 2021 02 24 02 20 03
-1.40574805E-01 2021 02 24 02 25 02
-1.20170298E-01 2021 02 24 02 30 02
-7.13654399E-02 2021 02 24 02 35 02
-3.74653255E-02 2021 02 24 02 40 02
-4.65268705E-02 2021 02 24 02 45 03
-6.11444320E-02 2021 02 24 02 50 02
-2.07389528E-02 2021 02 24 02 55 02
-1.37613702E-02 2021 02 24 03 00 02
-2.21141081E-02 2021 02 24 03 05 02
+1.99397999E-02 2021 02 24 03 10 02
+1.43249004E-01 2021 02 24 03 15 02
+1.82549558E-01 2021 02 24 03 20 02
+2.09244869E-01 2021 02 24 03 25 02
+2.36837666E-01 2021 02 24 03 30 02
+2.49158559E-01 2021 02 24 03 35 02
+2.05720789E-01 2021 02 24 03 40 02
+1.66540416E-01 2021 02 24 03 45 03
+1.84764932E-01 2021 02 24 03 50 02
+1.80349859E-01 2021 02 24 03 55 02
+1.44228209E-01 2021 02 24 04 00 02
+7.66716784E-02 2021 02 24 04 05 02
+9.61889030E-02 2021 02 24 04 10 03
+9.97121077E-02 2021 02 24 04 15 02
+6.81778631E-02 2021 02 24 04 20 02
+1.55082903E-01 2021 02 24 04 25 02
+1.37547794E-01 2021 02 24 04 30 02
+8.09733232E-02 2021 02 24 04 35 02
+5.24644031E-02 2021 02 24 04 40 02
+9.44250706E-02 2021 02 24 04 45 02
+1.44664910E-01 2021 02 24 04 50 02
+7.18007979E-02 2021 02 24 04 55 02
-2.47918328E-02 2021 02 24 05 00 02
+2.65905331E-02 2021 02 24 05 05 02
-5.01816904E-03 2021 02 24 05 10 02
-1.64567319E-02 2021 02 24 05 15 02
+5.10681602E-03 2021 02 24 05 20 02
+3.96170183E-02 2021 02 24 05 25 02
+4.46909780E-02 2021 02 24 05 30 02
+2.15911527E-02 2021 02 24 05 35 02
+5.15815412E-02 2021 02 24 05 40 02
+9.62715208E-03 2021 02 24 05 45 02
-9.13716249E-02 2021 02 24 05 50 02
-1.46611980E-01 2021 02 24 05 55 02
-1.43256079E-01 2021 02 24 06 00 03
-1.25558242E-01 2021 02 24 06 05 02
-1.15613211E-01 2021 02 24 06 10 02
-1.08990104E-01 2021 02 24 06 15 02
-1.09690814E-01 2021 02 24 06 20 02
+6.23712903E-03 2021 02 24 06 25 02
-7.40717362E-02 2021 02 24 06 30 02
-4.07998369E-02 2021 02 24 06 35 02
-7.55463444E-02 2021 02 24 06 40 02
-8.67603894E-02 2021 02 24 06 45 02
-1.51523920E-02 2021 02 24 06 50 02
-1.53976239E-01 2021 02 24 06 55 02
-3.39718280E-02 2021 02 24 07 00 02
-6.94670823E-02 2021 02 24 07 05 02
-7.95677797E-02 2021 02 24 07 10 02
-1.01662659E-01 2021 02 24 07 15 02
-1.73510536E-01 2021 02 24 07 20 02
-1.15617071E-01 2021 02 24 07 25 03
-1.89165930E-01 2021 02 24 07 30 02
-2.46512683E-01 2021 02 24 07 35 02
-1.54886297E-01 2021 02 24 07 40 02
-2.55944104E-01 2021 02 24 07 45 02
-2.83768757E-01 2021 02 24 07 50 03
-2.91060269E-01 2021 02 24 07 55 02
-2.16322079E-01 2021 02 24 08 00 02
-2.75924168E-01 2021 02 24 08 05 02
-3.52455450E-01 2021 02 24 08 10 02
-1.98207322E-01 2021 02 24 08 15 03
-3.54456818E-01 2021 02 24 08 20 02
-3.07247384E-01 2021 02 24 08 25 02
-3.01355736E-01 2021 02 24 08 30 02
-3.65135019E-01 2021 02 24 08 35 02
-3.67770474E-01 2021 02 24 08 40 02
-3.64094266E-01 2021 02 24 08 45 02
-3.65140735E-01 2021 02 24 08 50 02
-3.42751686E-01 2021 02 24 08 55 02
-4.47073385E-01 2021 02 24 09 00 02
-4.47629824E-01 2021 02 24 09 05 02
-4.23979671E-01 2021 02 24 09 10 02
-4.57018040E-01 2021 02 24 09 15 03
-3.85954590E-01 2021 02 24 09 20 02
-4.67227712E-01 2021 02 24 09 25 02
-4.88728046E-01 2021 02 24 09 30 02
-4.45070368E-01 2021 02 24 09 35 02
-5.26848206E-01 2021 02 24 09 40 02
-5.83173467E-01 2021 02 24 09 45 02
-4.89246118E-01 2021 02 24 09 50 02
-6.01178590E-01 2021 02 24 09 55 02
-6.63561043E-01 2021 02 24 10 00 02
-5.63134541E-01 2021 02 24 10 05 02
-6.46569549E-01 2021 02 24 10 10 02
-5.59137827E-01 2021 02 24 10 15 03
-6.46911538E-01 2021 02 24 10 20 02
-6.49068630E-01 2021 02 24 10 25 02
-6.62656565E-01 2021 02 24 10 30 02
-8.14703373E-01 2021 02 24 10 35 02
-7.09327675E-01 2021 02 24 10 40 02
-7.37440899E-01 2021 02 24 10 45 02
-6.83634505E-01 2021 02 24 10 50 02
-6.51871733E-01 2021 02 24 10 55 02
-5.64576201E-01 2021 02 24 11 00 02
-6.42736845E-01 2021 02 24 11 05 02
-6.52348009E-01 2021 02 24 11 10 02
-7.09132840E-01 2021 02 24 11 15 02
-6.20217569E-01 2021 02 24 11 20 02
-6.41244930E-01 2021 02 24 11 25 02
-5.65083264E-01 2021 02 24 11 30 02
-6.00186338E-01 2021 02 24 11 35 02
-5.81881110E-01 2021 02 24 11 40 03
-6.95541105E-01 2021 02 24 11 45 02
-5.31288783E-01 2021 02 24 11 50 02
-5.12130471E-01 2021 02 24 11 55 02
-4.81311235E-01 2021 02 24 12 00 02
-5.33609641E-01 2021 02 24 12 05 02
-5.37382055E-01 2021 02 24 12 10 02
-5.21945813E-01 2021 02 24 12 15 02
-5.53552335E-01 2021 02 24 12 20 02
-4.61960710E-01 2021 02 24 12 25 02
-5.00252136E-01 2021 02 24 12 30 02
-4.30271710E-01 2021 02 24 12 35 02
-4.69049738E-01 2021 02 24 12 40 03
-4.13686185E-01 2021 02 24 12 45 02
-4.21348352E-01 2021 02 24 12 50 02
-5.38340855E-01 2021 02 24 12 55 02
-4.91851239E-01 2021 02 24 13 00 02
-4.80207236E-01 2021 02 24 13 05 02
-5.38854468E-01 2021 02 24 13 10 02
-5.47681872E-01 2021 02 24 13 15 02
-5.95318785E-01 2021 02 24 13 20 02
-5.52086560E-01 2021 02 24 13 25 02
-4.72099995E-01 2021 02 24 13 30 02
-4.77223480E-01 2021 02 24 13 35 02
-4.97637666E-01 2021 02 24 13 40 03
-3.84419426E-01 2021 02 24 13 45 02
-3.86876763E-01 2021 02 24 13 50 02
-4.31136741E-01 2021 02 24 13 55 02
-5.75795130E-01 2021 02 24 14 00 02
-6.77573283E-01 2021 02 24 14 05 03
-5.55794363E-01 2021 02 24 14 10 02
-4.78875876E-01 2021 02 24 14 15 02
-4.27837789E-01 2021 02 24 14 20 02
-2.88956343E-01 2021 02 24 14 25 02
-1.06841633E-01 2021 02 24 14 30 02
-1.94497855E-01 2021 02 24 14 35 02
-3.41681431E-01 2021 02 24 14 40 02
-3.64788519E-01 2021 02 24 14 45 02
-4.03329888E-01 2021 02 24 14 50 02
-4.85987523E-01 2021 02 24 14 55 02
-5.64058282E-01 2021 02 24 15 00 02
-5.31829479E-01 2021 02 24 15 05 03
-5.08046258E-01 2021 02 24 15 10 02
-4.81021451E-01 2021 02 24 15 15 02
-5.16946449E-01 2021 02 24 15 20 02
-5.75589180E-01 2021 02 24 15 25 02
-5.86995664E-01 2021 02 24 15 30 02
-6.71782014E-01 2021 02 24 15 35 02
-6.41504069E-01 2021 02 24 15 40 02
-3.57079938E-01 2021 02 24 15 45 02
-6.18330950E-01 2021 02 24 15 50 02
-5.48208184E-01 2021 02 24 15 55 02
-8.16166336E-01 2021 02 24 16 00 02
-6.73847004E-01 2021 02 24 16 05 02
-7.19455900E-01 2021 02 24 16 10 02
-6.74006058E-01 2021 02 24 16 15 02
-8.09643022E-01 2021 02 24 16 20 02
-9.65484166E-01 2021 02 24 16 25 02
-9.34239621E-01 2021 02 24 16 30 03
-7.39017746E-01 2021 02 24 16 35 02
-7.02776441E-01 2021 02 24 16 40 02
-6.23269602E-01 2021 02 24 16 45 02
-4.06187928E-01 2021 02 24 16 50 02
-2.38411547E-01 2021 02 24 16 55 02
-1.49734710E-01 2021 02 24 17 00 02
-1.77329576E-01 2021 02 24 17 05 02
-1.85012461E-01 2021 02 24 17 10 02
-1.61409661E-01 2021 02 24 17 15 02
-3.14686527E-01 2021 02 24 17 20 02
-3.54519087E-01 2021 02 24 17 25 02
-3.24846829E-01 2021 02 24 17 30 03
-3.57776797E-01 2021 02 24 17 35 02
-5.41199504E-01 2021 02 24 17 40 02
-3.14606846E-01 2021 02 24 17 45 02
-4.17095600E-01 2021 02 24 17 50 02
-6.09589905E-01 2021 02 24 17 55 03
-5.62530303E-01 2021 02 24 18 00 02
-3.71938279E-01 2021 02 24 18 05 02
-2.42933069E-01 2021 02 24 18 10 02
-5.35200309E-01 2021 02 24 18 15 02
-6.27309489E-01 2021 02 24 18 20 02
-4.47911274E-01 2021 02 24 18 25 02
-5.58913338E-01 2021 02 24 18 30 02
-4.81855587E-01 2021 02 24 18 35 02
-3.62917720E-01 2021 02 24 18 40 02
-5.27960768E-01 2021 02 24 18 45 02
-3.80034045E-01 2021 02 24 18 50 02
-4.03985873E-01 2021 02 24 18 55 02
-3.57097827E-01 2021 02 24 19 00 02
-2.63360836E-01 2021 02 24 19 05 02
-4.43066771E-01 2021 02 24 19 10 02
-3.58549105E-01 2021 02 24 19 15 02
-4.67936924E-01 2021 02 24 19 20 03
-3.80451048E-01 2021 02 24 19 25 02
-3.65684828E-01 2021 02 24 19 30 02
-4.30957226E-01 2021 02 24 19 35 02
-3.99052714E-01 2021 02 24 19 40 02
-4.75089287E-01 2021 02 24 19 45 02
-5.50851773E-01 2021 02 24 19 50 02
-4.93726280E-01 2021 02 24 19 55 02
-4.55285971E-01 2021 02 24 20 00 02
-3.54582398E-01 2021 02 24 20 05 02
-3.16044596E-01 2021 02 24 20 10 02
-2.25923080E-01 2021 02 24 20 15 02
-3.14916136E-01 2021 02 24 20 20 03
-5.60160275E-01 2021 02 24 20 25 02
-5.83421099E-01 2021 02 24 20 30 02
-3.85659797E-01 2021 02 24 20 35 02
-6.33178329E-01 2021 02 24 20 40 02
-5.32698755E-01 2021 02 24 20 45 03
-7.57130996E-01 2021 02 24 20 50 02
-5.03157586E-01 2021 02 24 20 55 02
-4.53264288E-01 2021 02 24 21 00 02
-4.91969234E-01 2021 02 24 21 05 02
-5.08373036E-01 2021 02 24 21 10 03
-6.18877320E-01 2021 02 24 21 15 02
-4.98592993E-01 2021 02 24 21 20 02
-2.65357435E-01 2021 02 24 21 25 02
-4.51017723E-01 2021 02 24 21 30 02
-4.28147069E-01 2021 02 24 21 35 02
-5.90474461E-01 2021 02 24 21 40 02
-6.03797914E-01 2021 02 24 21 45 02
-6.09352084E-01 2021 02 24 21 50 02
-5.40089053E-01 2021 02 24 21 55 02
-4.88543523E-01 2021 02 24 22 00 02
-5.91725928E-01 2021 02 24 22 05 02
-5.95687501E-01 2021 02 24 22 10 03
-6.30946695E-01 2021 02 24 22 15 02
-6.63944342E-01 2021 02 24 22 20 02
-7.65887787E-01 2021 02 24 22 25 02
-6.81058035E-01 2021 02 24 22 30 02
-7.12370955E-01 2021 02 24 22 35 03
-7.16928390E-01 2021 02 24 22 40 02
-7.65567034E-01 2021 02 24 22 45 02
-7.35370169E-01 2021 02 24 22 50 02
-7.15986413E-01 2021 02 24 22 55 02
-7.25382859E-01 2021 02 24 23 00 03
-7.21755308E-01 2021 02 24 23 05 02
-7.46598564E-01 2021 02 24 23 10 02
-6.76195542E-01 2021 02 24 23 15 02
-6.16043875E-01 2021 02 24 23 20 02
-6.73097299E-01 2021 02 24 23 25 02
-7.72705401E-01 2021 02 24 23 30 02
-7.58116553E-01 2021 02 24 23 35 02
-8.34857052E-01 2021 02 24 23 40 02
-7.83284200E-01 2021 02 24 23 45 02
-7.28769241E-01 2021 02 24 23 50 02
-5.96725214E-01 2021 02 24 23 55 02
