+6.77245356E-02 2021 02 05 00 00 03
+1.82635353E-02 2021 02 05 00 05 02
+3.15294613E-02 2021 02 05 00 10 02
-3.61216492E-02 2021 02 05 00 15 02
-7.69148481E-02 2021 02 05 00 20 02
-1.20671163E-01 2021 02 05 00 25 02
-1.18420803E-01 2021 02 05 00 30 02
-9.90194431E-02 2021 02 05 00 35 02
-1.00676526E-01 2021 02 05 00 40 02
-1.16708009E-01 2021 02 05 00 45 02
-1.05865772E-01 2021 02 05 00 50 02
-1.23778219E-01 2021 02 05 00 55 02
-1.31227021E-01 2021 02 05 01 00 02
-1.58655432E-01 2021 02 05 01 05 02
-2.11920755E-01 2021 02 05 01 10 02
-1.72596823E-01 2021 02 05 01 15 02
-1.88207221E-01 2021 02 05 01 20 03
-2.18219534E-01 2021 02 05 01 25 02
-2.34007044E-01 2021 02 05 01 30 02
-2.29858986E-01 2021 02 05 01 35 02
-2.44041141E-01 2021 02 05 01 40 02
-2.76039323E-01 2021 02 05 01 45 03
-2.95308243E-01 2021 02 05 01 50 02
-2.69703998E-01 2021 02 05 01 55 02
-3.01996077E-01 2021 02 05 02 00 02
-3.19758308E-01 2021 02 05 02 05 02
-3.19697055E-01 2021 02 05 02 10 02
-3.36212134E-01 2021 02 05 02 15 02
-3.66693810E-01 2021 02 05 02 20 02
-3.90553470E-01 2021 02 05 02 25 02
-3.85432816E-01 2021 02 05 02 30 02
-4.18955488E-01 2021 02 05 02 35 02
-4.12868825E-01 2021 02 05 02 40 02
-4.46513004E-01 2021 02 05 02 45 02
-4.41572560E-01 2021 02 05 02 50 02
-4.16432204E-01 2021 02 05 02 55 02
-4.34411117E-01 2021 02 05 03 00 02
-4.64999806E-01 2021 02 05 03 05 02
-4.98982344E-01 2021 02 05 03 10 03
-5.25311375E-01 2021 02 05 03 15 02
-5.30192220E-01 2021 02 05 03 20 02
-4.98776769E-01 2021 02 05 03 25 02
-5.01836443E-01 2021 02 05 03 30 02
-5.49044162E-01 2021 02 05 03 35 02
-5.11587556E-01 2021 02 05 03 40 02
-4.97339655E-01 2021 02 05 03 45 02
-5.89357106E-01 2021 02 05 03 50 02
-5.91065657E-01 2021 02 05 03 55 02
-5.98304639E-01 2021 02 05 04 00 02
-6.01039915E-01 2021 02 05 04 05 02
-6.08090474E-01 2021 02 05 04 10 02
-6.48343697E-01 2021 02 05 04 15 02
-6.55337826E-01 2021 02 05 04 20 02
-6.37634699E-01 2021 02 05 04 25 02
-6.48488352E-01 2021 02 05 04 30 02
-7.04982250E-01 2021 02 05 04 35 03
-6.91328050E-01 2021 02 05 04 40 02
-7.02947029E-01 2021 02 05 04 45 02
-7.03159043E-01 2021 02 05 04 50 02
-6.24672014E-01 2021 02 05 04 55 02
-6.76107977E-01 2021 02 05 05 00 02
-6.45370178E-01 2021 02 05 05 05 02
-6.68234149E-01 2021 02 05 05 10 02
-6.63947859E-01 2021 02 05 05 15 02
-7.10229844E-01 2021 02 05 05 20 02
-7.31000686E-01 2021 02 05 05 25 02
-7.45593481E-01 2021 02 05 05 30 02
-6.15689307E-01 2021 02 05 05 35 03
-6.81973714E-01 2021 02 05 05 40 02
-7.53556550E-01 2021 02 05 05 45 02
-7.01145177E-01 2021 02 05 05 50 02
-7.10698676E-01 2021 02 05 05 55 02
-6.88098041E-01 2021 02 05 06 00 03
-7.30562821E-01 2021 02 05 06 05 02
-7.18759570E-01 2021 02 05 06 10 02
-7.05328591E-01 2021 02 05 06 15 02
-7.40811321E-01 2021 02 05 06 20 02
-7.20291580E-01 2021 02 05 06 25 02
-6.72980645E-01 2021 02 05 06 30 02
-6.43373679E-01 2021 02 05 06 35 02
-7.47745922E-01 2021 02 05 06 40 02
-7.61362652E-01 2021 02 05 06 45 02
-8.19847971E-01 2021 02 05 06 50 02
-6.97907635E-01 2021 02 05 06 55 02
-7.27038250E-01 2021 02 05 07 00 02
-7.57336792E-01 2021 02 05 07 05 02
-8.10974715E-01 2021 02 05 07 10 02
-8.17466878E-01 2021 02 05 07 15 02
-8.00513433E-01 2021 02 05 07 20 02
-8.37282939E-01 2021 02 05 07 25 03
-7.04051289E-01 2021 02 05 07 30 02
-8.67018355E-01 2021 02 05 07 35 02
-1.00634576E+00 2021 02 05 07 40 02
-8.81026243E-01 2021 02 05 07 45 02
-8.39282203E-01 2021 02 05 07 50 02
-8.01044345E-01 2021 02 05 07 55 02
-8.08062605E-01 2021 02 05 08 00 02
-7.94616006E-01 2021 02 05 08 05 02
-8.40153226E-01 2021 02 05 08 10 02
-7.98005853E-01 2021 02 05 08 15 02
-8.93726522E-01 2021 02 05 08 20 02
-8.75171623E-01 2021 02 05 08 25 02
-8.63399562E-01 2021 02 05 08 30 02
-8.29615731E-01 2021 02 05 08 35 02
-8.26597362E-01 2021 02 05 08 40 02
-8.44133646E-01 2021 02 05 08 45 02
-7.69944649E-01 2021 02 05 08 50 03
-7.47047062E-01 2021 02 05 08 55 02
-9.13489249E-01 2021 02 05 09 00 02
-8.27826277E-01 2021 02 05 09 05 02
-8.37992923E-01 2021 02 05 09 10 02
-7.65277272E-01 2021 02 05 09 15 02
-6.77061399E-01 2021 02 05 09 20 02
-6.48616658E-01 2021 02 05 09 25 02
-7.13511339E-01 2021 02 05 09 30 02
-7.48392771E-01 2021 02 05 09 35 02
-6.83903402E-01 2021 02 05 09 40 02
-7.55969703E-01 2021 02 05 09 45 02
-7.13003461E-01 2021 02 05 09 50 03
-6.24186563E-01 2021 02 05 09 55 02
-7.11351477E-01 2021 02 05 10 00 02
-6.09695522E-01 2021 02 05 10 05 02
-6.29826574E-01 2021 02 05 10 10 02
-5.24998240E-01 2021 02 05 10 15 03
-5.24074398E-01 2021 02 05 10 20 02
-4.58036777E-01 2021 02 05 10 25 02
-4.20292872E-01 2021 02 05 10 30 02
-5.01645974E-01 2021 02 05 10 35 02
-4.38236440E-01 2021 02 05 10 40 02
-3.83557772E-01 2021 02 05 10 45 02
-3.66985247E-01 2021 02 05 10 50 02
-3.56476785E-01 2021 02 05 10 55 02
-3.28822591E-01 2021 02 05 11 00 02
-3.24678832E-01 2021 02 05 11 05 02
-3.66762385E-01 2021 02 05 11 10 02
-2.90995452E-01 2021 02 05 11 15 02
-2.71932247E-01 2021 02 05 11 20 02
-2.81833000E-01 2021 02 05 11 25 02
-2.53400725E-01 2021 02 05 11 30 02
-2.84375698E-01 2021 02 05 11 35 02
-2.95307323E-01 2021 02 05 11 40 03
-3.50910826E-01 2021 02 05 11 45 02
-2.62391323E-01 2021 02 05 11 50 02
-2.30545076E-01 2021 02 05 11 55 02
-2.89702386E-01 2021 02 05 12 00 02
-2.38840002E-01 2021 02 05 12 05 03
-1.94322432E-01 2021 02 05 12 10 02
-2.15466477E-01 2021 02 05 12 15 02
-2.20548548E-01 2021 02 05 12 20 02
-2.80396702E-01 2021 02 05 12 25 02
-2.03250939E-01 2021 02 05 12 30 02
-1.87025884E-01 2021 02 05 12 35 02
-1.06031758E-01 2021 02 05 12 40 02
-4.63305020E-01 2021 02 05 12 45 02
-4.25785091E-01 2021 02 05 12 50 02
-4.18987980E-01 2021 02 05 12 55 02
-2.54816310E-01 2021 02 05 13 00 02
-3.50554974E-01 2021 02 05 13 05 02
-2.36378232E-01 2021 02 05 13 10 02
-3.03533709E-01 2021 02 05 13 15 02
-3.37952757E-01 2021 02 05 13 20 02
-3.54021531E-01 2021 02 05 13 25 02
-4.32966178E-01 2021 02 05 13 30 03
-2.77950213E-01 2021 02 05 13 35 02
-2.27604153E-01 2021 02 05 13 40 02
-3.06064378E-01 2021 02 05 13 45 02
-3.43639591E-01 2021 02 05 13 50 02
-3.24385827E-01 2021 02 05 13 55 03
-4.10014593E-01 2021 02 05 14 00 02
-4.74641663E-01 2021 02 05 14 05 02
-3.54030161E-01 2021 02 05 14 10 02
-3.63096416E-01 2021 02 05 14 15 02
-3.55477130E-01 2021 02 05 14 20 02
-4.44348092E-01 2021 02 05 14 25 02
-4.85537261E-01 2021 02 05 14 30 02
-5.32224402E-01 2021 02 05 14 35 02
-4.73926093E-01 2021 02 05 14 40 02
-5.87912423E-01 2021 02 05 14 45 02
-4.97389623E-01 2021 02 05 14 50 02
-4.94059189E-01 2021 02 05 14 55 03
-4.73875916E-01 2021 02 05 15 00 02
-5.55131783E-01 2021 02 05 15 05 02
-5.50303027E-01 2021 02 05 15 10 02
-6.61503414E-01 2021 02 05 15 15 02
-6.00889056E-01 2021 02 05 15 20 02
-7.04027155E-01 2021 02 05 15 25 02
-6.20243741E-01 2021 02 05 15 30 02
-6.70351441E-01 2021 02 05 15 35 02
-7.23968932E-01 2021 02 05 15 40 02
-7.19134677E-01 2021 02 05 15 45 02
-7.69449843E-01 2021 02 05 15 50 02
-8.59319763E-01 2021 02 05 15 55 02
-7.94970017E-01 2021 02 05 16 00 02
-7.98176337E-01 2021 02 05 16 05 02
-8.31113630E-01 2021 02 05 16 10 02
-8.85154627E-01 2021 02 05 16 15 02
-7.87848884E-01 2021 02 05 16 20 03
-9.31451987E-01 2021 02 05 16 25 02
-9.03271968E-01 2021 02 05 16 30 02
-9.87490470E-01 2021 02 05 16 35 02
-9.83002374E-01 2021 02 05 16 40 02
-9.99983943E-01 2021 02 05 16 45 03
-9.86445441E-01 2021 02 05 16 50 02
-1.02470005E+00 2021 02 05 16 55 02
-1.16019454E+00 2021 02 05 17 00 02
-1.08957124E+00 2021 02 05 17 05 02
-1.07905829E+00 2021 02 05 17 10 02
-1.05952893E+00 2021 02 05 17 15 02
-1.12867496E+00 2021 02 05 17 20 02
-1.17581716E+00 2021 02 05 17 25 02
-1.11858153E+00 2021 02 05 17 30 02
-1.09685462E+00 2021 02 05 17 35 02
-1.11396934E+00 2021 02 05 17 40 02
-1.08753066E+00 2021 02 05 17 45 03
-1.11820905E+00 2021 02 05 17 50 02
-1.14331800E+00 2021 02 05 17 55 02
-1.11606033E+00 2021 02 05 18 00 02
-1.14089183E+00 2021 02 05 18 05 02
-1.04890286E+00 2021 02 05 18 10 03
-1.07203382E+00 2021 02 05 18 15 02
-1.16197900E+00 2021 02 05 18 20 02
-1.04893748E+00 2021 02 05 18 25 02
-1.02335504E+00 2021 02 05 18 30 02
-9.42208384E-01 2021 02 05 18 35 02
-9.93070595E-01 2021 02 05 18 40 02
-9.98642811E-01 2021 02 05 18 45 02
-1.00295574E+00 2021 02 05 18 50 02
-9.60256599E-01 2021 02 05 18 55 02
-8.79279718E-01 2021 02 05 19 00 02
-9.24978756E-01 2021 02 05 19 05 02
-9.22469400E-01 2021 02 05 19 10 03
-9.09714266E-01 2021 02 05 19 15 02
-9.30726967E-01 2021 02 05 19 20 02
-8.67729072E-01 2021 02 05 19 25 02
-8.67768870E-01 2021 02 05 19 30 02
-8.50987081E-01 2021 02 05 19 35 03
-8.37658344E-01 2021 02 05 19 40 02
-8.92868851E-01 2021 02 05 19 45 02
-8.68807736E-01 2021 02 05 19 50 02
-8.80693146E-01 2021 02 05 19 55 02
-8.74623671E-01 2021 02 05 20 00 02
-9.01428283E-01 2021 02 05 20 05 02
-9.40272282E-01 2021 02 05 20 10 02
-8.73554847E-01 2021 02 05 20 15 02
-8.77894593E-01 2021 02 05 20 20 02
-8.57572004E-01 2021 02 05 20 25 02
-7.91451377E-01 2021 02 05 20 30 02
-7.33934475E-01 2021 02 05 20 35 03
-6.82285768E-01 2021 02 05 20 40 02
-6.45255452E-01 2021 02 05 20 45 02
-8.33391930E-01 2021 02 05 20 50 02
-8.33027199E-01 2021 02 05 20 55 02
-7.26124926E-01 2021 02 05 21 00 03
-7.28519287E-01 2021 02 05 21 05 02
-7.08309801E-01 2021 02 05 21 10 02
-6.66381049E-01 2021 02 05 21 15 02
-6.92440697E-01 2021 02 05 21 20 02
-7.77330420E-01 2021 02 05 21 25 02
-6.97864458E-01 2021 02 05 21 30 02
-7.13753428E-01 2021 02 05 21 35 02
-6.51282977E-01 2021 02 05 21 40 02
-6.35815501E-01 2021 02 05 21 45 02
-6.46506240E-01 2021 02 05 21 50 02
-5.71172897E-01 2021 02 05 21 55 02
-5.44424192E-01 2021 02 05 22 00 03
-3.84948648E-01 2021 02 05 22 05 02
-4.46103804E-01 2021 02 05 22 10 02
-4.54130258E-01 2021 02 05 22 15 02
-5.33033059E-01 2021 02 05 22 20 02
-5.59781528E-01 2021 02 05 22 25 03
-6.31567940E-01 2021 02 05 22 30 02
-6.84488897E-01 2021 02 05 22 35 02
-6.05932246E-01 2021 02 05 22 40 02
-5.98441977E-01 2021 02 05 22 45 02
-4.88100992E-01 2021 02 05 22 50 02
-4.14306296E-01 2021 02 05 22 55 02
-4.33098653E-01 2021 02 05 23 00 02
-3.46251163E-01 2021 02 05 23 05 02
-3.54776395E-01 2021 02 05 23 10 02
-5.08284051E-01 2021 02 05 23 15 02
-3.78474712E-01 2021 02 05 23 20 02
-3.35594350E-01 2021 02 05 23 25 02
-3.80640343E-01 2021 02 05 23 30 02
-2.71389954E-01 2021 02 05 23 35 02
-2.86158137E-01 2021 02 05 23 40 02
-2.58115780E-01 2021 02 05 23 45 02
-2.32351464E-01 2021 02 05 23 50 02
-2.48656825E-01 2021 02 05 23 55 02
