-6.28498065E-01 2021 02 01 00 00 02
-7.31109354E-01 2021 02 01 00 05 03
-7.53440093E-01 2021 02 01 00 10 02
-7.75443637E-01 2021 02 01 00 15 02
-8.21582845E-01 2021 02 01 00 20 02
-8.15136855E-01 2021 02 01 00 25 02
-8.75386543E-01 2021 02 01 00 30 02
-8.72525738E-01 2021 02 01 00 35 02
-8.95535959E-01 2021 02 01 00 40 02
-9.24724666E-01 2021 02 01 00 45 02
-9.44810340E-01 2021 02 01 00 50 02
-9.79744314E-01 2021 02 01 00 55 02
-1.02236737E+00 2021 02 01 01 00 02
-9.54230907E-01 2021 02 01 01 05 03
-1.02528641E+00 2021 02 01 01 10 02
-1.02583231E+00 2021 02 01 01 15 02
-1.04074148E+00 2021 02 01 01 20 02
-1.04478494E+00 2021 02 01 01 25 02
-1.01993764E+00 2021 02 01 01 30 02
-1.05205748E+00 2021 02 01 01 35 02
-1.08263501E+00 2021 02 01 01 40 02
-1.13147910E+00 2021 02 01 01 45 02
-1.06338204E+00 2021 02 01 01 50 02
-1.08738812E+00 2021 02 01 01 55 02
-1.08610912E+00 2021 02 01 02 00 02
-1.09463810E+00 2021 02 01 02 05 02
-1.10561579E+00 2021 02 01 02 10 02
-1.11393165E+00 2021 02 01 02 15 02
-1.12094173E+00 2021 02 01 02 20 02
-1.08920250E+00 2021 02 01 02 25 02
-1.11607383E+00 2021 02 01 02 30 03
-1.07539574E+00 2021 02 01 02 35 02
-1.09651889E+00 2021 02 01 02 40 02
-1.07260030E+00 2021 02 01 02 45 02
-1.10339179E+00 2021 02 01 02 50 02
-1.08530082E+00 2021 02 01 02 55 02
-1.07635561E+00 2021 02 01 03 00 02
-1.07637695E+00 2021 02 01 03 05 02
-1.06254016E+00 2021 02 01 03 10 02
-1.05216452E+00 2021 02 01 03 15 02
-1.03587376E+00 2021 02 01 03 20 02
-1.02456363E+00 2021 02 01 03 25 02
-1.01348679E+00 2021 02 01 03 30 02
-9.72316283E-01 2021 02 01 03 35 02
-9.72082025E-01 2021 02 01 03 40 02
-9.56594497E-01 2021 02 01 03 45 02
-9.39292181E-01 2021 02 01 03 50 02
-9.11652416E-01 2021 02 01 03 55 03
-9.09599177E-01 2021 02 01 04 00 02
-8.97718186E-01 2021 02 01 04 05 02
-8.54409318E-01 2021 02 01 04 10 02
-8.51009467E-01 2021 02 01 04 15 02
-8.16353348E-01 2021 02 01 04 20 02
-8.05590371E-01 2021 02 01 04 25 02
-7.91612138E-01 2021 02 01 04 30 02
-7.99352522E-01 2021 02 01 04 35 02
-7.53307683E-01 2021 02 01 04 40 02
-7.22355771E-01 2021 02 01 04 45 02
-7.17174145E-01 2021 02 01 04 50 02
-6.99411556E-01 2021 02 01 04 55 02
-6.46076450E-01 2021 02 01 05 00 02
-6.26073738E-01 2021 02 01 05 05 02
-6.27572721E-01 2021 02 01 05 10 02
-5.98533788E-01 2021 02 01 05 15 02
-5.78545938E-01 2021 02 01 05 20 03
-5.56093809E-01 2021 02 01 05 25 02
-5.64942385E-01 2021 02 01 05 30 02
-5.15020966E-01 2021 02 01 05 35 02
-4.57548289E-01 2021 02 01 05 40 02
-4.31346891E-01 2021 02 01 05 45 03
-4.23881289E-01 2021 02 01 05 50 02
-4.35592209E-01 2021 02 01 05 55 02
-3.85421453E-01 2021 02 01 06 00 02
-3.57434566E-01 2021 02 01 06 05 02
-3.65006671E-01 2021 02 01 06 10 02
-2.78342342E-01 2021 02 01 06 15 02
-2.84456779E-01 2021 02 01 06 20 02
-2.61146533E-01 2021 02 01 06 25 02
-2.86873078E-01 2021 02 01 06 30 02
-2.35412105E-01 2021 02 01 06 35 02
-2.31045327E-01 2021 02 01 06 40 02
-1.95885650E-01 2021 02 01 06 45 03
-1.70976824E-01 2021 02 01 06 50 02
-1.72516707E-01 2021 02 01 06 55 02
-1.27209489E-01 2021 02 01 07 00 02
-1.54565575E-01 2021 02 01 07 05 02
-1.62087827E-01 2021 02 01 07 10 03
-1.29103795E-01 2021 02 01 07 15 02
-1.66709139E-01 2021 02 01 07 20 02
-8.48798129E-02 2021 02 01 07 25 02
-1.18486886E-01 2021 02 01 07 30 02
-9.83430680E-02 2021 02 01 07 35 02
-1.14480566E-01 2021 02 01 07 40 02
-1.24040210E-01 2021 02 01 07 45 03
-9.46444792E-02 2021 02 01 07 50 02
-1.02628784E-01 2021 02 01 07 55 02
-5.85553267E-02 2021 02 01 08 00 02
-1.40929829E-01 2021 02 01 08 05 02
-1.22294687E-01 2021 02 01 08 10 03
-1.80004671E-02 2021 02 01 08 15 02
-1.84297975E-02 2021 02 01 08 20 02
-8.57746151E-02 2021 02 01 08 25 02
-6.55797842E-02 2021 02 01 08 30 02
-4.56603412E-02 2021 02 01 08 35 02
+3.34399890E-03 2021 02 01 08 40 02
+8.67430333E-03 2021 02 01 08 45 03
+6.89723123E-02 2021 02 01 08 50 02
-1.82525928E-02 2021 02 01 08 55 02
+4.49860475E-02 2021 02 01 09 00 02
-8.13835020E-04 2021 02 01 09 05 02
+5.83899681E-02 2021 02 01 09 10 03
-1.00050061E-02 2021 02 01 09 15 02
+1.36968240E-02 2021 02 01 09 20 02
+1.50666251E-02 2021 02 01 09 25 02
-4.92156843E-02 2021 02 01 09 30 02
-4.53607537E-02 2021 02 01 09 35 02
+3.04820231E-02 2021 02 01 09 40 02
-8.48961642E-03 2021 02 01 09 45 02
-5.99023084E-02 2021 02 01 09 50 02
-4.91639206E-02 2021 02 01 09 55 02
-9.62061605E-02 2021 02 01 10 00 02
-8.48574291E-02 2021 02 01 10 05 02
-1.72459217E-01 2021 02 01 10 10 03
-8.98441272E-02 2021 02 01 10 15 02
-1.11399754E-01 2021 02 01 10 20 02
-1.01587365E-01 2021 02 01 10 25 02
-6.88188261E-02 2021 02 01 10 30 02
-1.84732609E-01 2021 02 01 10 35 03
-1.36090652E-01 2021 02 01 10 40 02
-2.08720103E-01 2021 02 01 10 45 02
-1.73215117E-01 2021 02 01 10 50 02
-1.57950700E-01 2021 02 01 10 55 02
-2.34884875E-01 2021 02 01 11 00 02
-1.67749572E-01 2021 02 01 11 05 02
-1.51875912E-01 2021 02 01 11 10 02
-2.35250280E-01 2021 02 01 11 15 02
-3.39974641E-01 2021 02 01 11 20 02
-2.53008444E-01 2021 02 01 11 25 02
-2.35111459E-01 2021 02 01 11 30 02
-3.33719114E-01 2021 02 01 11 35 03
-3.24077265E-01 2021 02 01 11 40 02
-3.92662430E-01 2021 02 01 11 45 02
-3.41223734E-01 2021 02 01 11 50 02
-3.58245626E-01 2021 02 01 11 55 02
-2.73289599E-01 2021 02 01 12 00 03
-3.29490603E-01 2021 02 01 12 05 02
-3.60711171E-01 2021 02 01 12 10 02
-4.02594069E-01 2021 02 01 12 15 02
-5.22229197E-01 2021 02 01 12 20 02
-4.19808985E-01 2021 02 01 12 25 02
-4.86850074E-01 2021 02 01 12 30 02
-4.85244651E-01 2021 02 01 12 35 02
-5.65237772E-01 2021 02 01 12 40 02
-5.74987894E-01 2021 02 01 12 45 02
-6.19131822E-01 2021 02 01 12 50 02
-7.55508112E-01 2021 02 01 12 55 02
-7.85137668E-01 2021 02 01 13 00 02
-7.67505112E-01 2021 02 01 13 05 02
-7.17524261E-01 2021 02 01 13 10 02
-8.13283745E-01 2021 02 01 13 15 02
-8.77773307E-01 2021 02 01 13 20 02
-9.73551831E-01 2021 02 01 13 25 03
-1.12772927E+00 2021 02 01 13 30 02
-1.01388520E+00 2021 02 01 13 35 02
-9.68539381E-01 2021 02 01 13 40 02
-1.01914875E+00 2021 02 01 13 45 02
-1.06386566E+00 2021 02 01 13 50 02
-1.06085996E+00 2021 02 01 13 55 02
-1.04822492E+00 2021 02 01 14 00 02
-1.11978767E+00 2021 02 01 14 05 02
-1.08834186E+00 2021 02 01 14 10 02
-1.08641717E+00 2021 02 01 14 15 02
-1.06233501E+00 2021 02 01 14 20 02
-1.12791166E+00 2021 02 01 14 25 02
-1.14155378E+00 2021 02 01 14 30 02
-1.17477601E+00 2021 02 01 14 35 02
-1.19935046E+00 2021 02 01 14 40 02
-1.22266435E+00 2021 02 01 14 45 02
-1.24710521E+00 2021 02 01 14 50 03
-1.23401094E+00 2021 02 01 14 55 02
-1.21324911E+00 2021 02 01 15 00 02
-1.24153430E+00 2021 02 01 15 05 02
-1.27430431E+00 2021 02 01 15 10 02
-1.23869616E+00 2021 02 01 15 15 03
-1.21796149E+00 2021 02 01 15 20 02
-1.32698392E+00 2021 02 01 15 25 02
-1.25518968E+00 2021 02 01 15 30 02
-1.23677625E+00 2021 02 01 15 35 02
-1.20001305E+00 2021 02 01 15 40 02
-1.23264953E+00 2021 02 01 15 45 02
-1.28645191E+00 2021 02 01 15 50 02
-1.25350053E+00 2021 02 01 15 55 02
-1.31250726E+00 2021 02 01 16 00 02
-1.21915196E+00 2021 02 01 16 05 02
-1.22402520E+00 2021 02 01 16 10 02
-1.18055358E+00 2021 02 01 16 15 02
-1.15462596E+00 2021 02 01 16 20 02
-1.27890307E+00 2021 02 01 16 25 02
-1.20677290E+00 2021 02 01 16 30 02
-1.15587370E+00 2021 02 01 16 35 02
-1.10010149E+00 2021 02 01 16 40 03
-1.08422071E+00 2021 02 01 16 45 02
-9.99395269E-01 2021 02 01 16 50 02
-1.04479526E+00 2021 02 01 16 55 02
-1.04054507E+00 2021 02 01 17 00 02
-9.11926634E-01 2021 02 01 17 05 02
-9.96835052E-01 2021 02 01 17 10 02
-8.88782724E-01 2021 02 01 17 15 02
-9.25010613E-01 2021 02 01 17 20 02
-9.52154965E-01 2021 02 01 17 25 02
-9.17837579E-01 2021 02 01 17 30 02
-8.41942791E-01 2021 02 01 17 35 02
-9.58758953E-01 2021 02 01 17 40 03
-7.29705316E-01 2021 02 01 17 45 02
-7.89907170E-01 2021 02 01 17 50 02
-7.58180926E-01 2021 02 01 17 55 02
-7.18489260E-01 2021 02 01 18 00 02
-7.14162979E-01 2021 02 01 18 05 03
-6.46344102E-01 2021 02 01 18 10 02
-6.48798716E-01 2021 02 01 18 15 02
-6.32719078E-01 2021 02 01 18 20 02
-6.01637032E-01 2021 02 01 18 25 02
-5.89177619E-01 2021 02 01 18 30 02
-5.51256563E-01 2021 02 01 18 35 02
-5.48385625E-01 2021 02 01 18 40 02
-6.01656897E-01 2021 02 01 18 45 02
-5.37966127E-01 2021 02 01 18 50 02
-4.88280581E-01 2021 02 01 18 55 02
-4.99873501E-01 2021 02 01 19 00 02
-4.77926435E-01 2021 02 01 19 05 03
-5.45942962E-01 2021 02 01 19 10 02
-5.10897494E-01 2021 02 01 19 15 02
-4.44725437E-01 2021 02 01 19 20 02
-3.92777260E-01 2021 02 01 19 25 02
-3.94751282E-01 2021 02 01 19 30 03
-4.06681320E-01 2021 02 01 19 35 02
-4.23906068E-01 2021 02 01 19 40 02
-4.06590795E-01 2021 02 01 19 45 02
-3.25822023E-01 2021 02 01 19 50 02
-3.49905877E-01 2021 02 01 19 55 02
-3.62026761E-01 2021 02 01 20 00 02
-3.31525121E-01 2021 02 01 20 05 02
-3.55826616E-01 2021 02 01 20 10 02
-2.53086458E-01 2021 02 01 20 15 02
-3.39526019E-01 2021 02 01 20 20 02
-3.10074097E-01 2021 02 01 20 25 02
-2.51192343E-01 2021 02 01 20 30 03
-2.80882108E-01 2021 02 01 20 35 02
-2.95567548E-01 2021 02 01 20 40 02
-3.35169234E-01 2021 02 01 20 45 02
-2.84074135E-01 2021 02 01 20 50 02
-3.22743679E-01 2021 02 01 20 55 03
-3.21237470E-01 2021 02 01 21 00 02
-3.52532847E-01 2021 02 01 21 05 02
-3.81030649E-01 2021 02 01 21 10 02
-3.50650849E-01 2021 02 01 21 15 02
-4.15990679E-01 2021 02 01 21 20 02
-2.82987075E-01 2021 02 01 21 25 02
-2.86569967E-01 2021 02 01 21 30 02
-2.69293418E-01 2021 02 01 21 35 02
-3.14042705E-01 2021 02 01 21 40 02
-2.74877958E-01 2021 02 01 21 45 02
-3.36655914E-01 2021 02 01 21 50 02
-2.52486570E-01 2021 02 01 21 55 03
-2.20242890E-01 2021 02 01 22 00 02
-2.97081942E-01 2021 02 01 22 05 02
-2.89020580E-01 2021 02 01 22 10 02
-3.52009641E-01 2021 02 01 22 15 02
-3.52472582E-01 2021 02 01 22 20 02
-3.24104646E-01 2021 02 01 22 25 02
-3.97024603E-01 2021 02 01 22 30 02
-4.28201054E-01 2021 02 01 22 35 02
-4.15133676E-01 2021 02 01 22 40 02
-3.93154851E-01 2021 02 01 22 45 02
-3.99475461E-01 2021 02 01 22 50 02
-4.00339018E-01 2021 02 01 22 55 02
-4.95587520E-01 2021 02 01 23 00 02
-5.49829106E-01 2021 02 01 23 05 02
-5.76146007E-01 2021 02 01 23 10 02
-5.12579908E-01 2021 02 01 23 15 02
-5.84121073E-01 2021 02 01 23 20 03
-6.34516016E-01 2021 02 01 23 25 02
-6.14058884E-01 2021 02 01 23 30 02
-6.70223633E-01 2021 02 01 23 35 02
-6.55971902E-01 2021 02 01 23 40 02
-6.09428395E-01 2021 02 01 23 45 03
-6.56882861E-01 2021 02 01 23 50 02
-5.76257531E-01 2021 02 01 23 55 02
