+1.83745794E-01 2021 02 21 00 00 02
-1.36058456E-01 2021 02 21 00 05 02
-1.79937242E-01 2021 02 21 00 10 02
-1.41050196E-01 2021 02 21 00 15 02
-6.00458340E-02 2021 02 21 00 20 02
+3.44478840E-02 2021 02 21 00 25 02
+7.10507105E-02 2021 02 21 00 30 02
-2.21945302E-02 2021 02 21 00 35 02
+6.80055294E-02 2021 02 21 00 40 02
+7.43078091E-02 2021 02 21 00 45 02
-2.34661902E-02 2021 02 21 00 50 02
-6.82929447E-02 2021 02 21 00 55 02
-1.08048460E-01 2021 02 21 01 00 02
-1.66118014E-01 2021 02 21 01 05 02
-3.47381614E-01 2021 02 21 01 10 02
-2.83375851E-01 2021 02 21 01 15 02
-1.82695327E-01 2021 02 21 01 20 02
-1.73193456E-01 2021 02 21 01 25 03
-1.66674336E-01 2021 02 21 01 30 02
-3.27411814E-01 2021 02 21 01 35 02
-5.96140744E-01 2021 02 21 01 40 02
-5.28938486E-01 2021 02 21 01 45 02
-5.28139929E-01 2021 02 21 01 50 03
-5.27954001E-01 2021 02 21 01 55 02
-5.73547637E-01 2021 02 21 02 00 02
-7.31547010E-01 2021 02 21 02 05 02
-6.94994577E-01 2021 02 21 02 10 02
-6.65905964E-01 2021 02 21 02 15 02
-7.21677267E-01 2021 02 21 02 20 02
-5.90500613E-01 2021 02 21 02 25 02
-5.21424737E-01 2021 02 21 02 30 02
-3.24000449E-01 2021 02 21 02 35 02
-3.15749187E-01 2021 02 21 02 40 02
-2.26485427E-01 2021 02 21 02 45 02
-3.73488303E-01 2021 02 21 02 50 02
-6.20073343E-01 2021 02 21 02 55 02
-6.12540986E-01 2021 02 21 03 00 02
-5.95218330E-01 2021 02 21 03 05 02
-5.96094965E-01 2021 02 21 03 10 02
-5.92833298E-01 2021 02 21 03 15 02
-5.29828231E-01 2021 02 21 03 20 02
-5.17204323E-01 2021 02 21 03 25 02
-4.57438588E-01 2021 02 21 03 30 02
-4.17075498E-01 2021 02 21 03 35 02
-3.05358622E-01 2021 02 21 03 40 03
-2.36002882E-01 2021 02 21 03 45 02
-2.16371307E-01 2021 02 21 03 50 02
-2.75033067E-01 2021 02 21 03 55 02
-3.65620746E-01 2021 02 21 04 00 02
-2.60319374E-01 2021 02 21 04 05 02
-2.38109146E-01 2021 02 21 04 10 02
-4.05833429E-01 2021 02 21 04 15 02
-4.84586973E-01 2021 02 21 04 20 02
-4.12481361E-01 2021 02 21 04 25 02
-4.59187254E-01 2021 02 21 04 30 02
-4.78989096E-01 2021 02 21 04 35 02
-4.28651709E-01 2021 02 21 04 40 03
-4.65296968E-01 2021 02 21 04 45 02
-4.34768341E-01 2021 02 21 04 50 02
-4.87821739E-01 2021 02 21 04 55 02
-4.44744403E-01 2021 02 21 05 00 02
-3.53982286E-01 2021 02 21 05 05 02
-3.37686517E-01 2021 02 21 05 10 02
-4.13359815E-01 2021 02 21 05 15 02
-4.55926226E-01 2021 02 21 05 20 02
-4.40725684E-01 2021 02 21 05 25 02
-5.25070429E-01 2021 02 21 05 30 02
-6.13678638E-01 2021 02 21 05 35 02
-3.73122090E-01 2021 02 21 05 40 03
-4.96675752E-01 2021 02 21 05 45 02
-5.79853543E-01 2021 02 21 05 50 02
-6.32014966E-01 2021 02 21 05 55 02
-6.22523188E-01 2021 02 21 06 00 02
-7.31593013E-01 2021 02 21 06 05 03
-5.46611968E-01 2021 02 21 06 10 02
-5.39220758E-01 2021 02 21 06 15 02
-4.97651155E-01 2021 02 21 06 20 02
-5.48925629E-01 2021 02 21 06 25 02
-5.69675601E-01 2021 02 21 06 30 02
-4.89976499E-01 2021 02 21 06 35 02
-5.81117934E-01 2021 02 21 06 40 02
-7.40804601E-01 2021 02 21 06 45 02
-7.51387892E-01 2021 02 21 06 50 02
-6.44694144E-01 2021 02 21 06 55 02
-6.60953526E-01 2021 02 21 07 00 02
-5.75627900E-01 2021 02 21 07 05 02
-5.40975400E-01 2021 02 21 07 10 02
-4.30706665E-01 2021 02 21 07 15 02
-5.45372514E-01 2021 02 21 07 20 02
-7.08821218E-01 2021 02 21 07 25 02
-8.83721579E-01 2021 02 21 07 30 03
-8.50477545E-01 2021 02 21 07 35 02
-7.84676000E-01 2021 02 21 07 40 02
-6.61600491E-01 2021 02 21 07 45 02
-6.77117886E-01 2021 02 21 07 50 02
-8.02608508E-01 2021 02 21 07 55 02
-5.17358831E-01 2021 02 21 08 00 02
-3.13546426E-01 2021 02 21 08 05 02
-6.37568936E-01 2021 02 21 08 10 02
-5.15607335E-01 2021 02 21 08 15 02
-6.48858110E-01 2021 02 21 08 20 02
-5.55911752E-01 2021 02 21 08 25 02
-5.02087466E-01 2021 02 21 08 30 02
-4.94756399E-01 2021 02 21 08 35 02
-5.58562764E-01 2021 02 21 08 40 02
-5.07985642E-01 2021 02 21 08 45 02
-7.67236623E-01 2021 02 21 08 50 02
-5.66257957E-01 2021 02 21 08 55 03
-7.67366176E-01 2021 02 21 09 00 02
-6.55478080E-01 2021 02 21 09 05 02
-6.34817410E-01 2021 02 21 09 10 02
-5.90164694E-01 2021 02 21 09 15 02
-5.99471071E-01 2021 02 21 09 20 03
-6.73100407E-01 2021 02 21 09 25 02
-7.25563236E-01 2021 02 21 09 30 02
-8.34628174E-01 2021 02 21 09 35 02
-7.19172563E-01 2021 02 21 09 40 02
-6.71321917E-01 2021 02 21 09 45 03
-7.61896807E-01 2021 02 21 09 50 02
-6.75617729E-01 2021 02 21 09 55 02
-6.58076445E-01 2021 02 21 10 00 02
-5.31464248E-01 2021 02 21 10 05 02
-4.37638301E-01 2021 02 21 10 10 02
-3.69846358E-01 2021 02 21 10 15 02
-3.69674708E-01 2021 02 21 10 20 02
-2.92698500E-01 2021 02 21 10 25 02
-4.08489449E-01 2021 02 21 10 30 02
-4.64769814E-01 2021 02 21 10 35 02
-3.87174559E-01 2021 02 21 10 40 02
-4.59508133E-01 2021 02 21 10 45 02
-4.91936056E-01 2021 02 21 10 50 02
-5.33758762E-01 2021 02 21 10 55 02
-3.39772370E-01 2021 02 21 11 00 02
-5.80266345E-01 2021 02 21 11 05 02
-5.49754950E-01 2021 02 21 11 10 03
-6.25955809E-01 2021 02 21 11 15 02
-3.73812153E-01 2021 02 21 11 20 02
-4.09807177E-01 2021 02 21 11 25 02
-2.43069516E-01 2021 02 21 11 30 02
-2.18490262E-01 2021 02 21 11 35 02
-3.27441842E-01 2021 02 21 11 40 02
-2.36826298E-01 2021 02 21 11 45 02
-2.06756817E-01 2021 02 21 11 50 02
-2.36099005E-01 2021 02 21 11 55 02
-4.39017350E-01 2021 02 21 12 00 02
-2.96919345E-01 2021 02 21 12 05 02
-3.04830205E-01 2021 02 21 12 10 02
-6.02261487E-01 2021 02 21 12 15 02
-5.65153686E-01 2021 02 21 12 20 02
-4.77744826E-01 2021 02 21 12 25 02
-4.62428479E-01 2021 02 21 12 30 02
-6.23687088E-01 2021 02 21 12 35 03
-5.67391335E-01 2021 02 21 12 40 02
-5.44387966E-01 2021 02 21 12 45 02
-4.17843094E-01 2021 02 21 12 50 02
-2.76221402E-01 2021 02 21 12 55 02
-2.32972397E-01 2021 02 21 13 00 03
-2.92735560E-01 2021 02 21 13 05 02
-2.40154203E-01 2021 02 21 13 10 02
-2.29789738E-01 2021 02 21 13 15 02
-2.82608668E-01 2021 02 21 13 20 02
-3.22171918E-01 2021 02 21 13 25 02
-4.21352342E-01 2021 02 21 13 30 02
-3.10098474E-01 2021 02 21 13 35 02
-4.91901154E-01 2021 02 21 13 40 02
-4.59637645E-01 2021 02 21 13 45 02
-3.77356653E-01 2021 02 21 13 50 02
-5.54010612E-01 2021 02 21 13 55 02
-6.38029565E-01 2021 02 21 14 00 03
-6.10158087E-01 2021 02 21 14 05 02
-6.03343121E-01 2021 02 21 14 10 02
-6.03645650E-01 2021 02 21 14 15 02
-6.17805097E-01 2021 02 21 14 20 02
-5.55215361E-01 2021 02 21 14 25 02
-7.84437356E-01 2021 02 21 14 30 02
-9.39984435E-01 2021 02 21 14 35 02
-8.37876566E-01 2021 02 21 14 40 02
-8.39464528E-01 2021 02 21 14 45 02
-7.06888661E-01 2021 02 21 14 50 02
-7.19116547E-01 2021 02 21 14 55 02
-6.47118479E-01 2021 02 21 15 00 02
-6.63916217E-01 2021 02 21 15 05 02
-6.90188193E-01 2021 02 21 15 10 02
-7.03992519E-01 2021 02 21 15 15 02
-7.63531253E-01 2021 02 21 15 20 02
-6.04111358E-01 2021 02 21 15 25 03
-4.97969215E-01 2021 02 21 15 30 02
-6.09399542E-01 2021 02 21 15 35 02
-5.43176401E-01 2021 02 21 15 40 02
-4.79876322E-01 2021 02 21 15 45 02
-5.46423201E-01 2021 02 21 15 50 02
-4.57733336E-01 2021 02 21 15 55 02
-3.96013306E-01 2021 02 21 16 00 02
-4.95273669E-01 2021 02 21 16 05 02
-5.11460484E-01 2021 02 21 16 10 02
-6.97208874E-01 2021 02 21 16 15 02
-5.64342908E-01 2021 02 21 16 20 02
-4.42451462E-01 2021 02 21 16 25 02
-6.16909310E-01 2021 02 21 16 30 02
-5.95873729E-01 2021 02 21 16 35 02
-5.66843369E-01 2021 02 21 16 40 02
-6.14483610E-01 2021 02 21 16 45 02
-6.85917045E-01 2021 02 21 16 50 03
-7.14964883E-01 2021 02 21 16 55 02
-7.39918345E-01 2021 02 21 17 00 02
-7.29338983E-01 2021 02 21 17 05 02
-8.26011260E-01 2021 02 21 17 10 02
-9.31867541E-01 2021 02 21 17 15 03
-1.04012767E+00 2021 02 21 17 20 02
-1.19160378E+00 2021 02 21 17 25 02
-1.12045212E+00 2021 02 21 17 30 02
-1.12940756E+00 2021 02 21 17 35 02
-1.30926236E+00 2021 02 21 17 40 02
-1.49269271E+00 2021 02 21 17 45 02
-1.34318464E+00 2021 02 21 17 50 02
-1.31052744E+00 2021 02 21 17 55 02
-1.44613009E+00 2021 02 21 18 00 02
-1.41050573E+00 2021 02 21 18 05 02
-1.20640679E+00 2021 02 21 18 10 02
-9.06583670E-01 2021 02 21 18 15 02
-7.91706480E-01 2021 02 21 18 20 02
-5.97320738E-01 2021 02 21 18 25 02
-4.22063948E-01 2021 02 21 18 30 02
-5.37731401E-01 2021 02 21 18 35 02
-4.92144237E-01 2021 02 21 18 40 03
-4.39348577E-01 2021 02 21 18 45 02
-5.21566896E-01 2021 02 21 18 50 02
-5.14144246E-01 2021 02 21 18 55 02
-4.93227207E-01 2021 02 21 19 00 02
-5.36729852E-01 2021 02 21 19 05 02
-4.86956379E-01 2021 02 21 19 10 02
-5.77733799E-01 2021 02 21 19 15 02
-5.59609392E-01 2021 02 21 19 20 02
-5.81024288E-01 2021 02 21 19 25 02
-5.68502636E-01 2021 02 21 19 30 02
-6.52655328E-01 2021 02 21 19 35 02
-7.00672970E-01 2021 02 21 19 40 03
-7.74037500E-01 2021 02 21 19 45 02
-6.49017451E-01 2021 02 21 19 50 02
-6.61885596E-01 2021 02 21 19 55 02
-6.95096918E-01 2021 02 21 20 00 02
-8.69854924E-01 2021 02 21 20 05 03
-9.75352204E-01 2021 02 21 20 10 02
-9.49823591E-01 2021 02 21 20 15 02
-8.58998623E-01 2021 02 21 20 20 02
-7.49652322E-01 2021 02 21 20 25 02
-7.06552463E-01 2021 02 21 20 30 02
-4.22945610E-01 2021 02 21 20 35 02
-6.49078660E-01 2021 02 21 20 40 02
-6.80739210E-01 2021 02 21 20 45 02
-6.04006029E-01 2021 02 21 20 50 02
-8.76971391E-01 2021 02 21 20 55 02
-8.39374079E-01 2021 02 21 21 00 02
-9.33095613E-01 2021 02 21 21 05 02
-9.42558737E-01 2021 02 21 21 10 02
-8.62275324E-01 2021 02 21 21 15 02
-9.67077882E-01 2021 02 21 21 20 02
-1.07583890E+00 2021 02 21 21 25 02
-1.12459601E+00 2021 02 21 21 30 03
-1.15012225E+00 2021 02 21 21 35 02
-1.20325031E+00 2021 02 21 21 40 02
-1.14439775E+00 2021 02 21 21 45 02
-7.62490115E-01 2021 02 21 21 50 02
-7.61369776E-01 2021 02 21 21 55 02
-4.60792788E-01 2021 02 21 22 00 02
-6.49104521E-01 2021 02 21 22 05 02
-5.73858466E-01 2021 02 21 22 10 02
-6.67648525E-01 2021 02 21 22 15 02
-6.45571695E-01 2021 02 21 22 20 02
-7.69312722E-01 2021 02 21 22 25 02
-9.05291710E-01 2021 02 21 22 30 02
-1.09240126E+00 2021 02 21 22 35 02
-1.12254129E+00 2021 02 21 22 40 02
-1.12793716E+00 2021 02 21 22 45 02
-9.57804141E-01 2021 02 21 22 50 02
-5.38902587E-01 2021 02 21 22 55 03
-2.81834304E-01 2021 02 21 23 00 02
-2.81744400E-01 2021 02 21 23 05 02
-1.91875420E-01 2021 02 21 23 10 02
-1.71953378E-01 2021 02 21 23 15 02
-1.75303204E-01 2021 02 21 23 20 02
-2.33995407E-01 2021 02 21 23 25 02
-4.23302868E-01 2021 02 21 23 30 02
-3.17636608E-01 2021 02 21 23 35 02
-3.56706439E-01 2021 02 21 23 40 02
-1.99655816E-01 2021 02 21 23 45 02
-1.71295897E-01 2021 02 21 23 50 02
-1.00213516E-01 2021 02 21 23 55 03
