-1.00577721E+00 2021 02 12 00 00 03
-9.94188739E-01 2021 02 12 00 05 02
-9.48642740E-01 2021 02 12 00 10 02
-9.81676254E-01 2021 02 12 00 15 02
-9.85045898E-01 2021 02 12 00 20 02
-9.77869803E-01 2021 02 12 00 25 02
-1.10837247E+00 2021 02 12 00 30 02
-1.22554143E+00 2021 02 12 00 35 03
-1.15571536E+00 2021 02 12 00 40 02
-1.01914947E+00 2021 02 12 00 45 02
-8.05488068E-01 2021 02 12 00 50 02
-8.24066844E-01 2021 02 12 00 55 02
-9.62347435E-01 2021 02 12 01 00 03
-9.68948599E-01 2021 02 12 01 05 02
-9.43853814E-01 2021 02 12 01 10 02
-9.31892647E-01 2021 02 12 01 15 02
-9.41027106E-01 2021 02 12 01 20 02
-8.87308932E-01 2021 02 12 01 25 02
-9.24201062E-01 2021 02 12 01 30 02
-1.05903619E+00 2021 02 12 01 35 02
-9.17928813E-01 2021 02 12 01 40 02
-1.00775764E+00 2021 02 12 01 45 02
-9.66508943E-01 2021 02 12 01 50 02
-8.32627683E-01 2021 02 12 01 55 02
-7.64864584E-01 2021 02 12 02 00 03
-7.90658275E-01 2021 02 12 02 05 02
-8.04515980E-01 2021 02 12 02 10 02
-7.61949758E-01 2021 02 12 02 15 02
-7.09343272E-01 2021 02 12 02 20 02
-7.08134393E-01 2021 02 12 02 25 02
-6.92751869E-01 2021 02 12 02 30 02
-6.55551327E-01 2021 02 12 02 35 02
-6.35923475E-01 2021 02 12 02 40 02
-6.28578829E-01 2021 02 12 02 45 02
-6.07408700E-01 2021 02 12 02 50 02
-5.40988063E-01 2021 02 12 02 55 02
-5.73300002E-01 2021 02 12 03 00 02
-5.48003732E-01 2021 02 12 03 05 02
-4.60683582E-01 2021 02 12 03 10 02
-4.31625000E-01 2021 02 12 03 15 02
-4.21363766E-01 2021 02 12 03 20 02
-4.19071374E-01 2021 02 12 03 25 03
-3.98588679E-01 2021 02 12 03 30 02
-3.47442100E-01 2021 02 12 03 35 02
-2.95362655E-01 2021 02 12 03 40 02
-2.57117747E-01 2021 02 12 03 45 02
-2.70814937E-01 2021 02 12 03 50 02
-2.38833066E-01 2021 02 12 03 55 02
-1.87323949E-01 2021 02 12 04 00 02
-1.72536818E-01 2021 02 12 04 05 02
-1.78366804E-01 2021 02 12 04 10 02
-1.69029296E-01 2021 02 12 04 15 02
-1.72142000E-01 2021 02 12 04 20 02
-1.05025448E-01 2021 02 12 04 25 02
-3.85867766E-02 2021 02 12 04 30 02
-2.38288604E-02 2021 02 12 04 35 02
-1.20948928E-02 2021 02 12 04 40 02
+1.47647441E-02 2021 02 12 04 45 02
+4.08419451E-02 2021 02 12 04 50 03
+4.42841092E-02 2021 02 12 04 55 02
+7.10522328E-02 2021 02 12 05 00 02
+8.56870407E-02 2021 02 12 05 05 02
+1.10243976E-01 2021 02 12 05 10 02
+1.40351098E-01 2021 02 12 05 15 02
+1.59175824E-01 2021 02 12 05 20 02
+1.70697672E-01 2021 02 12 05 25 02
+1.95566059E-01 2021 02 12 05 30 02
+2.07396553E-01 2021 02 12 05 35 02
+2.78430534E-01 2021 02 12 05 40 02
+1.82981071E-01 2021 02 12 05 45 02
+1.99652332E-01 2021 02 12 05 50 02
+2.76163013E-01 2021 02 12 05 55 02
+3.11185555E-01 2021 02 12 06 00 02
+2.98414117E-01 2021 02 12 06 05 02
+3.15163678E-01 2021 02 12 06 10 02
+3.23889827E-01 2021 02 12 06 15 03
+3.65336177E-01 2021 02 12 06 20 02
+3.67067767E-01 2021 02 12 06 25 02
+3.38201583E-01 2021 02 12 06 30 02
+3.49863689E-01 2021 02 12 06 35 02
+3.25639975E-01 2021 02 12 06 40 03
+3.16665569E-01 2021 02 12 06 45 02
+4.09311292E-01 2021 02 12 06 50 02
+3.67310326E-01 2021 02 12 06 55 02
+3.59048022E-01 2021 02 12 07 00 02
+3.54390011E-01 2021 02 12 07 05 02
+3.83984142E-01 2021 02 12 07 10 02
+4.07065420E-01 2021 02 12 07 15 02
+3.09392740E-01 2021 02 12 07 20 02
+3.41158533E-01 2021 02 12 07 25 02
+3.27507119E-01 2021 02 12 07 30 02
+2.90800025E-01 2021 02 12 07 35 02
+3.29732565E-01 2021 02 12 07 40 03
+2.97503423E-01 2021 02 12 07 45 02
+2.88347625E-01 2021 02 12 07 50 02
+2.59769883E-01 2021 02 12 07 55 02
+2.58664506E-01 2021 02 12 08 00 02
+2.41540191E-01 2021 02 12 08 05 02
+1.21300810E-01 2021 02 12 08 10 02
+2.09169837E-01 2021 02 12 08 15 02
+2.03968262E-01 2021 02 12 08 20 02
+1.93174772E-01 2021 02 12 08 25 02
+1.74699802E-01 2021 02 12 08 30 02
+1.63772837E-01 2021 02 12 08 35 02
+1.52519784E-01 2021 02 12 08 40 02
+1.03209438E-01 2021 02 12 08 45 02
+7.25599506E-02 2021 02 12 08 50 02
+1.85161929E-01 2021 02 12 08 55 02
+9.56179186E-02 2021 02 12 09 00 02
+6.97156525E-02 2021 02 12 09 05 03
+8.74080012E-02 2021 02 12 09 10 02
+4.32708571E-02 2021 02 12 09 15 02
-4.19799687E-03 2021 02 12 09 20 02
-4.43307211E-02 2021 02 12 09 25 02
-1.60792162E-02 2021 02 12 09 30 02
-6.84659303E-02 2021 02 12 09 35 02
-9.69289218E-02 2021 02 12 09 40 02
-8.30657354E-02 2021 02 12 09 45 02
-1.75983353E-01 2021 02 12 09 50 02
-2.26993753E-01 2021 02 12 09 55 02
-2.13206628E-01 2021 02 12 10 00 02
-1.44267245E-01 2021 02 12 10 05 02
-2.49090705E-01 2021 02 12 10 10 02
-2.71078338E-01 2021 02 12 10 15 02
-1.70946387E-01 2021 02 12 10 20 02
-2.85758268E-01 2021 02 12 10 25 02
-2.83042227E-01 2021 02 12 10 30 03
-2.74741866E-01 2021 02 12 10 35 02
-2.83077730E-01 2021 02 12 10 40 02
-3.67465644E-01 2021 02 12 10 45 02
-3.61362226E-01 2021 02 12 10 50 02
-3.40883278E-01 2021 02 12 10 55 03
-4.63912128E-01 2021 02 12 11 00 02
-3.46992569E-01 2021 02 12 11 05 02
-4.58270678E-01 2021 02 12 11 10 02
-3.40761642E-01 2021 02 12 11 15 02
-4.71718781E-01 2021 02 12 11 20 02
-4.72753976E-01 2021 02 12 11 25 02
-4.53305202E-01 2021 02 12 11 30 02
-5.94363526E-01 2021 02 12 11 35 02
-6.01065910E-01 2021 02 12 11 40 02
-5.89109200E-01 2021 02 12 11 45 02
-5.29413306E-01 2021 02 12 11 50 02
-5.83070865E-01 2021 02 12 11 55 03
-5.95909005E-01 2021 02 12 12 00 02
-5.95348210E-01 2021 02 12 12 05 02
-6.91879861E-01 2021 02 12 12 10 02
-6.79455518E-01 2021 02 12 12 15 02
-7.51023519E-01 2021 02 12 12 20 03
-7.09524501E-01 2021 02 12 12 25 02
-7.41334893E-01 2021 02 12 12 30 02
-6.34004030E-01 2021 02 12 12 35 02
-6.98852122E-01 2021 02 12 12 40 02
-8.54422883E-01 2021 02 12 12 45 02
-7.95680652E-01 2021 02 12 12 50 02
-7.75617528E-01 2021 02 12 12 55 02
-8.14771379E-01 2021 02 12 13 00 02
-8.56358067E-01 2021 02 12 13 05 02
-7.58380784E-01 2021 02 12 13 10 02
-7.88564844E-01 2021 02 12 13 15 02
-8.55321334E-01 2021 02 12 13 20 03
-7.45607071E-01 2021 02 12 13 25 02
-7.56344410E-01 2021 02 12 13 30 02
-7.43064766E-01 2021 02 12 13 35 02
-7.84146270E-01 2021 02 12 13 40 02
-8.99872184E-01 2021 02 12 13 45 03
-8.75170747E-01 2021 02 12 13 50 02
-8.91877620E-01 2021 02 12 13 55 02
-8.54835358E-01 2021 02 12 14 00 02
-9.58395344E-01 2021 02 12 14 05 02
-8.42430887E-01 2021 02 12 14 10 03
-9.52437654E-01 2021 02 12 14 15 02
-8.81619280E-01 2021 02 12 14 20 02
-8.62600677E-01 2021 02 12 14 25 02
-9.32049716E-01 2021 02 12 14 30 02
-9.58431651E-01 2021 02 12 14 35 02
-9.52771540E-01 2021 02 12 14 40 02
-8.42378248E-01 2021 02 12 14 45 02
-8.74179120E-01 2021 02 12 14 50 02
-8.36558957E-01 2021 02 12 14 55 02
-8.12991014E-01 2021 02 12 15 00 02
-8.85850783E-01 2021 02 12 15 05 02
-7.66910079E-01 2021 02 12 15 10 03
-7.44942151E-01 2021 02 12 15 15 02
-7.47289790E-01 2021 02 12 15 20 02
-7.55491964E-01 2021 02 12 15 25 02
-7.57580673E-01 2021 02 12 15 30 02
-7.15279267E-01 2021 02 12 15 35 02
-8.18790796E-01 2021 02 12 15 40 02
-7.23354863E-01 2021 02 12 15 45 02
-6.60623746E-01 2021 02 12 15 50 02
-6.68004937E-01 2021 02 12 15 55 02
-6.65467815E-01 2021 02 12 16 00 02
-6.41139754E-01 2021 02 12 16 05 02
-6.16333971E-01 2021 02 12 16 10 02
-6.38848051E-01 2021 02 12 16 15 02
-5.97372945E-01 2021 02 12 16 20 02
-6.23341260E-01 2021 02 12 16 25 02
-5.87995895E-01 2021 02 12 16 30 02
-4.63545820E-01 2021 02 12 16 35 03
-4.52663157E-01 2021 02 12 16 40 02
-4.12953078E-01 2021 02 12 16 45 02
-5.04968179E-01 2021 02 12 16 50 02
-4.44988203E-01 2021 02 12 16 55 02
-4.24218010E-01 2021 02 12 17 00 03
-3.48018309E-01 2021 02 12 17 05 02
-4.45660343E-01 2021 02 12 17 10 02
-4.40386858E-01 2021 02 12 17 15 02
-3.94383296E-01 2021 02 12 17 20 02
-3.19673134E-01 2021 02 12 17 25 02
-3.36686684E-01 2021 02 12 17 30 02
-3.36874535E-01 2021 02 12 17 35 02
-2.93586324E-01 2021 02 12 17 40 02
-3.05412517E-01 2021 02 12 17 45 02
-2.46147410E-01 2021 02 12 17 50 02
-2.04338688E-01 2021 02 12 17 55 02
-2.67495363E-01 2021 02 12 18 00 02
-1.13306379E-01 2021 02 12 18 05 02
-1.40849524E-01 2021 02 12 18 10 02
-1.53873324E-01 2021 02 12 18 15 02
-1.27856003E-01 2021 02 12 18 20 02
-2.60025696E-01 2021 02 12 18 25 03
-1.57168574E-01 2021 02 12 18 30 02
-1.75256551E-01 2021 02 12 18 35 02
-7.46170522E-02 2021 02 12 18 40 02
-5.67742473E-02 2021 02 12 18 45 02
-6.88834783E-02 2021 02 12 18 50 02
-6.42435814E-02 2021 02 12 18 55 02
-1.73355993E-01 2021 02 12 19 00 02
-2.11353440E-02 2021 02 12 19 05 02
-8.72830737E-02 2021 02 12 19 10 02
-6.07217859E-02 2021 02 12 19 15 02
-8.42796712E-02 2021 02 12 19 20 02
-6.89903867E-02 2021 02 12 19 25 02
-4.40526244E-02 2021 02 12 19 30 02
-5.31883268E-02 2021 02 12 19 35 02
-7.41606516E-02 2021 02 12 19 40 02
-1.15243769E-01 2021 02 12 19 45 02
-5.24719955E-02 2021 02 12 19 50 03
-1.03028052E-01 2021 02 12 19 55 02
-1.18823149E-01 2021 02 12 20 00 02
-1.35350642E-01 2021 02 12 20 05 02
-1.01968541E-01 2021 02 12 20 10 02
-1.36032683E-01 2021 02 12 20 15 02
-1.35717904E-01 2021 02 12 20 20 02
-1.90702909E-01 2021 02 12 20 25 02
-1.78695443E-01 2021 02 12 20 30 02
-1.69284629E-01 2021 02 12 20 35 02
-9.64475972E-02 2021 02 12 20 40 02
-1.74312578E-01 2021 02 12 20 45 02
-2.72635383E-01 2021 02 12 20 50 03
-2.20097649E-01 2021 02 12 20 55 02
-3.45340030E-01 2021 02 12 21 00 02
-4.63838793E-01 2021 02 12 21 05 02
-3.68751213E-01 2021 02 12 21 10 02
-3.66691882E-01 2021 02 12 21 15 03
-4.07999190E-01 2021 02 12 21 20 02
-4.04527444E-01 2021 02 12 21 25 02
-4.61897772E-01 2021 02 12 21 30 02
-4.85611955E-01 2021 02 12 21 35 02
-3.59465272E-01 2021 02 12 21 40 02
-4.49797563E-01 2021 02 12 21 45 02
-4.94691463E-01 2021 02 12 21 50 02
-4.36888860E-01 2021 02 12 21 55 02
-4.86983448E-01 2021 02 12 22 00 02
-4.89570648E-01 2021 02 12 22 05 02
-5.74644024E-01 2021 02 12 22 10 02
-6.42356394E-01 2021 02 12 22 15 03
-6.27908019E-01 2021 02 12 22 20 02
-6.95475055E-01 2021 02 12 22 25 02
-6.75305011E-01 2021 02 12 22 30 02
-6.86551483E-01 2021 02 12 22 35 02
-6.97042615E-01 2021 02 12 22 40 02
-7.69821835E-01 2021 02 12 22 45 02
-7.66897030E-01 2021 02 12 22 50 02
-7.89545101E-01 2021 02 12 22 55 02
-7.77741860E-01 2021 02 12 23 00 02
-8.23547550E-01 2021 02 12 23 05 02
-7.63025860E-01 2021 02 12 23 10 02
-8.88019167E-01 2021 02 12 23 15 02
-8.60455919E-01 2021 02 12 23 20 02
-9.29776406E-01 2021 02 12 23 25 02
-9.86805263E-01 2021 02 12 23 30 02
-9.85649300E-01 2021 02 12 23 35 02
-9.91569960E-01 2021 02 12 23 40 03
-1.01533137E+00 2021 02 12 23 45 02
-1.01589429E+00 2021 02 12 23 50 02
-1.00830620E+00 2021 02 12 23 55 02
