-2.47850914E-01 2021 02 07 00 00 02
-3.78715015E-01 2021 02 07 00 05 02
-3.33844147E-01 2021 02 07 00 10 02
-2.43630162E-01 2021 02 07 00 15 02
-2.13390038E-01 2021 02 07 00 20 02
-2.89393562E-01 2021 02 07 00 25 02
-2.97752004E-01 2021 02 07 00 30 02
-3.20848237E-01 2021 02 07 00 35 02
-2.93049817E-01 2021 02 07 00 40 02
-2.82826043E-01 2021 02 07 00 45 02
-3.08343474E-01 2021 02 07 00 50 02
-2.84916141E-01 2021 02 07 00 55 02
-2.95136968E-01 2021 02 07 01 00 02
-1.76774243E-01 2021 02 07 01 05 02
-1.15906277E-01 2021 02 07 01 10 02
+2.36350553E-01 2021 02 07 01 15 02
-1.76459086E-02 2021 02 07 01 20 02
+3.72147411E-01 2021 02 07 01 25 03
+5.74577163E-01 2021 02 07 01 30 02
+3.76499428E-01 2021 02 07 01 35 02
+2.56301215E-01 2021 02 07 01 40 02
+3.35523574E-01 2021 02 07 01 45 02
+6.59102287E-02 2021 02 07 01 50 03
-1.64479373E-01 2021 02 07 01 55 02
-4.91593786E-02 2021 02 07 02 00 02
-8.98159597E-02 2021 02 07 02 05 02
+8.10021061E-02 2021 02 07 02 10 02
+1.47258580E-03 2021 02 07 02 15 02
+4.99415989E-03 2021 02 07 02 20 02
-2.53870453E-01 2021 02 07 02 25 02
-7.06758059E-02 2021 02 07 02 30 02
-7.25597255E-02 2021 02 07 02 35 02
-1.17679860E-02 2021 02 07 02 40 02
-2.16700387E-01 2021 02 07 02 45 02
-7.39560271E-01 2021 02 07 02 50 02
-4.50998982E-01 2021 02 07 02 55 02
-8.70293472E-02 2021 02 07 03 00 02
-2.80307612E-01 2021 02 07 03 05 02
-3.41133543E-01 2021 02 07 03 10 02
-3.50157967E-01 2021 02 07 03 15 03
-1.14205904E-01 2021 02 07 03 20 02
+4.77082250E-02 2021 02 07 03 25 02
+9.82284341E-02 2021 02 07 03 30 02
+5.30911406E-02 2021 02 07 03 35 02
+1.51039658E-02 2021 02 07 03 40 02
+2.58853816E-02 2021 02 07 03 45 02
+3.79104474E-02 2021 02 07 03 50 03
+1.24666588E-01 2021 02 07 03 55 02
-2.44132218E-01 2021 02 07 04 00 02
+3.96729728E-01 2021 02 07 04 05 02
-1.57891924E-02 2021 02 07 04 10 02
-4.89241574E-01 2021 02 07 04 15 03
-3.29231004E-01 2021 02 07 04 20 02
-2.47981368E-01 2021 02 07 04 25 02
-6.90648377E-02 2021 02 07 04 30 02
-2.40588134E-01 2021 02 07 04 35 02
-4.28300320E-01 2021 02 07 04 40 02
-1.50486277E-01 2021 02 07 04 45 02
-1.17345865E-01 2021 02 07 04 50 02
-3.81842043E-02 2021 02 07 04 55 02
-5.45979869E-02 2021 02 07 05 00 02
-9.03328026E-02 2021 02 07 05 05 02
-2.53182695E-02 2021 02 07 05 10 02
-5.38569393E-02 2021 02 07 05 15 03
-1.09242749E-01 2021 02 07 05 20 02
-2.41345510E-01 2021 02 07 05 25 02
-2.13679052E-01 2021 02 07 05 30 02
-2.11372168E-01 2021 02 07 05 35 02
-2.52595791E-01 2021 02 07 05 40 02
-2.74435734E-01 2021 02 07 05 45 02
-2.49736010E-01 2021 02 07 05 50 02
-2.56269344E-01 2021 02 07 05 55 02
-2.99552312E-01 2021 02 07 06 00 02
-2.35163569E-01 2021 02 07 06 05 02
-2.14232427E-01 2021 02 07 06 10 02
-2.76416537E-01 2021 02 07 06 15 03
-2.69137917E-01 2021 02 07 06 20 02
-2.22290721E-01 2021 02 07 06 25 02
-2.87040451E-01 2021 02 07 06 30 02
-2.60160196E-01 2021 02 07 06 35 02
-3.32049769E-01 2021 02 07 06 40 03
-3.09250073E-01 2021 02 07 06 45 02
-4.62588119E-01 2021 02 07 06 50 02
-3.44973391E-01 2021 02 07 06 55 02
-3.29895936E-01 2021 02 07 07 00 02
-3.45044232E-01 2021 02 07 07 05 02
-4.13727427E-01 2021 02 07 07 10 02
-4.12540370E-01 2021 02 07 07 15 02
-3.22454879E-01 2021 02 07 07 20 02
-3.17548840E-01 2021 02 07 07 25 02
-3.82702872E-01 2021 02 07 07 30 02
-2.96438736E-01 2021 02 07 07 35 02
-3.74007627E-01 2021 02 07 07 40 03
-4.89037769E-01 2021 02 07 07 45 02
-6.33578732E-01 2021 02 07 07 50 02
-5.31442705E-01 2021 02 07 07 55 02
-5.50917793E-01 2021 02 07 08 00 02
-5.90690232E-01 2021 02 07 08 05 03
-5.64337049E-01 2021 02 07 08 10 02
-6.34324578E-01 2021 02 07 08 15 02
-6.20909008E-01 2021 02 07 08 20 02
-6.15338111E-01 2021 02 07 08 25 02
-6.53620850E-01 2021 02 07 08 30 02
-6.63597209E-01 2021 02 07 08 35 02
-6.27867882E-01 2021 02 07 08 40 02
-6.42180123E-01 2021 02 07 08 45 02
-6.20719007E-01 2021 02 07 08 50 02
-5.94392971E-01 2021 02 07 08 55 02
-5.82120836E-01 2021 02 07 09 00 02
-7.30585709E-01 2021 02 07 09 05 02
-8.39667533E-01 2021 02 07 09 10 02
-7.78214912E-01 2021 02 07 09 15 02
-7.85227231E-01 2021 02 07 09 20 02
-7.09917107E-01 2021 02 07 09 25 02
-9.21155756E-01 2021 02 07 09 30 03
-8.88787316E-01 2021 02 07 09 35 02
-9.54500699E-01 2021 02 07 09 40 02
-8.90996854E-01 2021 02 07 09 45 02
-9.24100061E-01 2021 02 07 09 50 02
-8.74220386E-01 2021 02 07 09 55 03
-8.83916664E-01 2021 02 07 10 00 02
-8.92726582E-01 2021 02 07 10 05 02
-8.14653970E-01 2021 02 07 10 10 02
-9.04640318E-01 2021 02 07 10 15 02
-8.53380755E-01 2021 02 07 10 20 02
-1.04670292E+00 2021 02 07 10 25 02
-9.35755605E-01 2021 02 07 10 30 02
-7.81303349E-01 2021 02 07 10 35 02
-6.56658137E-01 2021 02 07 10 40 02
-4.63846463E-01 2021 02 07 10 45 02
-6.34118234E-01 2021 02 07 10 50 02
-6.18368792E-01 2021 02 07 10 55 02
-5.40445032E-01 2021 02 07 11 00 02
-5.16461494E-01 2021 02 07 11 05 02
-5.30233154E-01 2021 02 07 11 10 02
-5.25130911E-01 2021 02 07 11 15 02
-5.97240001E-01 2021 02 07 11 20 03
-3.52792118E-01 2021 02 07 11 25 02
-3.93635747E-01 2021 02 07 11 30 02
-3.60808022E-01 2021 02 07 11 35 02
-3.47281350E-01 2021 02 07 11 40 02
-3.08193725E-01 2021 02 07 11 45 02
-3.12353380E-01 2021 02 07 11 50 02
-3.57693141E-01 2021 02 07 11 55 02
-4.18759521E-01 2021 02 07 12 00 02
-4.34480899E-01 2021 02 07 12 05 02
-3.06906697E-01 2021 02 07 12 10 02
-3.88321762E-01 2021 02 07 12 15 02
-4.42732508E-01 2021 02 07 12 20 02
-2.71096226E-01 2021 02 07 12 25 02
-1.58037992E-01 2021 02 07 12 30 02
-4.77779372E-01 2021 02 07 12 35 02
-3.80122808E-01 2021 02 07 12 40 02
-6.11063964E-01 2021 02 07 12 45 03
-6.52759602E-01 2021 02 07 12 50 02
-6.10118145E-01 2021 02 07 12 55 02
-5.86194183E-01 2021 02 07 13 00 02
-6.16126873E-01 2021 02 07 13 05 02
-5.09156275E-01 2021 02 07 13 10 02
-5.99643483E-01 2021 02 07 13 15 02
-6.14971834E-01 2021 02 07 13 20 02
-6.58957912E-01 2021 02 07 13 25 02
-6.17281193E-01 2021 02 07 13 30 02
-4.77211095E-01 2021 02 07 13 35 02
-6.20740744E-01 2021 02 07 13 40 02
-5.42267584E-01 2021 02 07 13 45 02
-5.50629553E-01 2021 02 07 13 50 02
-4.64949386E-01 2021 02 07 13 55 02
-4.98255043E-01 2021 02 07 14 00 02
-5.90187192E-01 2021 02 07 14 05 02
-6.58605007E-01 2021 02 07 14 10 03
-5.57989570E-01 2021 02 07 14 15 02
-3.81888266E-01 2021 02 07 14 20 02
-3.43762017E-01 2021 02 07 14 25 02
-4.24643963E-01 2021 02 07 14 30 02
-4.41814404E-01 2021 02 07 14 35 02
-4.75391823E-01 2021 02 07 14 40 02
-6.76073606E-01 2021 02 07 14 45 02
-5.70008351E-01 2021 02 07 14 50 02
-3.54150160E-01 2021 02 07 14 55 02
-4.26649533E-01 2021 02 07 15 00 02
-2.14136871E-01 2021 02 07 15 05 02
-3.71463206E-01 2021 02 07 15 10 02
-2.10906580E-01 2021 02 07 15 15 02
-2.43346273E-01 2021 02 07 15 20 02
-4.56852596E-01 2021 02 07 15 25 02
-3.44443641E-01 2021 02 07 15 30 02
-3.55826383E-01 2021 02 07 15 35 03
-2.98971467E-01 2021 02 07 15 40 02
-2.85646201E-01 2021 02 07 15 45 02
-3.34893417E-01 2021 02 07 15 50 02
-3.01983241E-01 2021 02 07 15 55 02
-3.44026810E-01 2021 02 07 16 00 02
-4.87628872E-01 2021 02 07 16 05 02
-4.22589544E-01 2021 02 07 16 10 02
-4.12134294E-01 2021 02 07 16 15 02
-4.36543824E-01 2021 02 07 16 20 02
-5.67073233E-01 2021 02 07 16 25 02
-5.14905807E-01 2021 02 07 16 30 02
-7.18724177E-01 2021 02 07 16 35 02
-8.01191475E-01 2021 02 07 16 40 02
-7.75572603E-01 2021 02 07 16 45 02
-9.94542698E-01 2021 02 07 16 50 02
-8.63065979E-01 2021 02 07 16 55 02
-8.33771324E-01 2021 02 07 17 00 03
-8.03044961E-01 2021 02 07 17 05 02
-8.98776429E-01 2021 02 07 17 10 02
-9.07850274E-01 2021 02 07 17 15 02
-9.26652842E-01 2021 02 07 17 20 02
-9.72367307E-01 2021 02 07 17 25 03
-7.72519576E-01 2021 02 07 17 30 02
-4.92224125E-01 2021 02 07 17 35 02
-7.50819947E-01 2021 02 07 17 40 02
-7.01060115E-01 2021 02 07 17 45 02
-7.44290165E-01 2021 02 07 17 50 02
-6.70155088E-01 2021 02 07 17 55 02
-7.09282371E-01 2021 02 07 18 00 02
-6.80926960E-01 2021 02 07 18 05 02
-8.36415959E-01 2021 02 07 18 10 02
-8.31768546E-01 2021 02 07 18 15 02
-8.29665198E-01 2021 02 07 18 20 02
-8.28641046E-01 2021 02 07 18 25 02
-7.24111745E-01 2021 02 07 18 30 02
-6.66606100E-01 2021 02 07 18 35 02
-7.00961815E-01 2021 02 07 18 40 02
-6.53845215E-01 2021 02 07 18 45 02
-7.11522008E-01 2021 02 07 18 50 03
-7.37663830E-01 2021 02 07 18 55 02
-7.41573297E-01 2021 02 07 19 00 02
-7.34219551E-01 2021 02 07 19 05 02
-7.02313217E-01 2021 02 07 19 10 02
-7.30599575E-01 2021 02 07 19 15 02
-8.25254679E-01 2021 02 07 19 20 02
-9.00436016E-01 2021 02 07 19 25 02
-8.03060239E-01 2021 02 07 19 30 02
-8.51000641E-01 2021 02 07 19 35 02
-7.26804014E-01 2021 02 07 19 40 02
-6.84793560E-01 2021 02 07 19 45 02
-8.24307164E-01 2021 02 07 19 50 03
-7.08437734E-01 2021 02 07 19 55 02
-8.50740009E-01 2021 02 07 20 00 02
-9.33436561E-01 2021 02 07 20 05 02
-1.01177871E+00 2021 02 07 20 10 02
-1.17134437E+00 2021 02 07 20 15 03
-8.88811552E-01 2021 02 07 20 20 02
-6.40808112E-01 2021 02 07 20 25 02
-4.87188780E-01 2021 02 07 20 30 02
-3.69051569E-01 2021 02 07 20 35 02
-3.13782020E-01 2021 02 07 20 40 02
-3.13975313E-01 2021 02 07 20 45 02
-4.56292525E-01 2021 02 07 20 50 02
-5.56017961E-01 2021 02 07 20 55 02
-7.02074123E-01 2021 02 07 21 00 02
-8.06454912E-01 2021 02 07 21 05 02
-7.56627544E-01 2021 02 07 21 10 02
-6.93824699E-01 2021 02 07 21 15 02
-7.05329771E-01 2021 02 07 21 20 02
-6.56797057E-01 2021 02 07 21 25 02
-3.89350749E-01 2021 02 07 21 30 02
-4.86553657E-01 2021 02 07 21 35 02
-3.91347945E-01 2021 02 07 21 40 03
-3.08565269E-01 2021 02 07 21 45 02
-3.20587909E-01 2021 02 07 21 50 02
-5.44714666E-01 2021 02 07 21 55 02
-5.53970756E-01 2021 02 07 22 00 02
-4.85825663E-01 2021 02 07 22 05 03
-4.94679773E-01 2021 02 07 22 10 02
-5.10646589E-01 2021 02 07 22 15 02
-4.95751652E-01 2021 02 07 22 20 02
-5.68372163E-01 2021 02 07 22 25 02
-5.27783851E-01 2021 02 07 22 30 02
-5.33488559E-01 2021 02 07 22 35 02
-4.74889491E-01 2021 02 07 22 40 02
-4.78159069E-01 2021 02 07 22 45 02
-5.02863798E-01 2021 02 07 22 50 02
-4.91124692E-01 2021 02 07 22 55 02
-4.63972756E-01 2021 02 07 23 00 02
-4.82932291E-01 2021 02 07 23 05 03
-5.71353228E-01 2021 02 07 23 10 02
-5.15543997E-01 2021 02 07 23 15 02
-4.05038512E-01 2021 02 07 23 20 02
-3.64140228E-01 2021 02 07 23 25 02
-4.55511530E-01 2021 02 07 23 30 03
-3.86427760E-01 2021 02 07 23 35 02
-3.80391249E-01 2021 02 07 23 40 02
-4.11794871E-01 2021 02 07 23 45 02
-3.59206763E-01 2021 02 07 23 50 02
-3.80772779E-01 2021 02 07 23 55 02
