-7.31986662E-01 2021 02 27 00 00 02
-5.80635984E-01 2021 02 27 00 05 02
-3.76353459E-01 2021 02 27 00 10 02
-3.62438239E-01 2021 02 27 00 15 03
-5.19556328E-01 2021 02 27 00 20 02
-6.06747339E-01 2021 02 27 00 25 02
-7.65180095E-01 2021 02 27 00 30 02
-6.90271265E-01 2021 02 27 00 35 02
-6.72090916E-01 2021 02 27 00 40 02
-7.64632790E-01 2021 02 27 00 45 02
-6.35901643E-01 2021 02 27 00 50 03
-7.36779691E-01 2021 02 27 00 55 02
-6.80138666E-01 2021 02 27 01 00 02
-6.22884525E-01 2021 02 27 01 05 02
-6.42135789E-01 2021 02 27 01 10 02
-7.53733613E-01 2021 02 27 01 15 02
-5.70610499E-01 2021 02 27 01 20 02
-7.10882194E-01 2021 02 27 01 25 02
-6.54452822E-01 2021 02 27 01 30 02
-3.94109958E-01 2021 02 27 01 35 02
-5.46779569E-01 2021 02 27 01 40 02
-4.86164699E-01 2021 02 27 01 45 02
-3.80451256E-01 2021 02 27 01 50 03
-6.00321820E-01 2021 02 27 01 55 02
-3.59368828E-01 2021 02 27 02 00 02
-4.34527664E-01 2021 02 27 02 05 02
-5.46095949E-01 2021 02 27 02 10 02
-4.17064876E-01 2021 02 27 02 15 03
-2.86153372E-01 2021 02 27 02 20 02
-3.36924305E-01 2021 02 27 02 25 02
-3.57232395E-01 2021 02 27 02 30 02
-3.62835114E-01 2021 02 27 02 35 02
-3.15112682E-01 2021 02 27 02 40 02
-3.45917090E-01 2021 02 27 02 45 02
-2.62518036E-01 2021 02 27 02 50 02
-5.02417986E-02 2021 02 27 02 55 02
+9.21467742E-02 2021 02 27 03 00 02
+1.09235977E+00 2021 02 27 03 05 02
+4.45462563E-01 2021 02 27 03 10 02
-2.22215383E-01 2021 02 27 03 15 03
+2.29338047E-01 2021 02 27 03 20 02
+1.71793772E-01 2021 02 27 03 25 02
+1.42065817E-01 2021 02 27 03 30 02
+9.08846269E-02 2021 02 27 03 35 02
+4.58652684E-02 2021 02 27 03 40 03
+8.84487296E-03 2021 02 27 03 45 02
+3.84943307E-02 2021 02 27 03 50 02
+4.58441405E-02 2021 02 27 03 55 02
+2.20774205E-02 2021 02 27 04 00 02
+1.57561213E-01 2021 02 27 04 05 02
+1.84772036E-01 2021 02 27 04 10 02
+2.52290835E-01 2021 02 27 04 15 02
+2.94023654E-01 2021 02 27 04 20 02
+3.28695370E-01 2021 02 27 04 25 02
+3.44134810E-01 2021 02 27 04 30 02
+3.32163506E-01 2021 02 27 04 35 02
+3.63846719E-01 2021 02 27 04 40 02
+3.89625906E-01 2021 02 27 04 45 02
+3.81276312E-01 2021 02 27 04 50 02
+3.93621579E-01 2021 02 27 04 55 02
+4.28602325E-01 2021 02 27 05 00 02
+4.46020166E-01 2021 02 27 05 05 03
+5.06342059E-01 2021 02 27 05 10 02
+5.07882747E-01 2021 02 27 05 15 02
+4.50960523E-01 2021 02 27 05 20 02
+5.50102914E-01 2021 02 27 05 25 02
+5.56788342E-01 2021 02 27 05 30 03
+5.76151991E-01 2021 02 27 05 35 02
+5.70619122E-01 2021 02 27 05 40 02
+5.87261905E-01 2021 02 27 05 45 02
+5.89043853E-01 2021 02 27 05 50 02
+6.14559455E-01 2021 02 27 05 55 02
+6.36718816E-01 2021 02 27 06 00 02
+5.80489431E-01 2021 02 27 06 05 02
+5.20130037E-01 2021 02 27 06 10 02
+5.68570707E-01 2021 02 27 06 15 02
+8.56597766E-01 2021 02 27 06 20 02
+7.38012801E-01 2021 02 27 06 25 02
+6.69818120E-01 2021 02 27 06 30 03
+6.05430144E-01 2021 02 27 06 35 02
+5.75680301E-01 2021 02 27 06 40 02
+5.15899206E-01 2021 02 27 06 45 02
+4.30611306E-01 2021 02 27 06 50 02
+4.86850709E-01 2021 02 27 06 55 03
+5.52649334E-01 2021 02 27 07 00 02
+5.28939491E-01 2021 02 27 07 05 02
+6.01405772E-01 2021 02 27 07 10 02
+4.98296916E-01 2021 02 27 07 15 02
+5.96206788E-01 2021 02 27 07 20 02
+5.36906001E-01 2021 02 27 07 25 02
+4.96378908E-01 2021 02 27 07 30 02
+5.37433007E-01 2021 02 27 07 35 02
+5.15950957E-01 2021 02 27 07 40 02
+4.45652451E-01 2021 02 27 07 45 02
+4.31718291E-01 2021 02 27 07 50 02
+5.17144267E-01 2021 02 27 07 55 03
+4.30878671E-01 2021 02 27 08 00 02
+2.37798308E-01 2021 02 27 08 05 02
+3.60266415E-01 2021 02 27 08 10 02
+2.33359587E-01 2021 02 27 08 15 02
+3.22486064E-01 2021 02 27 08 20 02
+2.33946760E-01 2021 02 27 08 25 02
+1.73295949E-01 2021 02 27 08 30 02
+1.61162224E-01 2021 02 27 08 35 02
+4.68945036E-02 2021 02 27 08 40 02
+4.07786753E-02 2021 02 27 08 45 02
+8.00042565E-02 2021 02 27 08 50 02
+7.38047799E-02 2021 02 27 08 55 02
+2.49505007E-02 2021 02 27 09 00 02
-7.04368338E-02 2021 02 27 09 05 02
-4.97061879E-03 2021 02 27 09 10 02
-1.89883678E-01 2021 02 27 09 15 02
-2.02387507E-01 2021 02 27 09 20 03
-1.11329652E-01 2021 02 27 09 25 02
-1.35338552E-01 2021 02 27 09 30 02
-1.67986392E-01 2021 02 27 09 35 02
-2.15705367E-01 2021 02 27 09 40 02
-2.63999768E-01 2021 02 27 09 45 02
-2.96706422E-01 2021 02 27 09 50 02
-3.25164420E-01 2021 02 27 09 55 02
-3.06836054E-01 2021 02 27 10 00 02
-3.20523664E-01 2021 02 27 10 05 02
-3.68379202E-01 2021 02 27 10 10 02
-3.82788848E-01 2021 02 27 10 15 02
-3.83533564E-01 2021 02 27 10 20 03
-5.31787008E-01 2021 02 27 10 25 02
-4.41458216E-01 2021 02 27 10 30 02
-5.02660097E-01 2021 02 27 10 35 02
-4.81577695E-01 2021 02 27 10 40 02
-5.45689346E-01 2021 02 27 10 45 03
-5.31957695E-01 2021 02 27 10 50 02
-4.49702159E-01 2021 02 27 10 55 02
-6.31214211E-01 2021 02 27 11 00 02
-5.72964639E-01 2021 02 27 11 05 02
-5.07606263E-01 2021 02 27 11 10 02
-5.63465986E-01 2021 02 27 11 15 02
-5.05353138E-01 2021 02 27 11 20 02
-5.84214575E-01 2021 02 27 11 25 02
-4.90696226E-01 2021 02 27 11 30 02
-5.64524173E-01 2021 02 27 11 35 02
-4.64912497E-01 2021 02 27 11 40 02
-5.58928959E-01 2021 02 27 11 45 02
-4.54079696E-01 2021 02 27 11 50 02
-4.35644432E-01 2021 02 27 11 55 02
-4.76466347E-01 2021 02 27 12 00 02
-4.82916112E-01 2021 02 27 12 05 02
-4.92345084E-01 2021 02 27 12 10 03
-4.37898697E-01 2021 02 27 12 15 02
-4.41734566E-01 2021 02 27 12 20 02
-3.82951876E-01 2021 02 27 12 25 02
-4.64193600E-01 2021 02 27 12 30 02
-5.05634453E-01 2021 02 27 12 35 02
-4.47234196E-01 2021 02 27 12 40 02
-3.63808202E-01 2021 02 27 12 45 02
-4.30584080E-01 2021 02 27 12 50 02
-4.37581175E-01 2021 02 27 12 55 02
-4.19123895E-01 2021 02 27 13 00 02
-6.02942093E-01 2021 02 27 13 05 02
-4.24419149E-01 2021 02 27 13 10 02
-3.93627317E-01 2021 02 27 13 15 02
-4.21428445E-01 2021 02 27 13 20 02
-4.25946946E-01 2021 02 27 13 25 02
-3.73524698E-01 2021 02 27 13 30 02
-3.92064517E-01 2021 02 27 13 35 02
-2.70693311E-01 2021 02 27 13 40 02
-4.51689558E-01 2021 02 27 13 45 02
-4.79261243E-01 2021 02 27 13 50 02
-3.48048031E-01 2021 02 27 13 55 02
-2.88389156E-01 2021 02 27 14 00 02
-3.02167154E-01 2021 02 27 14 05 02
-4.28498618E-01 2021 02 27 14 10 03
-3.06218229E-01 2021 02 27 14 15 02
-4.27601633E-01 2021 02 27 14 20 02
-4.79919450E-01 2021 02 27 14 25 02
-3.60874452E-01 2021 02 27 14 30 02
-4.33508993E-01 2021 02 27 14 35 02
-4.91863752E-01 2021 02 27 14 40 02
-4.17031182E-01 2021 02 27 14 45 02
-3.62808688E-01 2021 02 27 14 50 02
-3.10805522E-01 2021 02 27 14 55 02
-3.51646855E-01 2021 02 27 15 00 02
-4.07168788E-01 2021 02 27 15 05 02
-3.45686477E-01 2021 02 27 15 10 03
-3.07608711E-01 2021 02 27 15 15 02
-2.36599669E-01 2021 02 27 15 20 02
-2.21600332E-01 2021 02 27 15 25 02
-3.27211366E-01 2021 02 27 15 30 02
-3.14557234E-01 2021 02 27 15 35 02
-2.61143938E-01 2021 02 27 15 40 02
-3.19041709E-01 2021 02 27 15 45 02
-3.21175602E-01 2021 02 27 15 50 02
-3.21676077E-01 2021 02 27 15 55 02
-2.48750580E-01 2021 02 27 16 00 02
-1.54717967E-01 2021 02 27 16 05 02
-2.43084309E-01 2021 02 27 16 10 02
-1.91325247E-01 2021 02 27 16 15 02
-1.18184027E-01 2021 02 27 16 20 02
-1.51957993E-01 2021 02 27 16 25 02
-7.98110995E-02 2021 02 27 16 30 02
-4.28670472E-02 2021 02 27 16 35 03
-1.46298157E-01 2021 02 27 16 40 02
-1.17329083E-02 2021 02 27 16 45 02
-1.33916532E-01 2021 02 27 16 50 02
-1.01624669E-01 2021 02 27 16 55 02
+4.16806061E-02 2021 02 27 17 00 03
+8.65130767E-02 2021 02 27 17 05 02
+1.77310230E-02 2021 02 27 17 10 02
+4.61219041E-02 2021 02 27 17 15 02
+1.48708977E-01 2021 02 27 17 20 02
-3.06740266E-03 2021 02 27 17 25 02
+9.32813192E-02 2021 02 27 17 30 02
+1.04467627E-01 2021 02 27 17 35 02
+2.22068764E-02 2021 02 27 17 40 02
+1.24205418E-01 2021 02 27 17 45 02
+4.93862473E-02 2021 02 27 17 50 02
+2.77836296E-01 2021 02 27 17 55 02
+7.75015884E-02 2021 02 27 18 00 03
+1.58197918E-01 2021 02 27 18 05 02
+9.27012194E-02 2021 02 27 18 10 02
+1.58760941E-01 2021 02 27 18 15 02
+2.21767953E-01 2021 02 27 18 20 02
+1.69966130E-01 2021 02 27 18 25 03
+1.76776904E-01 2021 02 27 18 30 02
+1.99849977E-01 2021 02 27 18 35 02
+1.71955175E-01 2021 02 27 18 40 02
+2.77651895E-01 2021 02 27 18 45 02
+2.37188324E-01 2021 02 27 18 50 02
+1.83800990E-01 2021 02 27 18 55 02
+1.67845419E-01 2021 02 27 19 00 02
+1.72924036E-01 2021 02 27 19 05 02
+1.43478897E-01 2021 02 27 19 10 02
+1.88933168E-01 2021 02 27 19 15 02
+1.61280849E-01 2021 02 27 19 20 02
+1.84796251E-01 2021 02 27 19 25 03
+1.25370693E-01 2021 02 27 19 30 02
+1.25601888E-01 2021 02 27 19 35 02
+1.33296531E-01 2021 02 27 19 40 02
+1.52565062E-01 2021 02 27 19 45 02
+9.98682557E-02 2021 02 27 19 50 02
+1.37677541E-01 2021 02 27 19 55 02
+7.08809971E-02 2021 02 27 20 00 02
+7.40350550E-02 2021 02 27 20 05 02
+5.39301560E-02 2021 02 27 20 10 02
+5.02173213E-02 2021 02 27 20 15 02
+7.39301741E-02 2021 02 27 20 20 02
-2.26284510E-02 2021 02 27 20 25 02
-1.26739441E-02 2021 02 27 20 30 02
+1.16715887E-01 2021 02 27 20 35 02
-2.10575777E-02 2021 02 27 20 40 02
-9.38001278E-02 2021 02 27 20 45 02
-1.10178755E-01 2021 02 27 20 50 03
-1.99264590E-01 2021 02 27 20 55 02
-1.86890513E-01 2021 02 27 21 00 02
-2.37712655E-01 2021 02 27 21 05 02
-2.00635977E-01 2021 02 27 21 10 02
-1.34069186E-01 2021 02 27 21 15 02
-2.24141235E-01 2021 02 27 21 20 02
-3.45788307E-01 2021 02 27 21 25 02
-3.27702780E-01 2021 02 27 21 30 02
-3.89436864E-01 2021 02 27 21 35 02
-4.19019858E-01 2021 02 27 21 40 02
-4.29979328E-01 2021 02 27 21 45 02
-4.26930150E-01 2021 02 27 21 50 02
-3.51506256E-01 2021 02 27 21 55 02
-4.53019054E-01 2021 02 27 22 00 02
-4.30690615E-01 2021 02 27 22 05 02
-4.65734920E-01 2021 02 27 22 10 02
-5.59008820E-01 2021 02 27 22 15 02
-5.82989948E-01 2021 02 27 22 20 02
-6.03124036E-01 2021 02 27 22 25 02
-6.48626380E-01 2021 02 27 22 30 02
-6.55509758E-01 2021 02 27 22 35 02
-5.29848579E-01 2021 02 27 22 40 03
-7.01698170E-01 2021 02 27 22 45 02
-6.89319186E-01 2021 02 27 22 50 02
-6.33461813E-01 2021 02 27 22 55 02
-6.76457905E-01 2021 02 27 23 00 02
-7.03032208E-01 2021 02 27 23 05 03
-6.24532144E-01 2021 02 27 23 10 02
-5.61321350E-01 2021 02 27 23 15 02
-6.20529790E-01 2021 02 27 23 20 02
-6.82995437E-01 2021 02 27 23 25 02
-7.16381860E-01 2021 02 27 23 30 02
-8.27277444E-01 2021 02 27 23 35 02
-8.75588379E-01 2021 02 27 23 40 02
-9.21940677E-01 2021 02 27 23 45 02
-1.02521028E+00 2021 02 27 23 50 02
-9.48984408E-01 2021 02 27 23 55 02
