-8.51350583E-01 2021 02 26 00 00 02
-9.23331348E-01 2021 02 26 00 05 02
-8.46958436E-01 2021 02 26 00 10 02
-9.05503427E-01 2021 02 26 00 15 02
-7.80284120E-01 2021 02 26 00 20 02
-8.24741980E-01 2021 02 26 00 25 02
-8.04496150E-01 2021 02 26 00 30 02
-7.92099802E-01 2021 02 26 00 35 02
-8.07945341E-01 2021 02 26 00 40 02
-8.12382869E-01 2021 02 26 00 45 02
-7.66059525E-01 2021 02 26 00 50 02
-8.82417758E-01 2021 02 26 00 55 02
-7.43681663E-01 2021 02 26 01 00 02
-7.67030655E-01 2021 02 26 01 05 02
-7.61881324E-01 2021 02 26 01 10 02
-8.36992483E-01 2021 02 26 01 15 02
-8.14820571E-01 2021 02 26 01 20 02
-7.03360664E-01 2021 02 26 01 25 03
-6.81857850E-01 2021 02 26 01 30 02
-5.64397257E-01 2021 02 26 01 35 02
-3.45988255E-01 2021 02 26 01 40 02
-2.96754903E-01 2021 02 26 01 45 02
-3.48247990E-01 2021 02 26 01 50 03
-5.13280127E-01 2021 02 26 01 55 02
-6.15181888E-01 2021 02 26 02 00 02
-6.21220709E-01 2021 02 26 02 05 02
-6.11185062E-01 2021 02 26 02 10 02
-3.35949722E-01 2021 02 26 02 15 03
-1.15831502E-01 2021 02 26 02 20 02
+1.73593817E-02 2021 02 26 02 25 02
+2.06279476E-02 2021 02 26 02 30 02
-7.68979870E-02 2021 02 26 02 35 02
-1.29554608E-01 2021 02 26 02 40 02
-1.10462707E-01 2021 02 26 02 45 02
-9.75609712E-02 2021 02 26 02 50 02
-9.41383914E-02 2021 02 26 02 55 02
-7.19039535E-02 2021 02 26 03 00 02
-1.16236453E-01 2021 02 26 03 05 02
-1.86682199E-01 2021 02 26 03 10 02
-2.57593646E-01 2021 02 26 03 15 03
-2.87839743E-01 2021 02 26 03 20 02
-3.99288168E-01 2021 02 26 03 25 02
-3.89385594E-01 2021 02 26 03 30 02
-3.38378180E-01 2021 02 26 03 35 02
-3.45918888E-01 2021 02 26 03 40 03
-3.48386802E-01 2021 02 26 03 45 02
-3.11895072E-01 2021 02 26 03 50 02
-2.46720834E-01 2021 02 26 03 55 02
-2.03960842E-01 2021 02 26 04 00 02
-1.34572723E-01 2021 02 26 04 05 02
-2.45619743E-02 2021 02 26 04 10 02
+2.08291875E-02 2021 02 26 04 15 02
+1.05164687E-01 2021 02 26 04 20 02
+1.96226088E-01 2021 02 26 04 25 02
+1.86971831E-01 2021 02 26 04 30 02
+1.95146422E-01 2021 02 26 04 35 02
+2.16897642E-01 2021 02 26 04 40 03
+3.61438661E-01 2021 02 26 04 45 02
+3.64970879E-01 2021 02 26 04 50 02
+2.87899442E-01 2021 02 26 04 55 02
+3.19923061E-01 2021 02 26 05 00 02
+2.89222356E-01 2021 02 26 05 05 02
+2.93219993E-01 2021 02 26 05 10 02
+2.55639340E-01 2021 02 26 05 15 02
+3.49146897E-01 2021 02 26 05 20 02
+2.75821032E-01 2021 02 26 05 25 02
+2.01174429E-01 2021 02 26 05 30 02
+2.95986705E-01 2021 02 26 05 35 02
+3.52790689E-01 2021 02 26 05 40 03
+3.62074298E-01 2021 02 26 05 45 02
+3.91850209E-01 2021 02 26 05 50 02
+4.57496464E-01 2021 02 26 05 55 02
+6.00067258E-01 2021 02 26 06 00 02
+5.74147284E-01 2021 02 26 06 05 03
+6.68311596E-01 2021 02 26 06 10 02
+4.77094727E-01 2021 02 26 06 15 02
+3.84819618E-01 2021 02 26 06 20 02
+3.57776358E-01 2021 02 26 06 25 02
+3.48623658E-01 2021 02 26 06 30 02
+4.06403387E-01 2021 02 26 06 35 02
+3.32030615E-01 2021 02 26 06 40 02
+2.51704075E-01 2021 02 26 06 45 02
+1.58286524E-01 2021 02 26 06 50 02
+2.97007021E-01 2021 02 26 06 55 02
+2.58089668E-01 2021 02 26 07 00 02
+3.01462518E-01 2021 02 26 07 05 02
+2.10371165E-01 2021 02 26 07 10 02
+1.50296767E-01 2021 02 26 07 15 02
+1.61644650E-01 2021 02 26 07 20 02
+2.09125497E-01 2021 02 26 07 25 02
+1.35459032E-01 2021 02 26 07 30 03
+3.60344613E-02 2021 02 26 07 35 02
-1.24571434E-01 2021 02 26 07 40 02
-6.35865013E-02 2021 02 26 07 45 02
-4.17760905E-02 2021 02 26 07 50 02
+5.58807646E-02 2021 02 26 07 55 02
-1.07514417E-02 2021 02 26 08 00 02
+1.36168869E-02 2021 02 26 08 05 02
-1.44313623E-01 2021 02 26 08 10 02
-1.18942186E-01 2021 02 26 08 15 02
-2.25276183E-01 2021 02 26 08 20 02
-1.65596998E-01 2021 02 26 08 25 02
-1.42790070E-01 2021 02 26 08 30 03
-1.95710618E-01 2021 02 26 08 35 02
-1.23963350E-01 2021 02 26 08 40 02
-1.34559632E-01 2021 02 26 08 45 02
-1.37207460E-01 2021 02 26 08 50 02
-2.17987131E-01 2021 02 26 08 55 03
-3.74873180E-01 2021 02 26 09 00 02
-3.45383815E-01 2021 02 26 09 05 02
-2.83365457E-01 2021 02 26 09 10 02
-3.04479386E-01 2021 02 26 09 15 02
-4.12501067E-01 2021 02 26 09 20 02
-3.78828446E-01 2021 02 26 09 25 02
-5.12763452E-01 2021 02 26 09 30 02
-4.46830423E-01 2021 02 26 09 35 02
-5.36025894E-01 2021 02 26 09 40 02
-5.27890890E-01 2021 02 26 09 45 02
-5.48979121E-01 2021 02 26 09 50 02
-4.97136143E-01 2021 02 26 09 55 03
-6.06372272E-01 2021 02 26 10 00 02
-5.21996849E-01 2021 02 26 10 05 02
-5.87510064E-01 2021 02 26 10 10 02
-5.47634891E-01 2021 02 26 10 15 02
-5.67770014E-01 2021 02 26 10 20 03
-6.23312960E-01 2021 02 26 10 25 02
-5.52500713E-01 2021 02 26 10 30 02
-6.75610221E-01 2021 02 26 10 35 02
-7.13686610E-01 2021 02 26 10 40 02
-6.30003155E-01 2021 02 26 10 45 02
-5.43729000E-01 2021 02 26 10 50 02
-6.00015425E-01 2021 02 26 10 55 02
-6.59783961E-01 2021 02 26 11 00 02
-6.75296666E-01 2021 02 26 11 05 02
-7.75849950E-01 2021 02 26 11 10 02
-6.48447345E-01 2021 02 26 11 15 02
-6.29613012E-01 2021 02 26 11 20 03
-6.05417407E-01 2021 02 26 11 25 02
-6.31953612E-01 2021 02 26 11 30 02
-6.62362763E-01 2021 02 26 11 35 02
-6.73195622E-01 2021 02 26 11 40 02
-7.25340048E-01 2021 02 26 11 45 03
-6.84189345E-01 2021 02 26 11 50 02
-7.78438418E-01 2021 02 26 11 55 02
-7.01163951E-01 2021 02 26 12 00 02
-6.87592720E-01 2021 02 26 12 05 02
-6.33779376E-01 2021 02 26 12 10 02
-5.35981052E-01 2021 02 26 12 15 02
-6.08177111E-01 2021 02 26 12 20 02
-5.12761003E-01 2021 02 26 12 25 02
-5.47634096E-01 2021 02 26 12 30 02
-5.31239908E-01 2021 02 26 12 35 02
-5.99237515E-01 2021 02 26 12 40 02
-5.93284027E-01 2021 02 26 12 45 02
-5.88841439E-01 2021 02 26 12 50 02
-6.00981037E-01 2021 02 26 12 55 02
-4.76714371E-01 2021 02 26 13 00 02
-4.39391293E-01 2021 02 26 13 05 02
-2.99705049E-01 2021 02 26 13 10 03
-3.33870609E-01 2021 02 26 13 15 02
-3.84027949E-01 2021 02 26 13 20 02
-2.97838253E-01 2021 02 26 13 25 02
-4.86627871E-01 2021 02 26 13 30 02
-3.69217883E-01 2021 02 26 13 35 02
-3.60417874E-01 2021 02 26 13 40 02
-2.88765074E-01 2021 02 26 13 45 02
-1.09557807E-01 2021 02 26 13 50 02
-1.66363650E-01 2021 02 26 13 55 02
-1.85765498E-01 2021 02 26 14 00 02
-3.32156556E-01 2021 02 26 14 05 02
-2.11662971E-01 2021 02 26 14 10 02
-2.50668985E-01 2021 02 26 14 15 02
-1.36610107E-01 2021 02 26 14 20 02
-1.86365715E-01 2021 02 26 14 25 02
-1.46688083E-01 2021 02 26 14 30 02
-5.02916399E-02 2021 02 26 14 35 02
-2.36117017E-01 2021 02 26 14 40 02
-2.32288953E-01 2021 02 26 14 45 02
-2.74015285E-01 2021 02 26 14 50 02
-7.07748483E-02 2021 02 26 14 55 02
-1.16481967E-01 2021 02 26 15 00 03
-1.58746201E-01 2021 02 26 15 05 02
-1.14164946E-01 2021 02 26 15 10 02
-5.21576513E-02 2021 02 26 15 15 02
-4.47614610E-02 2021 02 26 15 20 02
-7.80618147E-02 2021 02 26 15 25 02
-3.99456838E-02 2021 02 26 15 30 02
-5.06236700E-02 2021 02 26 15 35 02
-4.70967465E-02 2021 02 26 15 40 02
-2.62186796E-02 2021 02 26 15 45 02
-6.35860623E-02 2021 02 26 15 50 02
-5.99507431E-03 2021 02 26 15 55 02
-1.08047730E-02 2021 02 26 16 00 03
+1.75631240E-02 2021 02 26 16 05 02
+4.89942707E-03 2021 02 26 16 10 02
-7.99877641E-03 2021 02 26 16 15 02
+8.00485537E-02 2021 02 26 16 20 02
+3.23715968E-03 2021 02 26 16 25 02
-1.55481115E-02 2021 02 26 16 30 02
+5.47733380E-02 2021 02 26 16 35 03
+1.37375495E-02 2021 02 26 16 40 02
+3.34597851E-02 2021 02 26 16 45 02
+1.75565966E-02 2021 02 26 16 50 02
+1.66631190E-02 2021 02 26 16 55 02
-6.47918477E-02 2021 02 26 17 00 03
+1.92555778E-02 2021 02 26 17 05 02
-2.78983783E-02 2021 02 26 17 10 02
-8.69774513E-04 2021 02 26 17 15 02
-1.28249149E-02 2021 02 26 17 20 02
-1.25313820E-02 2021 02 26 17 25 03
+7.69030250E-02 2021 02 26 17 30 02
+3.93322515E-02 2021 02 26 17 35 02
+1.60164854E-02 2021 02 26 17 40 02
+1.13438395E-01 2021 02 26 17 45 02
+9.94203499E-02 2021 02 26 17 50 02
+3.68034749E-02 2021 02 26 17 55 02
+6.78170646E-02 2021 02 26 18 00 02
+6.14673586E-02 2021 02 26 18 05 02
+1.90430322E-01 2021 02 26 18 10 02
+1.40950834E-01 2021 02 26 18 15 02
+1.02128036E-01 2021 02 26 18 20 02
+5.28061834E-02 2021 02 26 18 25 03
+3.96651711E-02 2021 02 26 18 30 02
+5.64085010E-02 2021 02 26 18 35 02
+5.60673702E-02 2021 02 26 18 40 02
+1.67104491E-01 2021 02 26 18 45 02
+1.39807995E-01 2021 02 26 18 50 03
+1.36066124E-01 2021 02 26 18 55 02
-5.13983873E-02 2021 02 26 19 00 02
-6.17983085E-02 2021 02 26 19 05 02
-1.55983313E-01 2021 02 26 19 10 02
-2.39937762E-02 2021 02 26 19 15 02
-9.14453300E-02 2021 02 26 19 20 02
-7.84847281E-02 2021 02 26 19 25 02
-7.42003141E-02 2021 02 26 19 30 02
-6.71691848E-02 2021 02 26 19 35 02
-1.94876340E-01 2021 02 26 19 40 02
-2.36593573E-01 2021 02 26 19 45 02
-1.75867733E-01 2021 02 26 19 50 02
-1.80645536E-01 2021 02 26 19 55 02
-1.36106471E-01 2021 02 26 20 00 02
-9.01614129E-02 2021 02 26 20 05 02
-7.00006293E-02 2021 02 26 20 10 02
-2.21519115E-03 2021 02 26 20 15 03
-2.53977427E-02 2021 02 26 20 20 02
-4.23221847E-02 2021 02 26 20 25 02
+7.92254556E-02 2021 02 26 20 30 02
+6.61788880E-02 2021 02 26 20 35 02
-9.84527408E-02 2021 02 26 20 40 03
-1.19029733E-01 2021 02 26 20 45 02
-1.40544158E-01 2021 02 26 20 50 02
-1.92342187E-01 2021 02 26 20 55 02
-1.80306091E-01 2021 02 26 21 00 02
-2.39674070E-01 2021 02 26 21 05 02
-1.89430926E-01 2021 02 26 21 10 02
-1.74412770E-01 2021 02 26 21 15 02
-3.35369771E-01 2021 02 26 21 20 02
-4.19298269E-01 2021 02 26 21 25 02
-4.21862257E-01 2021 02 26 21 30 02
-3.81096576E-01 2021 02 26 21 35 02
-3.60344933E-01 2021 02 26 21 40 02
-5.15939949E-01 2021 02 26 21 45 02
-5.14281021E-01 2021 02 26 21 50 02
-4.25215351E-01 2021 02 26 21 55 02
-5.65412361E-01 2021 02 26 22 00 02
-5.46679933E-01 2021 02 26 22 05 03
-5.85307304E-01 2021 02 26 22 10 02
-7.46424336E-01 2021 02 26 22 15 02
-7.29077373E-01 2021 02 26 22 20 02
-7.62933607E-01 2021 02 26 22 25 02
-6.89957389E-01 2021 02 26 22 30 03
-6.34910949E-01 2021 02 26 22 35 02
-7.24094527E-01 2021 02 26 22 40 02
-8.50763865E-01 2021 02 26 22 45 02
-8.50639970E-01 2021 02 26 22 50 02
-9.22438198E-01 2021 02 26 22 55 02
-9.45172553E-01 2021 02 26 23 00 02
-9.54336008E-01 2021 02 26 23 05 02
-9.43309353E-01 2021 02 26 23 10 02
-9.79126080E-01 2021 02 26 23 15 02
-7.49290790E-01 2021 02 26 23 20 02
-5.50503019E-01 2021 02 26 23 25 02
-7.15203869E-01 2021 02 26 23 30 03
-8.20053163E-01 2021 02 26 23 35 02
-6.62523929E-01 2021 02 26 23 40 02
-8.16976868E-01 2021 02 26 23 45 02
-9.19281658E-01 2021 02 26 23 50 02
-8.66987462E-01 2021 02 26 23 55 02
