-6.22982840E-01 2021 02 03 00 00 02
-5.77008273E-01 2021 02 03 00 05 02
-4.33367116E-01 2021 02 03 00 10 02
-4.15871360E-01 2021 02 03 00 15 03
-3.47437147E-01 2021 02 03 00 20 02
-2.64664744E-01 2021 02 03 00 25 02
-2.14236829E-01 2021 02 03 00 30 02
-1.06244138E-01 2021 02 03 00 35 02
-7.91349303E-02 2021 02 03 00 40 03
-8.89446570E-02 2021 02 03 00 45 02
-5.80610480E-02 2021 02 03 00 50 02
-1.49059314E-01 2021 02 03 00 55 02
-2.56954871E-01 2021 02 03 01 00 02
-3.94318040E-01 2021 02 03 01 05 02
-4.20819899E-01 2021 02 03 01 10 02
-4.98195062E-01 2021 02 03 01 15 02
-4.80162504E-01 2021 02 03 01 20 02
-6.02070754E-01 2021 02 03 01 25 02
-7.26026311E-01 2021 02 03 01 30 02
-5.90532818E-01 2021 02 03 01 35 02
-6.83096070E-01 2021 02 03 01 40 02
-5.23687909E-01 2021 02 03 01 45 02
-5.80188061E-01 2021 02 03 01 50 02
-6.99955360E-01 2021 02 03 01 55 02
-7.07273596E-01 2021 02 03 02 00 02
-7.22821092E-01 2021 02 03 02 05 03
-8.61271104E-01 2021 02 03 02 10 02
-8.67306043E-01 2021 02 03 02 15 02
-7.53090140E-01 2021 02 03 02 20 02
-7.10615818E-01 2021 02 03 02 25 02
-6.78088447E-01 2021 02 03 02 30 02
-6.93195247E-01 2021 02 03 02 35 02
-6.93793704E-01 2021 02 03 02 40 02
-7.46039814E-01 2021 02 03 02 45 02
-7.36332733E-01 2021 02 03 02 50 02
-7.74443834E-01 2021 02 03 02 55 02
-7.34279902E-01 2021 02 03 03 00 02
-8.35296896E-01 2021 02 03 03 05 02
-9.00055483E-01 2021 02 03 03 10 02
-8.18735844E-01 2021 02 03 03 15 02
-7.47423593E-01 2021 02 03 03 20 02
-8.72966977E-01 2021 02 03 03 25 02
-8.80116030E-01 2021 02 03 03 30 03
-8.09617895E-01 2021 02 03 03 35 02
-8.33349394E-01 2021 02 03 03 40 02
-8.75430150E-01 2021 02 03 03 45 02
-9.27193058E-01 2021 02 03 03 50 02
-8.98645271E-01 2021 02 03 03 55 02
-8.62029294E-01 2021 02 03 04 00 02
-8.40134146E-01 2021 02 03 04 05 02
-8.74587395E-01 2021 02 03 04 10 02
-8.69582036E-01 2021 02 03 04 15 02
-8.86626287E-01 2021 02 03 04 20 02
-9.38786128E-01 2021 02 03 04 25 02
-9.05661728E-01 2021 02 03 04 30 02
-8.40178849E-01 2021 02 03 04 35 02
-8.84437259E-01 2021 02 03 04 40 02
-9.47218921E-01 2021 02 03 04 45 02
-8.26911038E-01 2021 02 03 04 50 02
-8.68995470E-01 2021 02 03 04 55 03
-8.19379413E-01 2021 02 03 05 00 02
-8.78953264E-01 2021 02 03 05 05 02
-8.79513954E-01 2021 02 03 05 10 02
-7.51474829E-01 2021 02 03 05 15 02
-7.58673482E-01 2021 02 03 05 20 02
-8.60036525E-01 2021 02 03 05 25 02
-7.94864941E-01 2021 02 03 05 30 02
-7.43186148E-01 2021 02 03 05 35 02
-6.57560735E-01 2021 02 03 05 40 02
-6.76735586E-01 2021 02 03 05 45 02
-6.19494228E-01 2021 02 03 05 50 02
-6.06751030E-01 2021 02 03 05 55 03
-5.58473221E-01 2021 02 03 06 00 02
-6.27966902E-01 2021 02 03 06 05 02
-5.21052650E-01 2021 02 03 06 10 02
-4.72545353E-01 2021 02 03 06 15 02
-5.36263423E-01 2021 02 03 06 20 02
-5.17556043E-01 2021 02 03 06 25 02
-5.37021518E-01 2021 02 03 06 30 02
-4.42712564E-01 2021 02 03 06 35 02
-4.71777470E-01 2021 02 03 06 40 02
-4.67983906E-01 2021 02 03 06 45 02
-5.10067601E-01 2021 02 03 06 50 02
-4.48385405E-01 2021 02 03 06 55 03
-3.96112229E-01 2021 02 03 07 00 02
-3.95873769E-01 2021 02 03 07 05 02
-4.76927031E-01 2021 02 03 07 10 02
-4.63023269E-01 2021 02 03 07 15 02
-3.65055921E-01 2021 02 03 07 20 03
-2.78965170E-01 2021 02 03 07 25 02
-3.97059034E-01 2021 02 03 07 30 02
-5.04779350E-01 2021 02 03 07 35 02
-6.29330179E-01 2021 02 03 07 40 02
-3.68950590E-01 2021 02 03 07 45 02
-2.90242507E-01 2021 02 03 07 50 02
-3.59651082E-01 2021 02 03 07 55 02
-3.09622923E-01 2021 02 03 08 00 02
-2.45265342E-01 2021 02 03 08 05 02
-3.15374021E-01 2021 02 03 08 10 02
-2.75360530E-01 2021 02 03 08 15 02
-3.29080166E-01 2021 02 03 08 20 02
-3.62455357E-01 2021 02 03 08 25 02
-2.50368565E-01 2021 02 03 08 30 02
-2.54563144E-01 2021 02 03 08 35 02
-3.01070092E-01 2021 02 03 08 40 02
-1.64155189E-01 2021 02 03 08 45 03
-1.11121800E-01 2021 02 03 08 50 02
-1.34836826E-01 2021 02 03 08 55 02
-9.69168952E-02 2021 02 03 09 00 02
-6.47920574E-02 2021 02 03 09 05 02
-4.55604300E-02 2021 02 03 09 10 03
+2.67680660E-03 2021 02 03 09 15 02
-2.35355881E-01 2021 02 03 09 20 02
-8.34436741E-02 2021 02 03 09 25 02
-1.48447907E-01 2021 02 03 09 30 02
-1.63593590E-01 2021 02 03 09 35 03
-1.00321053E-01 2021 02 03 09 40 02
-1.27261020E-01 2021 02 03 09 45 02
-5.65503529E-02 2021 02 03 09 50 02
-3.09660817E-02 2021 02 03 09 55 02
-1.15636294E-01 2021 02 03 10 00 02
-6.96059581E-03 2021 02 03 10 05 02
+1.04060969E-01 2021 02 03 10 10 02
+2.29299124E-01 2021 02 03 10 15 02
+2.01999451E-01 2021 02 03 10 20 02
+9.03528811E-02 2021 02 03 10 25 02
-6.31328112E-03 2021 02 03 10 30 02
-2.01143706E-02 2021 02 03 10 35 03
+6.71007188E-02 2021 02 03 10 40 02
+8.49503595E-02 2021 02 03 10 45 02
+1.55228210E-01 2021 02 03 10 50 02
+1.56686331E-01 2021 02 03 10 55 02
+1.18158100E-01 2021 02 03 11 00 03
+7.63709627E-02 2021 02 03 11 05 02
+9.59224848E-02 2021 02 03 11 10 02
+1.47321041E-01 2021 02 03 11 15 02
+1.79224615E-01 2021 02 03 11 20 02
-1.42094473E-02 2021 02 03 11 25 02
+1.99223574E-01 2021 02 03 11 30 02
-4.79936064E-02 2021 02 03 11 35 02
+1.25741949E-01 2021 02 03 11 40 02
+3.33787589E-03 2021 02 03 11 45 02
+4.82829559E-02 2021 02 03 11 50 02
+1.13910234E-01 2021 02 03 11 55 02
+1.41306722E-01 2021 02 03 12 00 02
+1.27715957E-01 2021 02 03 12 05 02
+1.72232838E-01 2021 02 03 12 10 02
+1.43918160E-01 2021 02 03 12 15 02
+1.70542569E-01 2021 02 03 12 20 02
+1.05934774E-01 2021 02 03 12 25 03
+4.45962035E-02 2021 02 03 12 30 02
+1.68617542E-01 2021 02 03 12 35 02
+4.07491027E-02 2021 02 03 12 40 02
-1.45850459E-01 2021 02 03 12 45 02
-2.90153324E-02 2021 02 03 12 50 02
-8.75063172E-02 2021 02 03 12 55 02
-9.40075593E-02 2021 02 03 13 00 02
-9.61454023E-02 2021 02 03 13 05 02
-2.16149169E-01 2021 02 03 13 10 02
-2.01526353E-01 2021 02 03 13 15 02
-2.14334536E-01 2021 02 03 13 20 02
-2.76257669E-01 2021 02 03 13 25 03
-3.17040854E-01 2021 02 03 13 30 02
-3.74744076E-01 2021 02 03 13 35 02
-2.96339223E-01 2021 02 03 13 40 02
-3.41617356E-01 2021 02 03 13 45 02
-4.49989834E-01 2021 02 03 13 50 03
-3.38889187E-01 2021 02 03 13 55 02
-4.65967413E-01 2021 02 03 14 00 02
-4.56383943E-01 2021 02 03 14 05 02
-5.31709019E-01 2021 02 03 14 10 02
-4.24773635E-01 2021 02 03 14 15 02
-4.81441185E-01 2021 02 03 14 20 02
-5.78789693E-01 2021 02 03 14 25 02
-6.46970237E-01 2021 02 03 14 30 02
-6.58463856E-01 2021 02 03 14 35 02
-8.16360689E-01 2021 02 03 14 40 02
-6.72079310E-01 2021 02 03 14 45 02
-6.31354415E-01 2021 02 03 14 50 03
-6.51969113E-01 2021 02 03 14 55 02
-6.73523687E-01 2021 02 03 15 00 02
-7.84911194E-01 2021 02 03 15 05 02
-8.45209336E-01 2021 02 03 15 10 02
-8.55563763E-01 2021 02 03 15 15 03
-9.41789663E-01 2021 02 03 15 20 02
-9.55283644E-01 2021 02 03 15 25 02
-9.45996661E-01 2021 02 03 15 30 02
-9.92560607E-01 2021 02 03 15 35 02
-1.03336721E+00 2021 02 03 15 40 02
-1.01005328E+00 2021 02 03 15 45 02
-1.12449503E+00 2021 02 03 15 50 02
-1.21732895E+00 2021 02 03 15 55 02
-1.26895489E+00 2021 02 03 16 00 02
-1.09491371E+00 2021 02 03 16 05 02
-1.11410121E+00 2021 02 03 16 10 02
-1.21603481E+00 2021 02 03 16 15 03
-1.03992781E+00 2021 02 03 16 20 02
-1.02529007E+00 2021 02 03 16 25 02
-1.01671227E+00 2021 02 03 16 30 02
-1.04184402E+00 2021 02 03 16 35 02
-1.05035068E+00 2021 02 03 16 40 02
-8.52305193E-01 2021 02 03 16 45 02
-9.77306649E-01 2021 02 03 16 50 03
-8.51819138E-01 2021 02 03 16 55 02
-9.01401076E-01 2021 02 03 17 00 03
-9.99956083E-01 2021 02 03 17 05 02
-1.12288898E+00 2021 02 03 17 10 03
-1.07742074E+00 2021 02 03 17 15 02
-1.15541403E+00 2021 02 03 17 20 03
-1.16949039E+00 2021 02 03 17 25 02
-9.26687263E-01 2021 02 03 17 30 03
-8.22349419E-01 2021 02 03 17 35 02
-8.49548226E-01 2021 02 03 17 40 03
-7.75834398E-01 2021 02 03 17 45 02
-9.04890828E-01 2021 02 03 17 50 02
-8.14937370E-01 2021 02 03 17 55 02
-7.95022312E-01 2021 02 03 18 00 02
-7.53275542E-01 2021 02 03 18 05 03
-5.87227596E-01 2021 02 03 18 10 02
-6.87617723E-01 2021 02 03 18 15 02
-7.20356267E-01 2021 02 03 18 20 02
-6.00188146E-01 2021 02 03 18 25 02
-7.47967558E-01 2021 02 03 18 30 02
-6.64588978E-01 2021 02 03 18 35 02
-5.65369477E-01 2021 02 03 18 40 02
-5.34597761E-01 2021 02 03 18 45 02
-6.45334280E-01 2021 02 03 18 50 02
-6.33259671E-01 2021 02 03 18 55 02
-4.96737199E-01 2021 02 03 19 00 02
-6.22398279E-01 2021 02 03 19 05 03
-4.95849267E-01 2021 02 03 19 10 02
-5.39285565E-01 2021 02 03 19 15 02
-4.77086870E-01 2021 02 03 19 20 02
-5.13559413E-01 2021 02 03 19 25 02
-4.33820153E-01 2021 02 03 19 30 02
-4.26620215E-01 2021 02 03 19 35 02
-4.37998032E-01 2021 02 03 19 40 02
-4.07140390E-01 2021 02 03 19 45 02
-3.93882117E-01 2021 02 03 19 50 02
-4.09722576E-01 2021 02 03 19 55 02
-3.89456933E-01 2021 02 03 20 00 02
-3.89209717E-01 2021 02 03 20 05 02
-3.51496585E-01 2021 02 03 20 10 02
-3.33409926E-01 2021 02 03 20 15 02
-3.30399771E-01 2021 02 03 20 20 02
-3.93097613E-01 2021 02 03 20 25 02
-3.30342400E-01 2021 02 03 20 30 03
-3.17943964E-01 2021 02 03 20 35 02
-2.34868122E-01 2021 02 03 20 40 02
-2.86342507E-01 2021 02 03 20 45 02
-3.28711136E-01 2021 02 03 20 50 02
-2.46507205E-01 2021 02 03 20 55 03
-2.46642528E-01 2021 02 03 21 00 02
-3.74079327E-01 2021 02 03 21 05 02
-2.20721764E-01 2021 02 03 21 10 02
-2.46674621E-01 2021 02 03 21 15 02
-1.60689068E-01 2021 02 03 21 20 02
-2.68821137E-01 2021 02 03 21 25 02
-1.35151848E-01 2021 02 03 21 30 02
-1.47482066E-01 2021 02 03 21 35 02
-4.50083249E-02 2021 02 03 21 40 02
-5.12739510E-02 2021 02 03 21 45 02
-1.06833215E-01 2021 02 03 21 50 02
-7.64792474E-02 2021 02 03 21 55 03
-7.99580448E-02 2021 02 03 22 00 02
-8.41865141E-02 2021 02 03 22 05 02
-1.20512569E-01 2021 02 03 22 10 02
-7.81279978E-02 2021 02 03 22 15 02
-1.02217992E-01 2021 02 03 22 20 03
-7.29116783E-02 2021 02 03 22 25 02
-3.00869152E-03 2021 02 03 22 30 02
-1.55892128E-01 2021 02 03 22 35 02
-9.96143194E-02 2021 02 03 22 40 02
-1.55769106E-01 2021 02 03 22 45 03
-1.01165146E-01 2021 02 03 22 50 02
-8.84467825E-02 2021 02 03 22 55 02
-7.99412790E-02 2021 02 03 23 00 02
-6.80150060E-02 2021 02 03 23 05 02
-9.72533875E-02 2021 02 03 23 10 02
-5.84504946E-02 2021 02 03 23 15 02
-3.27373526E-02 2021 02 03 23 20 02
-1.28436101E-01 2021 02 03 23 25 02
-1.82112718E-01 2021 02 03 23 30 02
-1.08546334E-01 2021 02 03 23 35 02
-2.83787424E-01 2021 02 03 23 40 02
-2.27226434E-01 2021 02 03 23 45 03
-2.25325368E-01 2021 02 03 23 50 02
-3.12823559E-01 2021 02 03 23 55 02
