-4.56444874E-01 2021 02 17 00 00 02
-4.16174499E-01 2021 02 17 00 05 02
-5.64650385E-01 2021 02 17 00 10 02
-5.49912361E-01 2021 02 17 00 15 02
-8.51117610E-01 2021 02 17 00 20 03
-1.00869646E+00 2021 02 17 00 25 02
-1.11233585E+00 2021 02 17 00 30 02
-1.05890813E+00 2021 02 17 00 35 02
-7.08435627E-01 2021 02 17 00 40 02
-6.17225027E-01 2021 02 17 00 45 03
-4.91794707E-01 2021 02 17 00 50 02
-4.85050736E-01 2021 02 17 00 55 02
-5.01596174E-01 2021 02 17 01 00 02
-1.03024299E+00 2021 02 17 01 05 02
-9.99847696E-01 2021 02 17 01 10 02
-6.25355361E-01 2021 02 17 01 15 02
-8.20307542E-01 2021 02 17 01 20 02
-7.77730567E-01 2021 02 17 01 25 02
-8.03403972E-01 2021 02 17 01 30 02
-8.27570511E-01 2021 02 17 01 35 02
-8.08592446E-01 2021 02 17 01 40 02
-8.66133516E-01 2021 02 17 01 45 03
-8.64368454E-01 2021 02 17 01 50 02
-9.48038812E-01 2021 02 17 01 55 02
-9.75894469E-01 2021 02 17 02 00 02
-8.92623899E-01 2021 02 17 02 05 02
-9.46523531E-01 2021 02 17 02 10 03
-9.41180017E-01 2021 02 17 02 15 02
-8.65411930E-01 2021 02 17 02 20 02
-9.38528552E-01 2021 02 17 02 25 02
-9.88014684E-01 2021 02 17 02 30 02
-1.02366868E+00 2021 02 17 02 35 02
-1.06843491E+00 2021 02 17 02 40 02
-1.01774432E+00 2021 02 17 02 45 02
-9.79580124E-01 2021 02 17 02 50 02
-9.01796000E-01 2021 02 17 02 55 02
-9.00285859E-01 2021 02 17 03 00 02
-9.18267532E-01 2021 02 17 03 05 02
-7.92478494E-01 2021 02 17 03 10 03
-7.93439769E-01 2021 02 17 03 15 02
-8.76507666E-01 2021 02 17 03 20 02
-9.11886783E-01 2021 02 17 03 25 02
-8.89719715E-01 2021 02 17 03 30 02
-9.21618381E-01 2021 02 17 03 35 02
-9.39589353E-01 2021 02 17 03 40 02
-9.69606959E-01 2021 02 17 03 45 02
-9.47100455E-01 2021 02 17 03 50 02
-9.28552670E-01 2021 02 17 03 55 02
-9.14946254E-01 2021 02 17 04 00 02
-8.57467589E-01 2021 02 17 04 05 02
-8.81299361E-01 2021 02 17 04 10 03
-9.74805132E-01 2021 02 17 04 15 02
-9.83005715E-01 2021 02 17 04 20 02
-1.00401093E+00 2021 02 17 04 25 02
-9.40593270E-01 2021 02 17 04 30 02
-8.99150966E-01 2021 02 17 04 35 03
-9.51568263E-01 2021 02 17 04 40 02
-8.81088213E-01 2021 02 17 04 45 02
-8.04482174E-01 2021 02 17 04 50 02
-7.13517235E-01 2021 02 17 04 55 02
-7.64409512E-01 2021 02 17 05 00 03
-7.46369267E-01 2021 02 17 05 05 02
-7.66777130E-01 2021 02 17 05 10 02
-7.29407078E-01 2021 02 17 05 15 02
-5.78989945E-01 2021 02 17 05 20 02
-5.82360404E-01 2021 02 17 05 25 02
-6.62531331E-01 2021 02 17 05 30 02
-6.83871493E-01 2021 02 17 05 35 02
-6.29072217E-01 2021 02 17 05 40 02
-6.34330788E-01 2021 02 17 05 45 02
-5.86622227E-01 2021 02 17 05 50 02
-5.31222327E-01 2021 02 17 05 55 02
-5.02484307E-01 2021 02 17 06 00 02
-5.28068432E-01 2021 02 17 06 05 02
-5.91331833E-01 2021 02 17 06 10 02
-5.53470736E-01 2021 02 17 06 15 02
-5.02354209E-01 2021 02 17 06 20 02
-4.28572988E-01 2021 02 17 06 25 03
-4.07297806E-01 2021 02 17 06 30 02
-3.25463194E-01 2021 02 17 06 35 02
-3.45666951E-01 2021 02 17 06 40 02
-4.23917700E-01 2021 02 17 06 45 02
-4.47106962E-01 2021 02 17 06 50 03
-3.87898948E-01 2021 02 17 06 55 02
-3.99500844E-01 2021 02 17 07 00 02
-4.18844650E-01 2021 02 17 07 05 02
-3.78450109E-01 2021 02 17 07 10 02
-3.59986069E-01 2021 02 17 07 15 02
-3.59039098E-01 2021 02 17 07 20 02
-3.64047005E-01 2021 02 17 07 25 02
-3.51185353E-01 2021 02 17 07 30 02
-3.38645435E-01 2021 02 17 07 35 02
-3.33199408E-01 2021 02 17 07 40 02
-3.55493264E-01 2021 02 17 07 45 02
-3.27168951E-01 2021 02 17 07 50 03
-3.34375010E-01 2021 02 17 07 55 02
-3.02011196E-01 2021 02 17 08 00 02
-3.40242343E-01 2021 02 17 08 05 02
-3.48609723E-01 2021 02 17 08 10 02
-3.47923548E-01 2021 02 17 08 15 03
-3.01121657E-01 2021 02 17 08 20 02
-2.59744996E-01 2021 02 17 08 25 02
-2.01033769E-01 2021 02 17 08 30 02
-3.26779311E-01 2021 02 17 08 35 02
-2.57278493E-01 2021 02 17 08 40 02
-2.90968809E-01 2021 02 17 08 45 02
-2.90942684E-01 2021 02 17 08 50 02
-2.77363360E-01 2021 02 17 08 55 02
-4.73257682E-01 2021 02 17 09 00 02
-4.59019697E-01 2021 02 17 09 05 02
-3.52127765E-01 2021 02 17 09 10 02
-3.00900300E-01 2021 02 17 09 15 03
-1.64536618E-01 2021 02 17 09 20 02
-3.01474194E-01 2021 02 17 09 25 02
-2.27227324E-01 2021 02 17 09 30 02
-3.53797577E-01 2021 02 17 09 35 02
-2.52460344E-01 2021 02 17 09 40 03
-2.46644815E-01 2021 02 17 09 45 02
-2.88564197E-01 2021 02 17 09 50 02
-3.30435547E-01 2021 02 17 09 55 02
-3.66785689E-01 2021 02 17 10 00 02
-3.41435807E-01 2021 02 17 10 05 02
-4.01585689E-01 2021 02 17 10 10 02
-2.16805956E-01 2021 02 17 10 15 02
-3.47054252E-01 2021 02 17 10 20 02
-4.55362156E-01 2021 02 17 10 25 02
-3.30110611E-01 2021 02 17 10 30 02
-3.66359589E-01 2021 02 17 10 35 02
-3.44525071E-01 2021 02 17 10 40 03
-3.65993252E-01 2021 02 17 10 45 02
-3.74455815E-01 2021 02 17 10 50 02
-4.16048974E-01 2021 02 17 10 55 02
-4.22330391E-01 2021 02 17 11 00 02
-3.63438461E-01 2021 02 17 11 05 02
-4.36514453E-01 2021 02 17 11 10 02
-4.78552597E-01 2021 02 17 11 15 02
-4.38949955E-01 2021 02 17 11 20 02
-3.18736642E-01 2021 02 17 11 25 02
-1.55470499E-01 2021 02 17 11 30 02
-2.57475952E-01 2021 02 17 11 35 02
-3.30180106E-01 2021 02 17 11 40 03
-4.10327548E-01 2021 02 17 11 45 02
-4.67027329E-01 2021 02 17 11 50 02
-4.96142954E-01 2021 02 17 11 55 02
-3.98863242E-01 2021 02 17 12 00 02
-3.51181342E-01 2021 02 17 12 05 03
-2.95446685E-01 2021 02 17 12 10 02
-3.98229154E-01 2021 02 17 12 15 02
-4.36072134E-01 2021 02 17 12 20 02
-4.61566178E-01 2021 02 17 12 25 02
-4.28557043E-01 2021 02 17 12 30 02
-3.39610048E-01 2021 02 17 12 35 02
-3.15141532E-01 2021 02 17 12 40 02
-4.21237315E-01 2021 02 17 12 45 02
-3.42334639E-01 2021 02 17 12 50 02
-3.30816348E-01 2021 02 17 12 55 02
-4.50555081E-01 2021 02 17 13 00 02
-5.07870884E-01 2021 02 17 13 05 02
-5.64410881E-01 2021 02 17 13 10 02
-5.17834244E-01 2021 02 17 13 15 02
-5.21907477E-01 2021 02 17 13 20 02
-4.92786618E-01 2021 02 17 13 25 02
-6.43902202E-01 2021 02 17 13 30 03
-5.21425194E-01 2021 02 17 13 35 02
-5.68196431E-01 2021 02 17 13 40 02
-4.55105499E-01 2021 02 17 13 45 02
-5.11608157E-01 2021 02 17 13 50 02
-5.51150456E-01 2021 02 17 13 55 03
-6.26154411E-01 2021 02 17 14 00 02
-6.87661773E-01 2021 02 17 14 05 02
-6.33410073E-01 2021 02 17 14 10 02
-7.28024167E-01 2021 02 17 14 15 02
-7.40994470E-01 2021 02 17 14 20 02
-7.93838694E-01 2021 02 17 14 25 02
-8.11380743E-01 2021 02 17 14 30 02
-8.38150422E-01 2021 02 17 14 35 02
-8.30278125E-01 2021 02 17 14 40 02
-7.90025126E-01 2021 02 17 14 45 02
-8.53035370E-01 2021 02 17 14 50 02
-8.38198607E-01 2021 02 17 14 55 03
-8.03405674E-01 2021 02 17 15 00 02
-9.30269449E-01 2021 02 17 15 05 02
-8.54943383E-01 2021 02 17 15 10 02
-1.00149922E+00 2021 02 17 15 15 02
-8.94717551E-01 2021 02 17 15 20 03
-9.92407522E-01 2021 02 17 15 25 02
-9.91832655E-01 2021 02 17 15 30 02
-8.26952627E-01 2021 02 17 15 35 02
-8.88991504E-01 2021 02 17 15 40 02
-9.65026435E-01 2021 02 17 15 45 03
-1.04691212E+00 2021 02 17 15 50 02
-9.70466649E-01 2021 02 17 15 55 02
-9.65974443E-01 2021 02 17 16 00 02
-9.79595386E-01 2021 02 17 16 05 02
-9.46956969E-01 2021 02 17 16 10 02
-8.91481326E-01 2021 02 17 16 15 02
-7.75870515E-01 2021 02 17 16 20 02
-8.67134495E-01 2021 02 17 16 25 02
-9.36468863E-01 2021 02 17 16 30 02
-9.18872455E-01 2021 02 17 16 35 02
-8.77722666E-01 2021 02 17 16 40 02
-8.72795965E-01 2021 02 17 16 45 03
-9.60746403E-01 2021 02 17 16 50 02
-9.45390039E-01 2021 02 17 16 55 02
-1.07194686E+00 2021 02 17 17 00 02
-1.03273108E+00 2021 02 17 17 05 02
-1.01500548E+00 2021 02 17 17 10 03
-9.42086164E-01 2021 02 17 17 15 02
-9.29197930E-01 2021 02 17 17 20 02
-9.26401526E-01 2021 02 17 17 25 02
-9.01391486E-01 2021 02 17 17 30 02
-8.33933152E-01 2021 02 17 17 35 03
-8.18457189E-01 2021 02 17 17 40 02
-7.36797085E-01 2021 02 17 17 45 02
-7.64494898E-01 2021 02 17 17 50 02
-8.19838316E-01 2021 02 17 17 55 02
-7.93605519E-01 2021 02 17 18 00 03
-7.70854615E-01 2021 02 17 18 05 02
-7.50184296E-01 2021 02 17 18 10 02
-7.86328414E-01 2021 02 17 18 15 02
-6.73999573E-01 2021 02 17 18 20 02
-7.72955298E-01 2021 02 17 18 25 02
-7.15120015E-01 2021 02 17 18 30 02
-7.00424503E-01 2021 02 17 18 35 02
-6.22055138E-01 2021 02 17 18 40 02
-5.35841055E-01 2021 02 17 18 45 02
-4.66557615E-01 2021 02 17 18 50 02
-4.72443539E-01 2021 02 17 18 55 02
-4.76471831E-01 2021 02 17 19 00 03
-5.20094828E-01 2021 02 17 19 05 02
-4.82917559E-01 2021 02 17 19 10 02
-4.48694028E-01 2021 02 17 19 15 02
-4.09376302E-01 2021 02 17 19 20 02
-3.21353311E-01 2021 02 17 19 25 02
-3.55345973E-01 2021 02 17 19 30 02
-4.35602100E-01 2021 02 17 19 35 02
-2.51242603E-01 2021 02 17 19 40 02
-2.90869550E-01 2021 02 17 19 45 02
-2.72698188E-01 2021 02 17 19 50 02
-2.08299984E-01 2021 02 17 19 55 02
-2.62535614E-01 2021 02 17 20 00 02
-1.84677208E-01 2021 02 17 20 05 02
-2.04733819E-01 2021 02 17 20 10 02
-2.37711027E-01 2021 02 17 20 15 02
-1.07607847E-01 2021 02 17 20 20 02
-1.05342894E-01 2021 02 17 20 25 03
-1.53122856E-01 2021 02 17 20 30 02
-1.49433909E-01 2021 02 17 20 35 02
-7.37819190E-02 2021 02 17 20 40 02
-9.43838589E-02 2021 02 17 20 45 02
-1.52838048E-01 2021 02 17 20 50 03
-1.62680511E-01 2021 02 17 20 55 02
-1.43115086E-01 2021 02 17 21 00 02
-8.87483417E-02 2021 02 17 21 05 02
-1.39521437E-01 2021 02 17 21 10 02
-1.12811131E-01 2021 02 17 21 15 03
-1.67977507E-01 2021 02 17 21 20 02
-2.61046824E-01 2021 02 17 21 25 02
-1.16152758E-01 2021 02 17 21 30 02
+4.34372524E-02 2021 02 17 21 35 02
-8.41725530E-02 2021 02 17 21 40 02
-9.14326260E-02 2021 02 17 21 45 02
-1.41157779E-01 2021 02 17 21 50 02
-2.16991442E-01 2021 02 17 21 55 02
-3.08162634E-01 2021 02 17 22 00 02
-2.85702609E-01 2021 02 17 22 05 02
-3.35947294E-01 2021 02 17 22 10 02
-1.36818122E-01 2021 02 17 22 15 03
-8.49793944E-02 2021 02 17 22 20 02
-1.50137190E-01 2021 02 17 22 25 02
-1.55339043E-01 2021 02 17 22 30 02
-2.30217919E-01 2021 02 17 22 35 02
-1.47061866E-01 2021 02 17 22 40 03
-2.52228150E-01 2021 02 17 22 45 02
-2.98160804E-01 2021 02 17 22 50 02
-2.16757905E-01 2021 02 17 22 55 02
-2.46496001E-01 2021 02 17 23 00 02
-1.71036741E-01 2021 02 17 23 05 02
-1.83151943E-01 2021 02 17 23 10 02
-1.95391796E-01 2021 02 17 23 15 02
-1.62249001E-01 2021 02 17 23 20 02
-1.55471821E-01 2021 02 17 23 25 02
-6.23994936E-02 2021 02 17 23 30 02
-1.14316323E-01 2021 02 17 23 35 02
-1.78745292E-01 2021 02 17 23 40 03
-1.53928736E-01 2021 02 17 23 45 02
-2.49415338E-01 2021 02 17 23 50 02
-2.38496877E-01 2021 02 17 23 55 02
