-1.30331889E+00 2021 03 14 00 00 02
-1.15173367E+00 2021 03 14 00 05 02
-1.30597518E+00 2021 03 14 00 10 02
-1.26894126E+00 2021 03 14 00 15 03
-1.24789929E+00 2021 03 14 00 20 02
-1.19898885E+00 2021 03 14 00 25 02
-1.15068986E+00 2021 03 14 00 30 02
-1.17377399E+00 2021 03 14 00 35 02
-1.21176492E+00 2021 03 14 00 40 02
-1.21136409E+00 2021 03 14 00 45 02
-1.10249711E+00 2021 03 14 00 50 02
-1.17990282E+00 2021 03 14 00 55 02
-1.27674408E+00 2021 03 14 01 00 02
-1.28795569E+00 2021 03 14 01 05 02
-1.34077692E+00 2021 03 14 01 10 02
-1.26331037E+00 2021 03 14 01 15 02
-1.21854975E+00 2021 03 14 01 20 02
-1.28883883E+00 2021 03 14 01 25 02
-1.03490894E+00 2021 03 14 01 30 02
-8.72591609E-01 2021 03 14 01 35 02
-7.97931141E-01 2021 03 14 01 40 03
-9.99025924E-01 2021 03 14 01 45 02
-9.23907414E-01 2021 03 14 01 50 02
-1.02281527E+00 2021 03 14 01 55 02
-9.12125329E-01 2021 03 14 02 00 02
-9.28544576E-01 2021 03 14 02 05 03
-1.01433781E+00 2021 03 14 02 10 02
-1.03799111E+00 2021 03 14 02 15 02
-1.09803009E+00 2021 03 14 02 20 02
-1.17248265E+00 2021 03 14 02 25 02
-1.11206031E+00 2021 03 14 02 30 02
-1.13678322E+00 2021 03 14 02 35 02
-1.18631405E+00 2021 03 14 02 40 02
-1.10942827E+00 2021 03 14 02 45 02
-9.95836845E-01 2021 03 14 02 50 02
-6.71456253E-01 2021 03 14 02 55 02
-4.81473211E-01 2021 03 14 03 00 02
-4.79485385E-01 2021 03 14 03 05 02
-4.95632802E-01 2021 03 14 03 10 02
-5.90815287E-01 2021 03 14 03 15 02
-5.76514259E-01 2021 03 14 03 20 02
-5.57557945E-01 2021 03 14 03 25 02
-7.23927181E-01 2021 03 14 03 30 03
-7.99343799E-01 2021 03 14 03 35 02
-7.15553513E-01 2021 03 14 03 40 02
-8.13590148E-01 2021 03 14 03 45 02
-8.53446229E-01 2021 03 14 03 50 02
-7.28054289E-01 2021 03 14 03 55 03
-6.43412231E-01 2021 03 14 04 00 02
-6.50517958E-01 2021 03 14 04 05 02
-7.61241231E-01 2021 03 14 04 10 02
-7.66863041E-01 2021 03 14 04 15 02
-6.62100326E-01 2021 03 14 04 20 02
-4.57967827E-01 2021 03 14 04 25 02
-4.27472756E-01 2021 03 14 04 30 02
-4.85652316E-01 2021 03 14 04 35 02
-5.39420609E-01 2021 03 14 04 40 02
-5.77117034E-01 2021 03 14 04 45 02
-5.88976199E-01 2021 03 14 04 50 02
-4.86108483E-01 2021 03 14 04 55 02
-3.43124288E-01 2021 03 14 05 00 02
-2.79056637E-01 2021 03 14 05 05 02
-1.41723179E-01 2021 03 14 05 10 02
-1.11538879E-01 2021 03 14 05 15 02
+1.86144405E-01 2021 03 14 05 20 03
+5.84774244E-02 2021 03 14 05 25 02
+1.94157271E-01 2021 03 14 05 30 02
+3.16292202E-01 2021 03 14 05 35 02
+2.85748366E-01 2021 03 14 05 40 02
+2.51115688E-01 2021 03 14 05 45 03
+2.36428173E-01 2021 03 14 05 50 02
+2.78389524E-01 2021 03 14 05 55 02
+1.59898863E-01 2021 03 14 06 00 02
+1.09680805E-01 2021 03 14 06 05 02
+9.80199395E-02 2021 03 14 06 10 03
+1.59680789E-02 2021 03 14 06 15 02
+2.90268181E-02 2021 03 14 06 20 02
+8.81065682E-02 2021 03 14 06 25 02
+5.85152174E-02 2021 03 14 06 30 02
+9.41726215E-02 2021 03 14 06 35 02
+4.43514772E-02 2021 03 14 06 40 02
+7.31034650E-02 2021 03 14 06 45 02
+7.11828510E-02 2021 03 14 06 50 02
+8.46253989E-02 2021 03 14 06 55 02
+1.77823350E-01 2021 03 14 07 00 02
+1.82695373E-01 2021 03 14 07 05 02
+1.72140259E-02 2021 03 14 07 10 02
+3.38990244E-02 2021 03 14 07 15 02
+4.13364030E-03 2021 03 14 07 20 02
+6.00602830E-02 2021 03 14 07 25 02
-8.24469088E-02 2021 03 14 07 30 02
+6.40561643E-02 2021 03 14 07 35 02
+4.50958427E-02 2021 03 14 07 40 02
-5.87787743E-02 2021 03 14 07 45 02
-1.07830870E-01 2021 03 14 07 50 02
-2.09229356E-01 2021 03 14 07 55 02
-2.22886718E-01 2021 03 14 08 00 03
-2.37337631E-01 2021 03 14 08 05 02
-2.18224273E-01 2021 03 14 08 10 02
-2.32610638E-01 2021 03 14 08 15 02
-2.43853621E-01 2021 03 14 08 20 02
-2.96286232E-01 2021 03 14 08 25 03
-4.08618605E-01 2021 03 14 08 30 02
-4.79388621E-01 2021 03 14 08 35 02
-3.94675018E-01 2021 03 14 08 40 02
-5.91698828E-01 2021 03 14 08 45 02
-6.46835151E-01 2021 03 14 08 50 03
-6.37618410E-01 2021 03 14 08 55 02
-6.15300143E-01 2021 03 14 09 00 02
-4.37139996E-01 2021 03 14 09 05 02
-5.51218599E-01 2021 03 14 09 10 02
-4.96541244E-01 2021 03 14 09 15 02
-6.66996374E-01 2021 03 14 09 20 02
-5.94699864E-01 2021 03 14 09 25 02
-6.88476592E-01 2021 03 14 09 30 02
-8.38418319E-01 2021 03 14 09 35 02
-8.72337343E-01 2021 03 14 09 40 02
-9.81820191E-01 2021 03 14 09 45 02
-8.35441060E-01 2021 03 14 09 50 03
-7.74694665E-01 2021 03 14 09 55 02
-5.56653950E-01 2021 03 14 10 00 02
-5.74257037E-01 2021 03 14 10 05 02
-7.17545962E-01 2021 03 14 10 10 02
-7.63175111E-01 2021 03 14 10 15 03
-8.63952362E-01 2021 03 14 10 20 02
-8.71336160E-01 2021 03 14 10 25 02
-9.49993666E-01 2021 03 14 10 30 02
-9.68814480E-01 2021 03 14 10 35 02
-1.01885973E+00 2021 03 14 10 40 03
-1.00303825E+00 2021 03 14 10 45 02
-1.10605617E+00 2021 03 14 10 50 02
-1.02237680E+00 2021 03 14 10 55 02
-1.11082383E+00 2021 03 14 11 00 02
-1.04937189E+00 2021 03 14 11 05 02
-1.07693426E+00 2021 03 14 11 10 02
-1.03160079E+00 2021 03 14 11 15 02
-1.19746738E+00 2021 03 14 11 20 02
-1.09822946E+00 2021 03 14 11 25 02
-1.09725802E+00 2021 03 14 11 30 02
-1.12883921E+00 2021 03 14 11 35 02
-9.94025420E-01 2021 03 14 11 40 02
-1.04526608E+00 2021 03 14 11 45 02
-8.64550390E-01 2021 03 14 11 50 02
-9.16268388E-01 2021 03 14 11 55 02
-8.96337131E-01 2021 03 14 12 00 02
-8.91524680E-01 2021 03 14 12 05 02
-9.72481271E-01 2021 03 14 12 10 02
-9.21497178E-01 2021 03 14 12 15 02
-8.95046179E-01 2021 03 14 12 20 02
-8.40816900E-01 2021 03 14 12 25 02
-8.97564464E-01 2021 03 14 12 30 03
-1.04835804E+00 2021 03 14 12 35 02
-9.95896079E-01 2021 03 14 12 40 02
-9.21712651E-01 2021 03 14 12 45 02
-9.97734805E-01 2021 03 14 12 50 02
-8.86772920E-01 2021 03 14 12 55 02
-8.71318736E-01 2021 03 14 13 00 02
-9.19744426E-01 2021 03 14 13 05 02
-9.05872318E-01 2021 03 14 13 10 02
-7.55652894E-01 2021 03 14 13 15 02
-9.51995600E-01 2021 03 14 13 20 02
-9.82774873E-01 2021 03 14 13 25 02
-9.00288205E-01 2021 03 14 13 30 02
-7.65050453E-01 2021 03 14 13 35 02
-7.36509886E-01 2021 03 14 13 40 02
-7.70577342E-01 2021 03 14 13 45 02
-7.47816586E-01 2021 03 14 13 50 02
-7.28302418E-01 2021 03 14 13 55 03
-6.15967963E-01 2021 03 14 14 00 02
-5.94607083E-01 2021 03 14 14 05 02
-6.51629778E-01 2021 03 14 14 10 02
-6.79926446E-01 2021 03 14 14 15 02
-6.24465401E-01 2021 03 14 14 20 03
-5.55835590E-01 2021 03 14 14 25 02
-5.61720371E-01 2021 03 14 14 30 02
-6.27838839E-01 2021 03 14 14 35 02
-9.90971586E-01 2021 03 14 14 40 02
-9.05615354E-01 2021 03 14 14 45 03
-9.75494581E-01 2021 03 14 14 50 02
-1.09512322E+00 2021 03 14 14 55 02
-8.24426450E-01 2021 03 14 15 00 02
-9.38217202E-01 2021 03 14 15 05 02
-7.39875416E-01 2021 03 14 15 10 03
-6.15667855E-01 2021 03 14 15 15 02
-5.46192670E-01 2021 03 14 15 20 02
-4.17232687E-01 2021 03 14 15 25 02
-3.69889263E-01 2021 03 14 15 30 02
-3.59348310E-01 2021 03 14 15 35 02
-3.38359518E-01 2021 03 14 15 40 02
-3.36186350E-01 2021 03 14 15 45 02
-3.08439263E-01 2021 03 14 15 50 02
-3.52574898E-01 2021 03 14 15 55 02
-4.08468481E-01 2021 03 14 16 00 02
-5.33742362E-01 2021 03 14 16 05 02
-3.65923486E-01 2021 03 14 16 10 02
-3.32718201E-01 2021 03 14 16 15 02
-4.10878539E-01 2021 03 14 16 20 02
-4.85062107E-01 2021 03 14 16 25 02
-4.20436579E-01 2021 03 14 16 30 02
-4.61177485E-01 2021 03 14 16 35 02
-3.99809412E-01 2021 03 14 16 40 02
-2.79684814E-01 2021 03 14 16 45 02
-4.53047380E-01 2021 03 14 16 50 02
-4.93669288E-01 2021 03 14 16 55 02
-4.59723770E-01 2021 03 14 17 00 03
-4.39244542E-01 2021 03 14 17 05 02
-6.12356153E-01 2021 03 14 17 10 02
-5.03873472E-01 2021 03 14 17 15 02
-3.89450554E-01 2021 03 14 17 20 02
-3.44274150E-01 2021 03 14 17 25 03
-3.71856950E-01 2021 03 14 17 30 02
-3.35005294E-01 2021 03 14 17 35 02
-1.96770041E-01 2021 03 14 17 40 02
-3.29734964E-01 2021 03 14 17 45 02
-2.93442159E-01 2021 03 14 17 50 02
-1.94216160E-01 2021 03 14 17 55 02
-2.89728673E-01 2021 03 14 18 00 02
-1.63590271E-01 2021 03 14 18 05 02
-1.67423482E-01 2021 03 14 18 10 02
-2.09737018E-01 2021 03 14 18 15 02
-1.71335984E-01 2021 03 14 18 20 02
-1.91464970E-01 2021 03 14 18 25 02
-1.07042116E-01 2021 03 14 18 30 02
-1.19270400E-01 2021 03 14 18 35 02
-8.90189910E-02 2021 03 14 18 40 02
-1.17262268E-02 2021 03 14 18 45 02
-6.11479516E-02 2021 03 14 18 50 03
-5.96426854E-02 2021 03 14 18 55 02
-9.82240762E-02 2021 03 14 19 00 02
-9.41089794E-02 2021 03 14 19 05 02
+4.22286741E-02 2021 03 14 19 10 02
-2.22859158E-02 2021 03 14 19 15 03
-3.02676048E-02 2021 03 14 19 20 02
+7.60369922E-02 2021 03 14 19 25 02
+2.62738008E-01 2021 03 14 19 30 02
+2.08017172E-01 2021 03 14 19 35 02
+1.52802518E-01 2021 03 14 19 40 03
+9.74264810E-02 2021 03 14 19 45 02
-7.59369367E-03 2021 03 14 19 50 02
-1.41000170E-02 2021 03 14 19 55 02
-1.47973314E-01 2021 03 14 20 00 02
-1.63799301E-01 2021 03 14 20 05 02
-1.87806474E-02 2021 03 14 20 10 02
-6.37886178E-02 2021 03 14 20 15 02
-1.73093052E-02 2021 03 14 20 20 02
-1.10018647E-01 2021 03 14 20 25 02
-6.95204967E-02 2021 03 14 20 30 02
+4.68998068E-02 2021 03 14 20 35 02
-1.96452905E-01 2021 03 14 20 40 03
-1.50778715E-01 2021 03 14 20 45 02
-4.15556156E-02 2021 03 14 20 50 02
-2.11196381E-01 2021 03 14 20 55 02
-2.06678404E-01 2021 03 14 21 00 02
-2.21671774E-01 2021 03 14 21 05 03
-8.55515104E-02 2021 03 14 21 10 02
-1.43531663E-02 2021 03 14 21 15 02
-8.41683947E-02 2021 03 14 21 20 02
-2.16893865E-01 2021 03 14 21 25 02
-3.46877893E-01 2021 03 14 21 30 03
-3.28557366E-01 2021 03 14 21 35 02
-3.35499197E-01 2021 03 14 21 40 02
-3.60013387E-01 2021 03 14 21 45 02
-4.00671831E-01 2021 03 14 21 50 02
-3.47140796E-01 2021 03 14 21 55 02
-4.27020928E-01 2021 03 14 22 00 02
-4.76767471E-01 2021 03 14 22 05 02
-4.54508530E-01 2021 03 14 22 10 02
-5.70629705E-01 2021 03 14 22 15 02
-6.03144965E-01 2021 03 14 22 20 02
-5.68777324E-01 2021 03 14 22 25 02
-6.26360829E-01 2021 03 14 22 30 03
-7.43521617E-01 2021 03 14 22 35 02
-7.18805730E-01 2021 03 14 22 40 02
-7.81791300E-01 2021 03 14 22 45 02
-7.03510686E-01 2021 03 14 22 50 02
-7.11426883E-01 2021 03 14 22 55 03
-7.37888463E-01 2021 03 14 23 00 02
-7.20846247E-01 2021 03 14 23 05 02
-7.71573582E-01 2021 03 14 23 10 02
-6.21790639E-01 2021 03 14 23 15 02
-6.25523024E-01 2021 03 14 23 20 03
-7.19575733E-01 2021 03 14 23 25 02
-9.05279475E-01 2021 03 14 23 30 02
-1.01249228E+00 2021 03 14 23 35 02
-1.07365361E+00 2021 03 14 23 40 02
-1.13575715E+00 2021 03 14 23 45 03
-1.02555845E+00 2021 03 14 23 50 02
-1.07967683E+00 2021 03 14 23 55 02
