-1.06197399E+00 2021 03 01 00 00 02
-1.09500797E+00 2021 03 01 00 05 02
-1.09095012E+00 2021 03 01 00 10 02
-1.16933159E+00 2021 03 01 00 15 02
-1.23255369E+00 2021 03 01 00 20 02
-1.19684410E+00 2021 03 01 00 25 02
-1.20449024E+00 2021 03 01 00 30 02
-1.23834596E+00 2021 03 01 00 35 02
-1.21522782E+00 2021 03 01 00 40 02
-1.25970061E+00 2021 03 01 00 45 02
-1.26405082E+00 2021 03 01 00 50 02
-1.25196167E+00 2021 03 01 00 55 02
-1.26402672E+00 2021 03 01 01 00 03
-1.28311910E+00 2021 03 01 01 05 02
-1.31803445E+00 2021 03 01 01 10 02
-1.28134529E+00 2021 03 01 01 15 02
-1.30156908E+00 2021 03 01 01 20 02
-1.30423672E+00 2021 03 01 01 25 03
-1.28632522E+00 2021 03 01 01 30 02
-1.29578320E+00 2021 03 01 01 35 02
-1.30164853E+00 2021 03 01 01 40 02
-1.29921726E+00 2021 03 01 01 45 02
-1.29772546E+00 2021 03 01 01 50 02
-1.32203116E+00 2021 03 01 01 55 02
-1.34534392E+00 2021 03 01 02 00 02
-1.34778677E+00 2021 03 01 02 05 02
-1.32660691E+00 2021 03 01 02 10 02
-1.35188184E+00 2021 03 01 02 15 02
-1.31661505E+00 2021 03 01 02 20 02
-1.31409101E+00 2021 03 01 02 25 03
-1.27384940E+00 2021 03 01 02 30 02
-1.17436218E+00 2021 03 01 02 35 02
-1.25202263E+00 2021 03 01 02 40 02
-1.17855375E+00 2021 03 01 02 45 02
-1.17144538E+00 2021 03 01 02 50 03
-1.07565904E+00 2021 03 01 02 55 02
-1.06494703E+00 2021 03 01 03 00 02
-1.02513578E+00 2021 03 01 03 05 02
-1.01835879E+00 2021 03 01 03 10 02
-1.01681645E+00 2021 03 01 03 15 03
-9.35180406E-01 2021 03 01 03 20 02
-8.47095896E-01 2021 03 01 03 25 02
-6.62561658E-01 2021 03 01 03 30 02
-6.83611434E-01 2021 03 01 03 35 02
-7.07002391E-01 2021 03 01 03 40 02
-7.53785710E-01 2021 03 01 03 45 02
-8.00501684E-01 2021 03 01 03 50 02
-8.42570570E-01 2021 03 01 03 55 02
-8.73961222E-01 2021 03 01 04 00 02
-8.72776749E-01 2021 03 01 04 05 02
-8.55298661E-01 2021 03 01 04 10 02
-7.19029908E-01 2021 03 01 04 15 03
-5.05144838E-01 2021 03 01 04 20 02
-4.27444755E-01 2021 03 01 04 25 02
-4.03870720E-01 2021 03 01 04 30 02
-2.94725000E-01 2021 03 01 04 35 02
-2.76033569E-01 2021 03 01 04 40 03
-2.60149343E-01 2021 03 01 04 45 02
-2.91950619E-01 2021 03 01 04 50 02
-3.73610099E-01 2021 03 01 04 55 02
-4.16647496E-01 2021 03 01 05 00 02
-4.87183698E-01 2021 03 01 05 05 02
-5.72618294E-01 2021 03 01 05 10 02
-5.61943147E-01 2021 03 01 05 15 03
-4.04380445E-01 2021 03 01 05 20 02
-3.57337634E-01 2021 03 01 05 25 02
-1.54017125E-01 2021 03 01 05 30 02
-1.20756235E-01 2021 03 01 05 35 02
-5.72721974E-02 2021 03 01 05 40 02
-1.08467675E-01 2021 03 01 05 45 02
-1.16235687E-01 2021 03 01 05 50 02
-1.64917581E-01 2021 03 01 05 55 02
-2.21895620E-01 2021 03 01 06 00 02
-1.84777256E-01 2021 03 01 06 05 02
-2.39094838E-01 2021 03 01 06 10 02
-1.62359101E-01 2021 03 01 06 15 02
-1.11421595E-01 2021 03 01 06 20 02
-7.19238371E-02 2021 03 01 06 25 02
-1.03933937E-01 2021 03 01 06 30 02
-1.17820268E-02 2021 03 01 06 35 02
+6.90461305E-02 2021 03 01 06 40 03
+1.66188443E-01 2021 03 01 06 45 02
+2.08253074E-01 2021 03 01 06 50 02
+2.10529121E-01 2021 03 01 06 55 02
+1.85948926E-01 2021 03 01 07 00 02
+1.42232852E-01 2021 03 01 07 05 03
+1.66964741E-01 2021 03 01 07 10 02
+7.63985237E-02 2021 03 01 07 15 02
+1.06484899E-01 2021 03 01 07 20 02
+1.64735158E-01 2021 03 01 07 25 02
+1.33703028E-01 2021 03 01 07 30 02
+3.49986404E-01 2021 03 01 07 35 02
+2.43966042E-01 2021 03 01 07 40 02
+5.01068465E-01 2021 03 01 07 45 02
+4.45853875E-01 2021 03 01 07 50 02
+3.37224792E-01 2021 03 01 07 55 02
+3.10209800E-01 2021 03 01 08 00 02
+1.72461393E-01 2021 03 01 08 05 03
+1.56950419E-01 2021 03 01 08 10 02
+8.54309037E-02 2021 03 01 08 15 02
+7.41011800E-02 2021 03 01 08 20 02
+6.49652738E-02 2021 03 01 08 25 02
-9.80828601E-02 2021 03 01 08 30 03
-8.67609669E-02 2021 03 01 08 35 02
-7.51943878E-02 2021 03 01 08 40 02
-1.79213500E-01 2021 03 01 08 45 02
-2.52111190E-01 2021 03 01 08 50 02
-1.88435567E-01 2021 03 01 08 55 02
-1.94294261E-01 2021 03 01 09 00 02
-4.46924766E-01 2021 03 01 09 05 02
-3.98281656E-01 2021 03 01 09 10 02
-3.64428536E-01 2021 03 01 09 15 02
-4.15667882E-01 2021 03 01 09 20 02
-4.38193144E-01 2021 03 01 09 25 02
-4.01537762E-01 2021 03 01 09 30 03
-2.82159756E-01 2021 03 01 09 35 02
-6.12895901E-01 2021 03 01 09 40 02
-3.24221462E-01 2021 03 01 09 45 02
-5.28308557E-01 2021 03 01 09 50 02
-4.35620982E-01 2021 03 01 09 55 02
-4.88570917E-01 2021 03 01 10 00 02
-4.68332857E-01 2021 03 01 10 05 02
-5.00421069E-01 2021 03 01 10 10 02
-4.75829805E-01 2021 03 01 10 15 02
-5.74245714E-01 2021 03 01 10 20 02
-5.68705983E-01 2021 03 01 10 25 02
-5.92418399E-01 2021 03 01 10 30 03
-7.43883550E-01 2021 03 01 10 35 02
-6.98757696E-01 2021 03 01 10 40 02
-6.99240852E-01 2021 03 01 10 45 02
-6.85241208E-01 2021 03 01 10 50 02
-6.64183761E-01 2021 03 01 10 55 03
-7.84685704E-01 2021 03 01 11 00 02
-7.44790947E-01 2021 03 01 11 05 02
-8.81897296E-01 2021 03 01 11 10 02
-7.57122565E-01 2021 03 01 11 15 02
-8.79952615E-01 2021 03 01 11 20 02
-6.82587272E-01 2021 03 01 11 25 02
-9.54239145E-01 2021 03 01 11 30 02
-7.98211563E-01 2021 03 01 11 35 02
-7.64777070E-01 2021 03 01 11 40 02
-7.66730969E-01 2021 03 01 11 45 02
-7.53465181E-01 2021 03 01 11 50 02
-8.78127197E-01 2021 03 01 11 55 03
-1.38086959E+00 2021 03 01 12 00 02
-9.06007186E-01 2021 03 01 12 05 02
-9.14719760E-01 2021 03 01 12 10 02
-9.22219379E-01 2021 03 01 12 15 02
-9.34821105E-01 2021 03 01 12 20 02
-9.22621058E-01 2021 03 01 12 25 02
-1.20136465E+00 2021 03 01 12 30 02
-1.17883574E+00 2021 03 01 12 35 02
-1.09497318E+00 2021 03 01 12 40 02
-1.35917477E+00 2021 03 01 12 45 02
-1.42532176E+00 2021 03 01 12 50 02
-1.51539639E+00 2021 03 01 12 55 03
-1.49824160E+00 2021 03 01 13 00 02
-1.26888871E+00 2021 03 01 13 05 02
-1.49832414E+00 2021 03 01 13 10 02
-1.08543527E+00 2021 03 01 13 15 02
-1.03873021E+00 2021 03 01 13 20 02
-7.87567241E-01 2021 03 01 13 25 02
-8.73937675E-01 2021 03 01 13 30 02
-1.06411129E+00 2021 03 01 13 35 02
-1.14407856E+00 2021 03 01 13 40 02
-1.21058106E+00 2021 03 01 13 45 02
-1.32795180E+00 2021 03 01 13 50 02
-1.35956767E+00 2021 03 01 13 55 02
-1.10021798E+00 2021 03 01 14 00 02
-1.07667581E+00 2021 03 01 14 05 02
-1.15611026E+00 2021 03 01 14 10 02
-1.16873417E+00 2021 03 01 14 15 02
-1.22161830E+00 2021 03 01 14 20 03
-1.14141181E+00 2021 03 01 14 25 02
-1.19969875E+00 2021 03 01 14 30 02
-1.22566812E+00 2021 03 01 14 35 02
-1.11424212E+00 2021 03 01 14 40 02
-1.26168062E+00 2021 03 01 14 45 03
-1.41791072E+00 2021 03 01 14 50 02
-1.20410387E+00 2021 03 01 14 55 02
-1.29896487E+00 2021 03 01 15 00 02
-1.22984928E+00 2021 03 01 15 05 02
-9.06536199E-01 2021 03 01 15 10 02
-1.03415095E+00 2021 03 01 15 15 02
-9.66663858E-01 2021 03 01 15 20 02
-1.17612791E+00 2021 03 01 15 25 02
-1.00791297E+00 2021 03 01 15 30 02
-8.90273663E-01 2021 03 01 15 35 02
-1.06990163E+00 2021 03 01 15 40 02
-9.04345438E-01 2021 03 01 15 45 02
-7.98029082E-01 2021 03 01 15 50 02
-6.53903573E-01 2021 03 01 15 55 02
-6.28320206E-01 2021 03 01 16 00 02
-5.56807404E-01 2021 03 01 16 05 02
-6.17262531E-01 2021 03 01 16 10 03
-6.74114932E-01 2021 03 01 16 15 02
-6.52950840E-01 2021 03 01 16 20 02
-7.77443218E-01 2021 03 01 16 25 02
-7.69139768E-01 2021 03 01 16 30 02
-9.38080333E-01 2021 03 01 16 35 02
-9.79234061E-01 2021 03 01 16 40 02
-8.49219984E-01 2021 03 01 16 45 02
-7.45811253E-01 2021 03 01 16 50 02
-5.54204146E-01 2021 03 01 16 55 02
-5.68214639E-01 2021 03 01 17 00 02
-6.68530074E-01 2021 03 01 17 05 02
-6.68452652E-01 2021 03 01 17 10 02
-6.81887124E-01 2021 03 01 17 15 02
-6.43909350E-01 2021 03 01 17 20 02
-5.38029250E-01 2021 03 01 17 25 02
-6.41595216E-01 2021 03 01 17 30 02
-5.72526083E-01 2021 03 01 17 35 03
-5.97994591E-01 2021 03 01 17 40 02
-4.95378107E-01 2021 03 01 17 45 02
-3.19452944E-01 2021 03 01 17 50 02
-2.47459809E-01 2021 03 01 17 55 02
-2.39789313E-01 2021 03 01 18 00 02
-2.58063079E-01 2021 03 01 18 05 02
-2.06560249E-01 2021 03 01 18 10 02
-1.98894398E-01 2021 03 01 18 15 02
-1.96101083E-01 2021 03 01 18 20 02
-2.45398225E-01 2021 03 01 18 25 02
-2.09653910E-01 2021 03 01 18 30 02
-1.10414434E-01 2021 03 01 18 35 03
+1.30939241E-02 2021 03 01 18 40 02
-3.76578972E-01 2021 03 01 18 45 02
-4.74787239E-01 2021 03 01 18 50 02
-3.42687133E-01 2021 03 01 18 55 02
-5.77232735E-01 2021 03 01 19 00 03
-5.95394998E-01 2021 03 01 19 05 02
-7.25180853E-01 2021 03 01 19 10 02
-7.43031306E-01 2021 03 01 19 15 02
-7.25913234E-01 2021 03 01 19 20 02
-5.00206814E-01 2021 03 01 19 25 02
-4.99727158E-01 2021 03 01 19 30 02
-4.38204293E-01 2021 03 01 19 35 02
-3.63796912E-01 2021 03 01 19 40 02
-2.09167243E-01 2021 03 01 19 45 02
-4.37949445E-02 2021 03 01 19 50 02
+1.23321908E-01 2021 03 01 19 55 02
+8.22777996E-02 2021 03 01 20 00 03
+2.44658847E-01 2021 03 01 20 05 02
+2.19507978E-01 2021 03 01 20 10 02
+2.88771246E-01 2021 03 01 20 15 02
+1.47100627E-01 2021 03 01 20 20 02
-7.98300736E-02 2021 03 01 20 25 02
-1.75751523E-03 2021 03 01 20 30 02
-1.12447076E-01 2021 03 01 20 35 02
-2.44629953E-02 2021 03 01 20 40 02
+3.53594446E-02 2021 03 01 20 45 02
+4.64877455E-02 2021 03 01 20 50 02
+1.70888367E-01 2021 03 01 20 55 02
+6.03493327E-02 2021 03 01 21 00 03
+1.39945608E-01 2021 03 01 21 05 02
-1.76162581E-02 2021 03 01 21 10 02
-2.94960756E-02 2021 03 01 21 15 02
-2.11161286E-02 2021 03 01 21 20 02
-1.31334213E-02 2021 03 01 21 25 02
-8.91830082E-02 2021 03 01 21 30 02
-6.81532969E-02 2021 03 01 21 35 02
-1.11297843E-01 2021 03 01 21 40 02
-1.77869702E-01 2021 03 01 21 45 02
-1.44447452E-01 2021 03 01 21 50 02
-2.20729431E-01 2021 03 01 21 55 02
-1.64012315E-01 2021 03 01 22 00 03
-2.16949253E-01 2021 03 01 22 05 02
-2.84468860E-01 2021 03 01 22 10 02
-3.23093674E-01 2021 03 01 22 15 02
-3.42516937E-01 2021 03 01 22 20 02
-4.18151599E-01 2021 03 01 22 25 03
-3.79469026E-01 2021 03 01 22 30 02
-4.66753865E-01 2021 03 01 22 35 02
-3.89055957E-01 2021 03 01 22 40 02
-5.16627880E-01 2021 03 01 22 45 02
-5.06457549E-01 2021 03 01 22 50 02
-4.55558169E-01 2021 03 01 22 55 02
-3.56541752E-01 2021 03 01 23 00 02
-5.77298155E-01 2021 03 01 23 05 02
-6.41511617E-01 2021 03 01 23 10 02
-6.32846935E-01 2021 03 01 23 15 02
-6.36257649E-01 2021 03 01 23 20 02
-7.24656565E-01 2021 03 01 23 25 03
-9.08251253E-01 2021 03 01 23 30 02
-9.65525263E-01 2021 03 01 23 35 02
-9.67119549E-01 2021 03 01 23 40 02
-9.29973188E-01 2021 03 01 23 45 02
-8.84760345E-01 2021 03 01 23 50 03
-9.36114227E-01 2021 03 01 23 55 02
