-1.21954025E-02 2021 03 06 00 00 02
-6.38294758E-02 2021 03 06 00 05 02
-3.73017777E-02 2021 03 06 00 10 03
-7.39389041E-02 2021 03 06 00 15 02
-7.17136955E-02 2021 03 06 00 20 02
-1.01807294E-01 2021 03 06 00 25 02
-1.64657831E-01 2021 03 06 00 30 02
-1.39114903E-01 2021 03 06 00 35 02
-1.48836288E-01 2021 03 06 00 40 02
-1.41665405E-01 2021 03 06 00 45 02
-1.24944315E-01 2021 03 06 00 50 02
-1.66570137E-01 2021 03 06 00 55 02
-1.70160426E-01 2021 03 06 01 00 02
-1.60352465E-01 2021 03 06 01 05 02
-1.66847674E-01 2021 03 06 01 10 02
-1.92329854E-01 2021 03 06 01 15 02
-1.82316300E-01 2021 03 06 01 20 02
-2.24346048E-01 2021 03 06 01 25 02
-2.52500183E-01 2021 03 06 01 30 02
-1.31892738E-01 2021 03 06 01 35 03
-1.33182516E-01 2021 03 06 01 40 02
-2.20689318E-01 2021 03 06 01 45 02
-2.38201143E-01 2021 03 06 01 50 02
-2.70310358E-01 2021 03 06 01 55 02
-2.61607563E-01 2021 03 06 02 00 03
-2.76447907E-01 2021 03 06 02 05 02
-3.26749118E-01 2021 03 06 02 10 02
-3.23942607E-01 2021 03 06 02 15 02
-3.41915506E-01 2021 03 06 02 20 02
-3.65015918E-01 2021 03 06 02 25 03
-3.81425175E-01 2021 03 06 02 30 02
-3.66590432E-01 2021 03 06 02 35 02
-4.32228523E-01 2021 03 06 02 40 02
-4.17830432E-01 2021 03 06 02 45 02
-4.53706810E-01 2021 03 06 02 50 03
-4.47051743E-01 2021 03 06 02 55 02
-4.40801289E-01 2021 03 06 03 00 02
-4.49415428E-01 2021 03 06 03 05 02
-4.57188290E-01 2021 03 06 03 10 02
-4.47668745E-01 2021 03 06 03 15 02
-4.82837653E-01 2021 03 06 03 20 02
-5.14527826E-01 2021 03 06 03 25 02
-6.09214948E-01 2021 03 06 03 30 02
-5.88419160E-01 2021 03 06 03 35 02
-5.20377860E-01 2021 03 06 03 40 02
-5.73408731E-01 2021 03 06 03 45 02
-5.42608647E-01 2021 03 06 03 50 03
-5.66633293E-01 2021 03 06 03 55 02
-4.77406623E-01 2021 03 06 04 00 02
-4.89720558E-01 2021 03 06 04 05 02
-4.92231884E-01 2021 03 06 04 10 02
-5.28983387E-01 2021 03 06 04 15 03
-5.75783362E-01 2021 03 06 04 20 02
-6.00977507E-01 2021 03 06 04 25 02
-6.96579918E-01 2021 03 06 04 30 02
-5.59508401E-01 2021 03 06 04 35 02
-5.92118054E-01 2021 03 06 04 40 02
-5.92637117E-01 2021 03 06 04 45 02
-6.00183888E-01 2021 03 06 04 50 02
-6.62522836E-01 2021 03 06 04 55 02
-6.36197592E-01 2021 03 06 05 00 02
-6.67605256E-01 2021 03 06 05 05 02
-7.26809514E-01 2021 03 06 05 10 02
-7.47349902E-01 2021 03 06 05 15 02
-7.36740794E-01 2021 03 06 05 20 02
-6.22105934E-01 2021 03 06 05 25 02
-6.03687664E-01 2021 03 06 05 30 02
-6.19866274E-01 2021 03 06 05 35 02
-5.33772118E-01 2021 03 06 05 40 03
-6.13044111E-01 2021 03 06 05 45 02
-6.46783551E-01 2021 03 06 05 50 02
-6.33653058E-01 2021 03 06 05 55 02
-6.33579076E-01 2021 03 06 06 00 02
-6.07765485E-01 2021 03 06 06 05 03
-5.99666488E-01 2021 03 06 06 10 02
-5.77282664E-01 2021 03 06 06 15 02
-6.94019858E-01 2021 03 06 06 20 02
-6.41965944E-01 2021 03 06 06 25 02
-5.59271933E-01 2021 03 06 06 30 02
-5.84567173E-01 2021 03 06 06 35 02
-6.35662371E-01 2021 03 06 06 40 02
-5.58224655E-01 2021 03 06 06 45 02
-6.28561198E-01 2021 03 06 06 50 02
-4.52925893E-01 2021 03 06 06 55 02
-5.21414647E-01 2021 03 06 07 00 02
-5.57724347E-01 2021 03 06 07 05 02
-5.34170151E-01 2021 03 06 07 10 02
-5.37156048E-01 2021 03 06 07 15 02
-5.97687819E-01 2021 03 06 07 20 02
-5.72608982E-01 2021 03 06 07 25 02
-5.71064949E-01 2021 03 06 07 30 02
-5.96256522E-01 2021 03 06 07 35 02
-5.90864496E-01 2021 03 06 07 40 02
-6.23986957E-01 2021 03 06 07 45 02
-5.23946240E-01 2021 03 06 07 50 02
-5.74967332E-01 2021 03 06 07 55 03
-5.53668362E-01 2021 03 06 08 00 02
-5.79170359E-01 2021 03 06 08 05 02
-6.60528904E-01 2021 03 06 08 10 02
-5.58463690E-01 2021 03 06 08 15 02
-5.57331185E-01 2021 03 06 08 20 03
-6.82736172E-01 2021 03 06 08 25 02
-5.48389919E-01 2021 03 06 08 30 02
-5.36128790E-01 2021 03 06 08 35 02
-5.26555099E-01 2021 03 06 08 40 02
-4.61857635E-01 2021 03 06 08 45 03
-5.05871965E-01 2021 03 06 08 50 02
-5.03397669E-01 2021 03 06 08 55 02
-5.15331729E-01 2021 03 06 09 00 02
-5.63751598E-01 2021 03 06 09 05 02
-5.13832097E-01 2021 03 06 09 10 02
-6.41080574E-01 2021 03 06 09 15 02
-5.32516204E-01 2021 03 06 09 20 02
-4.87626982E-01 2021 03 06 09 25 02
-4.58165110E-01 2021 03 06 09 30 02
-4.02007412E-01 2021 03 06 09 35 02
-4.29734276E-01 2021 03 06 09 40 02
-3.67649401E-01 2021 03 06 09 45 02
-4.69365850E-01 2021 03 06 09 50 02
-4.35949251E-01 2021 03 06 09 55 02
-4.46772615E-01 2021 03 06 10 00 02
-3.88872125E-01 2021 03 06 10 05 02
-3.23779006E-01 2021 03 06 10 10 03
-2.61783420E-01 2021 03 06 10 15 02
-2.84923647E-01 2021 03 06 10 20 02
-2.73698293E-01 2021 03 06 10 25 02
-2.52522887E-01 2021 03 06 10 30 02
-2.01335314E-01 2021 03 06 10 35 03
-1.56345487E-01 2021 03 06 10 40 02
-2.96169075E-01 2021 03 06 10 45 02
-2.02662037E-01 2021 03 06 10 50 02
-2.25961828E-01 2021 03 06 10 55 02
-4.43376070E-01 2021 03 06 11 00 03
-3.21480517E-01 2021 03 06 11 05 02
-2.02427917E-01 2021 03 06 11 10 02
-4.81822316E-01 2021 03 06 11 15 02
-3.49789741E-01 2021 03 06 11 20 02
-3.13925163E-01 2021 03 06 11 25 02
-2.01469826E-01 2021 03 06 11 30 02
-3.29535047E-01 2021 03 06 11 35 02
-3.38870126E-01 2021 03 06 11 40 02
-1.07810161E-01 2021 03 06 11 45 02
-6.57252364E-02 2021 03 06 11 50 02
-2.59136571E-01 2021 03 06 11 55 02
-2.36621413E-01 2021 03 06 12 00 02
-2.43624465E-01 2021 03 06 12 05 02
-2.00928462E-01 2021 03 06 12 10 02
-9.05041985E-02 2021 03 06 12 15 02
+7.32565700E-02 2021 03 06 12 20 02
-1.13793946E-01 2021 03 06 12 25 03
-1.92920519E-01 2021 03 06 12 30 02
-2.17811119E-01 2021 03 06 12 35 02
-9.44580461E-01 2021 03 06 12 40 02
-4.44093014E-01 2021 03 06 12 45 02
-3.33419763E-01 2021 03 06 12 50 03
+5.67555140E-02 2021 03 06 12 55 02
-4.55193600E-01 2021 03 06 13 00 02
-2.40490883E-01 2021 03 06 13 05 02
-5.09369858E-02 2021 03 06 13 10 02
-4.18089818E-02 2021 03 06 13 15 03
+1.38025671E-02 2021 03 06 13 20 02
-1.79945885E-02 2021 03 06 13 25 02
-6.80913685E-02 2021 03 06 13 30 02
-9.51302588E-02 2021 03 06 13 35 02
-4.72560301E-02 2021 03 06 13 40 03
-1.01281952E-01 2021 03 06 13 45 02
-1.44963702E-01 2021 03 06 13 50 02
-9.65915806E-02 2021 03 06 13 55 02
-2.05535928E-01 2021 03 06 14 00 02
-8.08609928E-02 2021 03 06 14 05 02
-1.69429985E-01 2021 03 06 14 10 02
-1.45807644E-01 2021 03 06 14 15 02
-3.37522264E-01 2021 03 06 14 20 02
-3.30213767E-01 2021 03 06 14 25 02
-3.71704660E-01 2021 03 06 14 30 02
-2.49536058E-01 2021 03 06 14 35 02
-2.84302911E-01 2021 03 06 14 40 02
-3.59285159E-01 2021 03 06 14 45 02
-4.54695258E-01 2021 03 06 14 50 02
-3.58618936E-01 2021 03 06 14 55 02
-4.19952328E-01 2021 03 06 15 00 02
-4.59967580E-01 2021 03 06 15 05 03
-5.37905721E-01 2021 03 06 15 10 02
-3.89348736E-01 2021 03 06 15 15 02
-4.59249007E-01 2021 03 06 15 20 02
-4.50236973E-01 2021 03 06 15 25 02
-3.82673221E-01 2021 03 06 15 30 03
-4.02693247E-01 2021 03 06 15 35 02
-4.35636618E-01 2021 03 06 15 40 02
-3.86158775E-01 2021 03 06 15 45 02
-5.64784138E-01 2021 03 06 15 50 02
-5.65767951E-01 2021 03 06 15 55 02
-4.27333569E-01 2021 03 06 16 00 02
-5.34561165E-01 2021 03 06 16 05 02
-3.59698406E-01 2021 03 06 16 10 02
-4.70396142E-01 2021 03 06 16 15 02
-4.64461510E-01 2021 03 06 16 20 02
-4.92995735E-01 2021 03 06 16 25 02
-4.97937357E-01 2021 03 06 16 30 02
-6.39967943E-01 2021 03 06 16 35 02
-7.40383673E-01 2021 03 06 16 40 02
-9.03491862E-01 2021 03 06 16 45 02
-9.06601101E-01 2021 03 06 16 50 02
-7.83132739E-01 2021 03 06 16 55 03
-8.27959805E-01 2021 03 06 17 00 02
-1.13113091E+00 2021 03 06 17 05 02
-1.12571757E+00 2021 03 06 17 10 02
-1.03873377E+00 2021 03 06 17 15 02
-6.74184095E-01 2021 03 06 17 20 03
-6.92781538E-01 2021 03 06 17 25 02
-6.77125592E-01 2021 03 06 17 30 02
-7.58619669E-01 2021 03 06 17 35 02
-9.32046208E-01 2021 03 06 17 40 02
-7.97150221E-01 2021 03 06 17 45 03
-5.61274096E-01 2021 03 06 17 50 02
-7.57402736E-01 2021 03 06 17 55 02
-4.96841132E-01 2021 03 06 18 00 02
-4.52249533E-01 2021 03 06 18 05 02
-5.83667382E-01 2021 03 06 18 10 03
-3.27912152E-01 2021 03 06 18 15 02
-3.54589210E-01 2021 03 06 18 20 02
-4.89751581E-01 2021 03 06 18 25 02
-4.10060863E-01 2021 03 06 18 30 02
-4.90709518E-01 2021 03 06 18 35 02
-6.09178090E-01 2021 03 06 18 40 02
-2.05597939E-01 2021 03 06 18 45 02
-4.28901002E-01 2021 03 06 18 50 02
-2.12122939E-01 2021 03 06 18 55 02
-1.82437558E-01 2021 03 06 19 00 02
-1.88681121E-01 2021 03 06 19 05 02
-9.33603782E-02 2021 03 06 19 10 02
-3.24637067E-01 2021 03 06 19 15 02
-2.67807159E-01 2021 03 06 19 20 02
-5.40183303E-01 2021 03 06 19 25 02
-3.45665165E-01 2021 03 06 19 30 02
-3.12422992E-01 2021 03 06 19 35 02
-3.09021308E-01 2021 03 06 19 40 02
-3.26130082E-01 2021 03 06 19 45 02
-1.20308069E-01 2021 03 06 19 50 02
-3.29768944E-01 2021 03 06 19 55 02
-1.04602836E-01 2021 03 06 20 00 02
-1.27626849E-01 2021 03 06 20 05 02
-1.77545583E-01 2021 03 06 20 10 02
-8.05071341E-02 2021 03 06 20 15 02
-8.90871949E-02 2021 03 06 20 20 02
-7.30484094E-03 2021 03 06 20 25 03
+1.26061846E-01 2021 03 06 20 30 02
+1.93477062E-01 2021 03 06 20 35 02
-6.96811843E-02 2021 03 06 20 40 02
-9.19630887E-02 2021 03 06 20 45 02
-2.15509790E-02 2021 03 06 20 50 03
-9.90420905E-02 2021 03 06 20 55 02
-8.80119813E-02 2021 03 06 21 00 02
-8.63200506E-02 2021 03 06 21 05 02
-2.96344684E-02 2021 03 06 21 10 02
-5.00398183E-03 2021 03 06 21 15 03
+7.59720998E-02 2021 03 06 21 20 02
+1.39775216E-01 2021 03 06 21 25 02
+2.36543260E-01 2021 03 06 21 30 02
+1.44132922E-01 2021 03 06 21 35 02
+3.64703142E-02 2021 03 06 21 40 03
-1.49878049E-01 2021 03 06 21 45 02
-4.79169087E-02 2021 03 06 21 50 02
-1.59921317E-01 2021 03 06 21 55 02
-3.49863569E-02 2021 03 06 22 00 02
+2.71255062E-02 2021 03 06 22 05 02
-1.60140693E-01 2021 03 06 22 10 02
-3.13315371E-02 2021 03 06 22 15 02
+4.03735967E-02 2021 03 06 22 20 02
+6.16069150E-02 2021 03 06 22 25 02
+1.11490464E-01 2021 03 06 22 30 02
+1.34228597E-01 2021 03 06 22 35 02
+1.89922890E-01 2021 03 06 22 40 03
+1.10849397E-01 2021 03 06 22 45 02
+2.44095825E-01 2021 03 06 22 50 02
+3.24578618E-01 2021 03 06 22 55 02
+2.41891347E-01 2021 03 06 23 00 02
+2.65778795E-01 2021 03 06 23 05 03
+2.41689442E-01 2021 03 06 23 10 02
+1.93904054E-01 2021 03 06 23 15 02
+2.37567917E-01 2021 03 06 23 20 02
+3.46012962E-01 2021 03 06 23 25 02
+2.55291470E-01 2021 03 06 23 30 03
+2.15955955E-01 2021 03 06 23 35 02
+2.29904462E-01 2021 03 06 23 40 02
+3.34260829E-01 2021 03 06 23 45 02
+3.48428793E-01 2021 03 06 23 50 02
+2.79020733E-01 2021 03 06 23 55 02
