-6.40409923E-01 2021 03 11 00 00 02
-7.11621859E-01 2021 03 11 00 05 02
-6.89342653E-01 2021 03 11 00 10 02
-7.19023018E-01 2021 03 11 00 15 02
-6.36205420E-01 2021 03 11 00 20 02
-6.67262699E-01 2021 03 11 00 25 03
-6.69721725E-01 2021 03 11 00 30 02
-6.47347293E-01 2021 03 11 00 35 02
-6.16043581E-01 2021 03 11 00 40 02
-5.96458819E-01 2021 03 11 00 45 02
-6.02742569E-01 2021 03 11 00 50 03
-5.81807795E-01 2021 03 11 00 55 02
-5.68695593E-01 2021 03 11 01 00 02
-5.43160204E-01 2021 03 11 01 05 02
-5.28099323E-01 2021 03 11 01 10 02
-5.35455065E-01 2021 03 11 01 15 03
-5.08276706E-01 2021 03 11 01 20 02
-4.63810299E-01 2021 03 11 01 25 02
-4.61960652E-01 2021 03 11 01 30 02
-4.67395784E-01 2021 03 11 01 35 02
-4.65258266E-01 2021 03 11 01 40 02
-4.17669750E-01 2021 03 11 01 45 02
-3.64473757E-01 2021 03 11 01 50 02
-3.39947786E-01 2021 03 11 01 55 02
-3.40315939E-01 2021 03 11 02 00 02
-2.90724875E-01 2021 03 11 02 05 02
-2.75028214E-01 2021 03 11 02 10 02
-3.02628327E-01 2021 03 11 02 15 02
-3.17576601E-01 2021 03 11 02 20 02
-3.23439731E-01 2021 03 11 02 25 02
-2.58547815E-01 2021 03 11 02 30 02
-2.38705990E-01 2021 03 11 02 35 02
-2.20171512E-01 2021 03 11 02 40 03
-2.24851999E-01 2021 03 11 02 45 02
-1.89770143E-01 2021 03 11 02 50 02
-1.38270302E-01 2021 03 11 02 55 02
-1.72022611E-01 2021 03 11 03 00 02
-1.14615630E-01 2021 03 11 03 05 03
-7.11751715E-02 2021 03 11 03 10 02
-5.89954968E-02 2021 03 11 03 15 02
+8.07550597E-03 2021 03 11 03 20 02
+1.82288140E-02 2021 03 11 03 25 02
+8.94198351E-02 2021 03 11 03 30 02
+8.65713919E-02 2021 03 11 03 35 02
+3.85937898E-02 2021 03 11 03 40 02
+9.16955231E-02 2021 03 11 03 45 02
+5.45884668E-02 2021 03 11 03 50 02
+4.02629387E-02 2021 03 11 03 55 02
+3.10570436E-02 2021 03 11 04 00 02
+7.94500360E-02 2021 03 11 04 05 02
+8.74797301E-02 2021 03 11 04 10 02
+1.29797332E-01 2021 03 11 04 15 02
+1.22191087E-01 2021 03 11 04 20 02
+1.38080472E-01 2021 03 11 04 25 02
+1.54377583E-01 2021 03 11 04 30 03
+1.47488220E-01 2021 03 11 04 35 02
+1.76096308E-01 2021 03 11 04 40 02
+1.63321427E-01 2021 03 11 04 45 02
+1.57428452E-01 2021 03 11 04 50 02
+1.89098270E-01 2021 03 11 04 55 03
+2.03403676E-01 2021 03 11 05 00 02
+1.70864776E-01 2021 03 11 05 05 02
+1.88050941E-01 2021 03 11 05 10 02
+1.25417116E-01 2021 03 11 05 15 02
+1.74273899E-01 2021 03 11 05 20 02
+1.30226464E-01 2021 03 11 05 25 02
+2.06234828E-01 2021 03 11 05 30 03
+2.42952277E-01 2021 03 11 05 35 02
+2.71383856E-01 2021 03 11 05 40 02
+2.25645635E-01 2021 03 11 05 45 02
+2.33090843E-01 2021 03 11 05 50 02
+1.70293721E-01 2021 03 11 05 55 03
+2.35033517E-01 2021 03 11 06 00 02
+2.19982697E-01 2021 03 11 06 05 02
+2.59758267E-01 2021 03 11 06 10 02
+1.78874097E-01 2021 03 11 06 15 02
+1.92724846E-01 2021 03 11 06 20 03
+2.34781548E-01 2021 03 11 06 25 02
+1.77819779E-01 2021 03 11 06 30 02
+2.34550600E-01 2021 03 11 06 35 02
+1.54077170E-01 2021 03 11 06 40 02
+1.46836709E-01 2021 03 11 06 45 03
+7.76317592E-02 2021 03 11 06 50 02
+7.98762122E-02 2021 03 11 06 55 02
+1.07498691E-01 2021 03 11 07 00 02
+4.29534218E-02 2021 03 11 07 05 02
+1.68843244E-02 2021 03 11 07 10 03
-3.58545423E-02 2021 03 11 07 15 02
-4.58565133E-02 2021 03 11 07 20 02
-7.44829751E-02 2021 03 11 07 25 02
-1.20771678E-01 2021 03 11 07 30 02
-1.55127596E-01 2021 03 11 07 35 02
-2.76848962E-01 2021 03 11 07 40 02
-2.25764176E-01 2021 03 11 07 45 02
-2.71429060E-01 2021 03 11 07 50 02
-2.87537768E-01 2021 03 11 07 55 02
-3.13038235E-01 2021 03 11 08 00 02
-3.66667603E-01 2021 03 11 08 05 02
-3.59676703E-01 2021 03 11 08 10 02
-4.28315746E-01 2021 03 11 08 15 02
-4.75031266E-01 2021 03 11 08 20 02
-5.17345982E-01 2021 03 11 08 25 02
-4.36124252E-01 2021 03 11 08 30 02
-5.27015490E-01 2021 03 11 08 35 02
-5.84384571E-01 2021 03 11 08 40 02
-6.71131881E-01 2021 03 11 08 45 02
-7.16455856E-01 2021 03 11 08 50 02
-6.93611600E-01 2021 03 11 08 55 02
-7.01167366E-01 2021 03 11 09 00 03
-7.30135393E-01 2021 03 11 09 05 02
-7.11231698E-01 2021 03 11 09 10 02
-7.77695429E-01 2021 03 11 09 15 02
-7.27603734E-01 2021 03 11 09 20 02
-8.09987108E-01 2021 03 11 09 25 03
-8.23272140E-01 2021 03 11 09 30 02
-8.20538190E-01 2021 03 11 09 35 02
-8.83519104E-01 2021 03 11 09 40 02
-9.15873699E-01 2021 03 11 09 45 02
-8.87753607E-01 2021 03 11 09 50 03
-9.22654712E-01 2021 03 11 09 55 02
-9.59058808E-01 2021 03 11 10 00 02
-9.30014591E-01 2021 03 11 10 05 02
-9.55940527E-01 2021 03 11 10 10 02
-8.96504574E-01 2021 03 11 10 15 02
-9.51600684E-01 2021 03 11 10 20 02
-1.01407319E+00 2021 03 11 10 25 02
-9.82062130E-01 2021 03 11 10 30 02
-1.04195895E+00 2021 03 11 10 35 02
-9.76643415E-01 2021 03 11 10 40 02
-9.46802435E-01 2021 03 11 10 45 02
-9.69340714E-01 2021 03 11 10 50 02
-9.28396827E-01 2021 03 11 10 55 02
-9.37890741E-01 2021 03 11 11 00 02
-8.97048554E-01 2021 03 11 11 05 02
-9.52118568E-01 2021 03 11 11 10 02
-8.63771187E-01 2021 03 11 11 15 03
-8.39221264E-01 2021 03 11 11 20 02
-8.68055190E-01 2021 03 11 11 25 02
-8.28799842E-01 2021 03 11 11 30 02
-8.32261917E-01 2021 03 11 11 35 02
-8.04857250E-01 2021 03 11 11 40 03
-8.35819855E-01 2021 03 11 11 45 02
-8.89580104E-01 2021 03 11 11 50 02
-7.38852263E-01 2021 03 11 11 55 02
-7.23041524E-01 2021 03 11 12 00 02
-6.62551224E-01 2021 03 11 12 05 02
-7.50871006E-01 2021 03 11 12 10 02
-7.30944333E-01 2021 03 11 12 15 02
-6.81151844E-01 2021 03 11 12 20 02
-5.88138504E-01 2021 03 11 12 25 02
-6.02392971E-01 2021 03 11 12 30 02
-5.61319222E-01 2021 03 11 12 35 02
-5.70922573E-01 2021 03 11 12 40 02
-4.90829350E-01 2021 03 11 12 45 02
-5.32236636E-01 2021 03 11 12 50 02
-6.29719713E-01 2021 03 11 12 55 02
-4.98571652E-01 2021 03 11 13 00 02
-4.35135082E-01 2021 03 11 13 05 02
-4.91766169E-01 2021 03 11 13 10 02
-4.61344408E-01 2021 03 11 13 15 02
-3.84719005E-01 2021 03 11 13 20 02
-3.69160741E-01 2021 03 11 13 25 02
-4.94935350E-01 2021 03 11 13 30 03
-3.51712178E-01 2021 03 11 13 35 02
-3.54728016E-01 2021 03 11 13 40 02
-3.17511913E-01 2021 03 11 13 45 02
-3.74513628E-01 2021 03 11 13 50 02
-3.80095984E-01 2021 03 11 13 55 03
-4.12035786E-01 2021 03 11 14 00 02
-4.34245285E-01 2021 03 11 14 05 02
-3.12801244E-01 2021 03 11 14 10 02
-3.61329691E-01 2021 03 11 14 15 02
-2.75799291E-01 2021 03 11 14 20 02
-3.75558805E-01 2021 03 11 14 25 02
-3.50352257E-01 2021 03 11 14 30 02
-2.87404892E-01 2021 03 11 14 35 02
-3.57677558E-01 2021 03 11 14 40 02
-3.42261500E-01 2021 03 11 14 45 02
-4.13729158E-01 2021 03 11 14 50 02
-2.76928354E-01 2021 03 11 14 55 02
-3.92734474E-01 2021 03 11 15 00 02
-4.58008425E-01 2021 03 11 15 05 02
-4.28440942E-01 2021 03 11 15 10 02
-5.11861240E-01 2021 03 11 15 15 02
-4.71457709E-01 2021 03 11 15 20 03
-5.09697688E-01 2021 03 11 15 25 02
-4.70335803E-01 2021 03 11 15 30 02
-4.04144461E-01 2021 03 11 15 35 02
-4.54545623E-01 2021 03 11 15 40 02
-4.56240121E-01 2021 03 11 15 45 03
-5.98109410E-01 2021 03 11 15 50 02
-5.42753843E-01 2021 03 11 15 55 02
-5.12101622E-01 2021 03 11 16 00 02
-5.24281304E-01 2021 03 11 16 05 02
-4.98295884E-01 2021 03 11 16 10 02
-5.01608855E-01 2021 03 11 16 15 02
-5.00183308E-01 2021 03 11 16 20 02
-5.02742189E-01 2021 03 11 16 25 02
-5.28062452E-01 2021 03 11 16 30 02
-5.11552236E-01 2021 03 11 16 35 02
-4.89376147E-01 2021 03 11 16 40 02
-4.69897927E-01 2021 03 11 16 45 03
-4.92495970E-01 2021 03 11 16 50 02
-4.91152778E-01 2021 03 11 16 55 02
-4.20463032E-01 2021 03 11 17 00 02
-3.81623331E-01 2021 03 11 17 05 02
-5.24276985E-01 2021 03 11 17 10 03
-4.98759552E-01 2021 03 11 17 15 02
-5.10177936E-01 2021 03 11 17 20 02
-4.91774469E-01 2021 03 11 17 25 02
-4.87802588E-01 2021 03 11 17 30 02
-4.96151461E-01 2021 03 11 17 35 02
-4.00064325E-01 2021 03 11 17 40 02
-4.05623390E-01 2021 03 11 17 45 02
-4.51042158E-01 2021 03 11 17 50 02
-4.87818674E-01 2021 03 11 17 55 02
-3.79447662E-01 2021 03 11 18 00 02
-3.25729316E-01 2021 03 11 18 05 02
-2.29679956E-01 2021 03 11 18 10 02
-3.28855503E-01 2021 03 11 18 15 02
-3.16114764E-01 2021 03 11 18 20 02
-3.00283976E-01 2021 03 11 18 25 02
-3.20374810E-01 2021 03 11 18 30 02
-2.88802518E-01 2021 03 11 18 35 02
-3.26541706E-01 2021 03 11 18 40 02
-3.55354873E-01 2021 03 11 18 45 02
-3.85248596E-01 2021 03 11 18 50 02
-2.38323366E-01 2021 03 11 18 55 02
-3.19812826E-01 2021 03 11 19 00 03
-3.10265572E-01 2021 03 11 19 05 02
-3.70255625E-01 2021 03 11 19 10 02
-3.87736160E-01 2021 03 11 19 15 02
-4.39956312E-01 2021 03 11 19 20 02
-4.37572284E-01 2021 03 11 19 25 03
-4.20733856E-01 2021 03 11 19 30 02
-4.47662472E-01 2021 03 11 19 35 02
-4.89325076E-01 2021 03 11 19 40 02
-4.01313834E-01 2021 03 11 19 45 02
-5.14069417E-01 2021 03 11 19 50 03
-5.07556286E-01 2021 03 11 19 55 02
-4.90501144E-01 2021 03 11 20 00 02
-4.47445248E-01 2021 03 11 20 05 02
-5.07538014E-01 2021 03 11 20 10 02
-5.54941999E-01 2021 03 11 20 15 02
-5.80775305E-01 2021 03 11 20 20 02
-6.02437514E-01 2021 03 11 20 25 02
-6.41774944E-01 2021 03 11 20 30 02
-7.65638360E-01 2021 03 11 20 35 02
-6.83326611E-01 2021 03 11 20 40 02
-6.54570942E-01 2021 03 11 20 45 02
-6.46475386E-01 2021 03 11 20 50 02
-6.74420425E-01 2021 03 11 20 55 02
-7.23405957E-01 2021 03 11 21 00 02
-7.72050307E-01 2021 03 11 21 05 02
-7.92032138E-01 2021 03 11 21 10 02
-7.76854733E-01 2021 03 11 21 15 02
-8.48484839E-01 2021 03 11 21 20 02
-8.63019307E-01 2021 03 11 21 25 02
-7.93196504E-01 2021 03 11 21 30 02
-8.50331658E-01 2021 03 11 21 35 02
-8.77912088E-01 2021 03 11 21 40 03
-9.34887804E-01 2021 03 11 21 45 02
-9.33166974E-01 2021 03 11 21 50 02
-8.88509794E-01 2021 03 11 21 55 02
-9.48037394E-01 2021 03 11 22 00 02
-9.23202820E-01 2021 03 11 22 05 03
-9.12564846E-01 2021 03 11 22 10 02
-9.79952049E-01 2021 03 11 22 15 02
-9.65933754E-01 2021 03 11 22 20 02
-1.02699472E+00 2021 03 11 22 25 02
-1.02176984E+00 2021 03 11 22 30 02
-1.02438600E+00 2021 03 11 22 35 02
-1.03776004E+00 2021 03 11 22 40 02
-1.01692932E+00 2021 03 11 22 45 02
-1.07087192E+00 2021 03 11 22 50 02
-1.05641167E+00 2021 03 11 22 55 02
-1.10858387E+00 2021 03 11 23 00 02
-1.03503805E+00 2021 03 11 23 05 02
-1.05335242E+00 2021 03 11 23 10 02
-1.00907067E+00 2021 03 11 23 15 02
-1.09233501E+00 2021 03 11 23 20 02
-1.09630265E+00 2021 03 11 23 25 02
-1.15521716E+00 2021 03 11 23 30 03
-1.13505138E+00 2021 03 11 23 35 02
-1.10651819E+00 2021 03 11 23 40 02
-1.14032630E+00 2021 03 11 23 45 02
-1.12445142E+00 2021 03 11 23 50 02
-1.03666073E+00 2021 03 11 23 55 03
