-3.72298214E-01 2021 03 05 00 00 03
-4.27634793E-01 2021 03 05 00 05 02
-4.07733309E-01 2021 03 05 00 10 02
-3.52986505E-01 2021 03 05 00 15 02
-3.31275378E-01 2021 03 05 00 20 02
-3.13591392E-01 2021 03 05 00 25 02
-3.15448164E-01 2021 03 05 00 30 02
-3.17714491E-01 2021 03 05 00 35 02
-2.97581962E-01 2021 03 05 00 40 02
-2.44444750E-01 2021 03 05 00 45 02
-2.94128109E-01 2021 03 05 00 50 03
-3.83619332E-01 2021 03 05 00 55 02
-3.13321457E-01 2021 03 05 01 00 02
-3.79237083E-01 2021 03 05 01 05 02
-4.10395573E-01 2021 03 05 01 10 02
-4.42319075E-01 2021 03 05 01 15 03
-4.50329372E-01 2021 03 05 01 20 02
-4.35309954E-01 2021 03 05 01 25 02
-3.15318628E-01 2021 03 05 01 30 02
-1.99721214E-01 2021 03 05 01 35 02
-1.32842621E-01 2021 03 05 01 40 02
-2.10356204E-01 2021 03 05 01 45 02
-2.70331193E-01 2021 03 05 01 50 02
-3.57315818E-01 2021 03 05 01 55 02
-4.20439622E-01 2021 03 05 02 00 02
-4.82919493E-01 2021 03 05 02 05 02
-5.37164505E-01 2021 03 05 02 10 02
-5.03217385E-01 2021 03 05 02 15 02
-5.14751399E-01 2021 03 05 02 20 02
-5.51004665E-01 2021 03 05 02 25 02
-5.88979577E-01 2021 03 05 02 30 02
-6.43762060E-01 2021 03 05 02 35 02
-6.52291976E-01 2021 03 05 02 40 03
-6.49806193E-01 2021 03 05 02 45 02
-6.42222953E-01 2021 03 05 02 50 02
-5.74426509E-01 2021 03 05 02 55 02
-6.15167976E-01 2021 03 05 03 00 02
-5.44002640E-01 2021 03 05 03 05 02
-6.34615818E-01 2021 03 05 03 10 02
-5.95942124E-01 2021 03 05 03 15 03
-5.55997280E-01 2021 03 05 03 20 02
-6.19267369E-01 2021 03 05 03 25 02
-6.93698768E-01 2021 03 05 03 30 02
-6.97919263E-01 2021 03 05 03 35 02
-6.20148292E-01 2021 03 05 03 40 03
-6.32769299E-01 2021 03 05 03 45 02
-6.23602592E-01 2021 03 05 03 50 02
-6.17220117E-01 2021 03 05 03 55 02
-6.80057158E-01 2021 03 05 04 00 02
-6.88947002E-01 2021 03 05 04 05 02
-7.12000153E-01 2021 03 05 04 10 02
-7.21619525E-01 2021 03 05 04 15 02
-7.32586092E-01 2021 03 05 04 20 02
-7.00294125E-01 2021 03 05 04 25 02
-7.09738104E-01 2021 03 05 04 30 02
-8.30423098E-01 2021 03 05 04 35 02
-8.84746211E-01 2021 03 05 04 40 02
-8.23157002E-01 2021 03 05 04 45 02
-8.35160650E-01 2021 03 05 04 50 02
-8.65734080E-01 2021 03 05 04 55 02
-7.94272981E-01 2021 03 05 05 00 02
-7.96296225E-01 2021 03 05 05 05 03
-7.83311535E-01 2021 03 05 05 10 02
-7.85777629E-01 2021 03 05 05 15 02
-7.84108829E-01 2021 03 05 05 20 02
-7.71905490E-01 2021 03 05 05 25 02
-6.68813243E-01 2021 03 05 05 30 03
-7.08518628E-01 2021 03 05 05 35 02
-7.94263936E-01 2021 03 05 05 40 02
-7.47354763E-01 2021 03 05 05 45 02
-7.76912664E-01 2021 03 05 05 50 02
-7.02512008E-01 2021 03 05 05 55 02
-6.98658515E-01 2021 03 05 06 00 02
-7.51418086E-01 2021 03 05 06 05 02
-7.09655549E-01 2021 03 05 06 10 02
-6.55461338E-01 2021 03 05 06 15 02
-6.38587908E-01 2021 03 05 06 20 02
-6.55295682E-01 2021 03 05 06 25 02
-6.93298150E-01 2021 03 05 06 30 03
-6.48832991E-01 2021 03 05 06 35 02
-7.12467247E-01 2021 03 05 06 40 02
-5.39832874E-01 2021 03 05 06 45 02
-5.66586100E-01 2021 03 05 06 50 02
-5.58044539E-01 2021 03 05 06 55 03
-5.04932591E-01 2021 03 05 07 00 02
-4.65895565E-01 2021 03 05 07 05 02
-5.86124553E-01 2021 03 05 07 10 02
-4.73855154E-01 2021 03 05 07 15 02
-5.73093866E-01 2021 03 05 07 20 02
-5.32586041E-01 2021 03 05 07 25 02
-5.73838172E-01 2021 03 05 07 30 03
-6.15629863E-01 2021 03 05 07 35 02
-4.15765234E-01 2021 03 05 07 40 02
-4.64880529E-01 2021 03 05 07 45 02
-5.60657942E-01 2021 03 05 07 50 02
-4.25753305E-01 2021 03 05 07 55 03
-5.73743597E-01 2021 03 05 08 00 02
-4.51514286E-01 2021 03 05 08 05 02
-5.05616918E-01 2021 03 05 08 10 02
-5.87098277E-01 2021 03 05 08 15 02
-5.51962970E-01 2021 03 05 08 20 02
-4.57063151E-01 2021 03 05 08 25 02
-4.47416374E-01 2021 03 05 08 30 02
-5.22955197E-01 2021 03 05 08 35 02
-4.14728484E-01 2021 03 05 08 40 02
-4.02324067E-01 2021 03 05 08 45 02
-4.80960574E-01 2021 03 05 08 50 02
-4.71793525E-01 2021 03 05 08 55 03
-4.34066829E-01 2021 03 05 09 00 02
-4.44826831E-01 2021 03 05 09 05 02
-3.83622004E-01 2021 03 05 09 10 02
-3.42598949E-01 2021 03 05 09 15 02
-3.74324708E-01 2021 03 05 09 20 02
-3.91599161E-01 2021 03 05 09 25 02
-3.68373337E-01 2021 03 05 09 30 02
-3.74665568E-01 2021 03 05 09 35 02
-3.14532904E-01 2021 03 05 09 40 02
-3.32490532E-01 2021 03 05 09 45 02
-3.56389805E-01 2021 03 05 09 50 02
-3.33006769E-01 2021 03 05 09 55 03
-4.33675100E-01 2021 03 05 10 00 02
-2.54087865E-01 2021 03 05 10 05 02
-3.04443681E-01 2021 03 05 10 10 02
-3.47290675E-01 2021 03 05 10 15 02
-3.48786683E-01 2021 03 05 10 20 03
-3.37515844E-01 2021 03 05 10 25 02
-3.51813464E-01 2021 03 05 10 30 02
-3.72095911E-01 2021 03 05 10 35 02
-3.55276941E-01 2021 03 05 10 40 02
-3.19321310E-01 2021 03 05 10 45 02
-3.48300254E-01 2021 03 05 10 50 02
-3.83974943E-01 2021 03 05 10 55 02
-2.87231298E-01 2021 03 05 11 00 02
-2.99785196E-01 2021 03 05 11 05 02
-4.10888646E-01 2021 03 05 11 10 02
-2.78234459E-01 2021 03 05 11 15 02
-2.72638524E-01 2021 03 05 11 20 03
-2.34158866E-01 2021 03 05 11 25 02
-2.46347946E-01 2021 03 05 11 30 02
-2.78055643E-01 2021 03 05 11 35 02
-2.37492572E-01 2021 03 05 11 40 02
-2.69723285E-01 2021 03 05 11 45 03
-1.73163693E-01 2021 03 05 11 50 02
-2.81305701E-01 2021 03 05 11 55 02
-2.11504152E-01 2021 03 05 12 00 02
-1.71404561E-01 2021 03 05 12 05 02
-1.19145226E-01 2021 03 05 12 10 02
-8.24954008E-02 2021 03 05 12 15 02
-1.68683042E-01 2021 03 05 12 20 02
-1.25520712E-01 2021 03 05 12 25 02
-1.61585559E-01 2021 03 05 12 30 02
-1.44478890E-01 2021 03 05 12 35 02
-1.33517273E-01 2021 03 05 12 40 02
-1.52245835E-01 2021 03 05 12 45 03
-2.50374261E-01 2021 03 05 12 50 02
-2.21285593E-01 2021 03 05 12 55 02
-2.16403724E-01 2021 03 05 13 00 02
-4.03091486E-01 2021 03 05 13 05 02
-2.50887038E-01 2021 03 05 13 10 02
-4.09533861E-01 2021 03 05 13 15 02
-4.04712531E-01 2021 03 05 13 20 02
-4.02258857E-01 2021 03 05 13 25 02
-5.41932196E-01 2021 03 05 13 30 02
-4.77549539E-01 2021 03 05 13 35 02
-5.07268064E-01 2021 03 05 13 40 02
-4.73823328E-01 2021 03 05 13 45 02
-4.44744812E-01 2021 03 05 13 50 02
-4.84939175E-01 2021 03 05 13 55 02
-5.01851406E-01 2021 03 05 14 00 02
-5.61476506E-01 2021 03 05 14 05 02
-6.10982792E-01 2021 03 05 14 10 03
-4.58613593E-01 2021 03 05 14 15 02
-5.04039448E-01 2021 03 05 14 20 02
-4.69407947E-01 2021 03 05 14 25 02
-5.33527286E-01 2021 03 05 14 30 02
-5.23661169E-01 2021 03 05 14 35 03
-6.19493841E-01 2021 03 05 14 40 02
-6.55455760E-01 2021 03 05 14 45 02
-6.87584808E-01 2021 03 05 14 50 02
-5.57604857E-01 2021 03 05 14 55 02
-7.35574415E-01 2021 03 05 15 00 02
-7.01706138E-01 2021 03 05 15 05 02
-6.71342120E-01 2021 03 05 15 10 02
-8.33026766E-01 2021 03 05 15 15 02
-8.54484872E-01 2021 03 05 15 20 02
-8.38970161E-01 2021 03 05 15 25 02
-8.99368032E-01 2021 03 05 15 30 02
-9.69894663E-01 2021 03 05 15 35 03
-1.01256498E+00 2021 03 05 15 40 02
-9.86467317E-01 2021 03 05 15 45 02
-1.07800734E+00 2021 03 05 15 50 02
-9.45586266E-01 2021 03 05 15 55 02
-9.53342246E-01 2021 03 05 16 00 03
-9.46110387E-01 2021 03 05 16 05 02
-9.21952108E-01 2021 03 05 16 10 02
-9.38910075E-01 2021 03 05 16 15 02
-9.38884563E-01 2021 03 05 16 20 02
-1.09924034E+00 2021 03 05 16 25 02
-9.90402079E-01 2021 03 05 16 30 02
-9.61533412E-01 2021 03 05 16 35 02
-9.76282440E-01 2021 03 05 16 40 02
-9.58120690E-01 2021 03 05 16 45 02
-9.91316616E-01 2021 03 05 16 50 02
-9.89161430E-01 2021 03 05 16 55 02
-9.79392881E-01 2021 03 05 17 00 03
-9.98687890E-01 2021 03 05 17 05 02
-1.11057209E+00 2021 03 05 17 10 02
-9.99268024E-01 2021 03 05 17 15 02
-1.09786799E+00 2021 03 05 17 20 02
-1.14981625E+00 2021 03 05 17 25 03
-1.05807643E+00 2021 03 05 17 30 02
-9.97455958E-01 2021 03 05 17 35 02
-1.07518897E+00 2021 03 05 17 40 02
-1.00628040E+00 2021 03 05 17 45 02
-1.13611613E+00 2021 03 05 17 50 02
-1.13331737E+00 2021 03 05 17 55 02
-1.11961716E+00 2021 03 05 18 00 02
-1.19482006E+00 2021 03 05 18 05 02
-1.01697874E+00 2021 03 05 18 10 02
-8.82557435E-01 2021 03 05 18 15 02
-8.00748001E-01 2021 03 05 18 20 02
-9.53428340E-01 2021 03 05 18 25 03
-8.87458284E-01 2021 03 05 18 30 02
-8.46671440E-01 2021 03 05 18 35 02
-8.40765698E-01 2021 03 05 18 40 02
-8.39079081E-01 2021 03 05 18 45 02
-7.49572309E-01 2021 03 05 18 50 03
-6.41352085E-01 2021 03 05 18 55 02
-6.39597422E-01 2021 03 05 19 00 02
-6.21698781E-01 2021 03 05 19 05 02
-6.10808745E-01 2021 03 05 19 10 02
-6.01119185E-01 2021 03 05 19 15 02
-5.09016493E-01 2021 03 05 19 20 02
-4.37291386E-01 2021 03 05 19 25 02
-4.26084105E-01 2021 03 05 19 30 02
-4.45742970E-01 2021 03 05 19 35 02
-5.32382561E-01 2021 03 05 19 40 02
-5.05803382E-01 2021 03 05 19 45 02
-4.47339261E-01 2021 03 05 19 50 02
-3.97031431E-01 2021 03 05 19 55 02
-4.06376401E-01 2021 03 05 20 00 02
-4.72986509E-01 2021 03 05 20 05 02
-4.22099268E-01 2021 03 05 20 10 02
-4.37376784E-01 2021 03 05 20 15 03
-3.30241477E-01 2021 03 05 20 20 02
-3.77325542E-01 2021 03 05 20 25 02
-3.12458131E-01 2021 03 05 20 30 02
-2.52073664E-01 2021 03 05 20 35 02
-2.50270524E-01 2021 03 05 20 40 02
-3.24041558E-01 2021 03 05 20 45 02
-4.01161236E-01 2021 03 05 20 50 02
-3.77818641E-01 2021 03 05 20 55 02
-3.35785224E-01 2021 03 05 21 00 03
-2.77659163E-01 2021 03 05 21 05 02
-2.42139855E-01 2021 03 05 21 10 02
-2.34728365E-01 2021 03 05 21 15 02
-2.68489741E-01 2021 03 05 21 20 02
-2.09789257E-01 2021 03 05 21 25 02
-2.01820624E-01 2021 03 05 21 30 02
-1.73489376E-01 2021 03 05 21 35 02
-2.36942401E-01 2021 03 05 21 40 02
-2.20689312E-01 2021 03 05 21 45 02
-1.57047834E-01 2021 03 05 21 50 02
-9.86206141E-02 2021 03 05 21 55 02
-8.62247216E-02 2021 03 05 22 00 02
-1.34609142E-01 2021 03 05 22 05 02
-1.18757138E-01 2021 03 05 22 10 02
-1.24839910E-01 2021 03 05 22 15 02
-1.11229305E-01 2021 03 05 22 20 02
-9.72488116E-02 2021 03 05 22 25 03
-5.96343484E-02 2021 03 05 22 30 02
-1.18883599E-01 2021 03 05 22 35 02
+8.23561550E-03 2021 03 05 22 40 02
-1.77078381E-01 2021 03 05 22 45 02
-2.56696575E-01 2021 03 05 22 50 03
-2.19335377E-01 2021 03 05 22 55 02
-2.54298209E-01 2021 03 05 23 00 02
-1.53929481E-01 2021 03 05 23 05 02
-1.53745082E-01 2021 03 05 23 10 02
-1.55158009E-01 2021 03 05 23 15 02
-8.64441096E-02 2021 03 05 23 20 02
-8.64006552E-02 2021 03 05 23 25 02
+8.85818274E-03 2021 03 05 23 30 02
-9.07595446E-02 2021 03 05 23 35 02
-8.45075808E-02 2021 03 05 23 40 02
-5.31441141E-02 2021 03 05 23 45 02
-1.15081595E-01 2021 03 05 23 50 02
-7.77702283E-02 2021 03 05 23 55 02
