-9.64885099E-01 2021 03 13 00 00 02
-1.03552916E+00 2021 03 13 00 05 02
-1.01938148E+00 2021 03 13 00 10 02
-1.11556527E+00 2021 03 13 00 15 02
-1.21796014E+00 2021 03 13 00 20 02
-1.24293845E+00 2021 03 13 00 25 02
-1.23838426E+00 2021 03 13 00 30 02
-1.18209234E+00 2021 03 13 00 35 02
-1.14259151E+00 2021 03 13 00 40 02
-1.14771830E+00 2021 03 13 00 45 02
-1.05025067E+00 2021 03 13 00 50 02
-9.94745049E-01 2021 03 13 00 55 02
-9.17234907E-01 2021 03 13 01 00 02
-8.74405150E-01 2021 03 13 01 05 02
-8.32197570E-01 2021 03 13 01 10 02
-8.12506022E-01 2021 03 13 01 15 02
-7.66529453E-01 2021 03 13 01 20 02
-6.78419712E-01 2021 03 13 01 25 02
-6.16745494E-01 2021 03 13 01 30 03
-6.07509487E-01 2021 03 13 01 35 02
-6.04647973E-01 2021 03 13 01 40 02
-5.34604349E-01 2021 03 13 01 45 02
-5.64102349E-01 2021 03 13 01 50 02
-7.08160359E-01 2021 03 13 01 55 03
-7.10468677E-01 2021 03 13 02 00 02
-7.09543723E-01 2021 03 13 02 05 02
-6.72800206E-01 2021 03 13 02 10 02
-7.57953743E-01 2021 03 13 02 15 02
-7.37084480E-01 2021 03 13 02 20 02
-7.86220560E-01 2021 03 13 02 25 02
-7.02188906E-01 2021 03 13 02 30 02
-6.88889935E-01 2021 03 13 02 35 02
-6.74865758E-01 2021 03 13 02 40 02
-6.91932958E-01 2021 03 13 02 45 02
-4.23387445E-01 2021 03 13 02 50 02
-2.18351800E-01 2021 03 13 02 55 02
-6.86352985E-02 2021 03 13 03 00 02
+1.22952462E-01 2021 03 13 03 05 02
+8.06424528E-02 2021 03 13 03 10 02
+1.34858450E-01 2021 03 13 03 15 02
+3.99924279E-01 2021 03 13 03 20 03
+3.88692199E-01 2021 03 13 03 25 02
+2.74663261E-01 2021 03 13 03 30 02
+1.99319703E-01 2021 03 13 03 35 02
+1.81673946E-01 2021 03 13 03 40 02
+1.14436617E-01 2021 03 13 03 45 03
-1.10009138E-01 2021 03 13 03 50 02
-2.42240963E-01 2021 03 13 03 55 02
-3.90923977E-01 2021 03 13 04 00 02
-4.14204074E-01 2021 03 13 04 05 02
-4.45483430E-01 2021 03 13 04 10 03
-4.65836726E-01 2021 03 13 04 15 02
-4.94785082E-01 2021 03 13 04 20 02
-5.10942231E-01 2021 03 13 04 25 02
-4.22061005E-01 2021 03 13 04 30 02
-3.25383557E-01 2021 03 13 04 35 03
-2.63984928E-01 2021 03 13 04 40 02
-1.56441706E-01 2021 03 13 04 45 02
-2.85994628E-02 2021 03 13 04 50 02
+6.35245602E-02 2021 03 13 04 55 02
+1.24883112E-01 2021 03 13 05 00 02
+2.49172566E-01 2021 03 13 05 05 02
+3.92697760E-01 2021 03 13 05 10 02
+4.67778936E-01 2021 03 13 05 15 02
+4.59089699E-01 2021 03 13 05 20 02
+4.29482708E-01 2021 03 13 05 25 02
+5.53357592E-01 2021 03 13 05 30 02
+5.58061336E-01 2021 03 13 05 35 02
+4.30460380E-01 2021 03 13 05 40 02
+3.45451373E-01 2021 03 13 05 45 02
+3.05800177E-01 2021 03 13 05 50 02
+1.80720209E-01 2021 03 13 05 55 02
+1.99074471E-01 2021 03 13 06 00 03
+1.52355629E-01 2021 03 13 06 05 02
+2.15743183E-01 2021 03 13 06 10 02
+1.97866477E-01 2021 03 13 06 15 02
+2.24429268E-01 2021 03 13 06 20 02
+2.70662143E-01 2021 03 13 06 25 03
+4.05680742E-01 2021 03 13 06 30 02
+5.36347947E-01 2021 03 13 06 35 02
+4.68658213E-01 2021 03 13 06 40 02
+4.25145949E-01 2021 03 13 06 45 02
+4.76954537E-01 2021 03 13 06 50 03
+4.48766694E-01 2021 03 13 06 55 02
+3.86358295E-01 2021 03 13 07 00 02
+2.59176661E-01 2021 03 13 07 05 02
+2.73818172E-01 2021 03 13 07 10 02
+2.46959374E-01 2021 03 13 07 15 02
+2.59356155E-01 2021 03 13 07 20 02
+1.90341886E-01 2021 03 13 07 25 02
+6.30845320E-02 2021 03 13 07 30 02
+1.25688021E-01 2021 03 13 07 35 02
+1.33925155E-01 2021 03 13 07 40 02
+1.07624522E-01 2021 03 13 07 45 02
+1.49955961E-01 2021 03 13 07 50 03
-4.08450659E-02 2021 03 13 07 55 02
-3.18458330E-02 2021 03 13 08 00 02
-1.24561792E-01 2021 03 13 08 05 02
-1.37260136E-01 2021 03 13 08 10 02
-9.13086986E-02 2021 03 13 08 15 03
-4.97423277E-02 2021 03 13 08 20 02
-1.53643472E-01 2021 03 13 08 25 02
-9.53303456E-02 2021 03 13 08 30 02
-4.22767272E-02 2021 03 13 08 35 02
-1.31503302E-01 2021 03 13 08 40 02
-5.91145187E-02 2021 03 13 08 45 02
-1.97623473E-01 2021 03 13 08 50 02
-5.75187130E-02 2021 03 13 08 55 02
-1.12749041E-01 2021 03 13 09 00 02
-1.79781037E-01 2021 03 13 09 05 02
-2.17299040E-01 2021 03 13 09 10 02
-1.74744748E-01 2021 03 13 09 15 02
-1.85851097E-01 2021 03 13 09 20 02
-3.87463261E-01 2021 03 13 09 25 02
-1.87737612E-01 2021 03 13 09 30 02
-3.68293970E-01 2021 03 13 09 35 02
-3.86332387E-01 2021 03 13 09 40 03
-3.49856778E-01 2021 03 13 09 45 02
-3.26258284E-01 2021 03 13 09 50 02
-2.83889626E-01 2021 03 13 09 55 02
-3.34949404E-01 2021 03 13 10 00 02
-4.21728329E-01 2021 03 13 10 05 03
-4.19098263E-01 2021 03 13 10 10 02
-3.46444058E-01 2021 03 13 10 15 02
-4.36467814E-01 2021 03 13 10 20 02
-4.71458713E-01 2021 03 13 10 25 02
-4.62926176E-01 2021 03 13 10 30 03
-5.17087133E-01 2021 03 13 10 35 02
-5.27149870E-01 2021 03 13 10 40 02
-5.25909620E-01 2021 03 13 10 45 02
-6.17845088E-01 2021 03 13 10 50 02
-6.39053984E-01 2021 03 13 10 55 02
-6.86377434E-01 2021 03 13 11 00 02
-6.68653032E-01 2021 03 13 11 05 02
-6.11116634E-01 2021 03 13 11 10 02
-5.29169750E-01 2021 03 13 11 15 02
-6.20426746E-01 2021 03 13 11 20 02
-5.95351365E-01 2021 03 13 11 25 02
-5.64459638E-01 2021 03 13 11 30 02
-6.05729235E-01 2021 03 13 11 35 02
-3.28910315E-01 2021 03 13 11 40 02
-3.04496792E-01 2021 03 13 11 45 02
-3.19538522E-01 2021 03 13 11 50 02
-5.90960241E-01 2021 03 13 11 55 03
-4.91566838E-01 2021 03 13 12 00 02
-5.06943514E-01 2021 03 13 12 05 02
-6.48477241E-01 2021 03 13 12 10 02
-6.28743624E-01 2021 03 13 12 15 02
-5.43225467E-01 2021 03 13 12 20 03
-6.36502528E-01 2021 03 13 12 25 02
-6.17731120E-01 2021 03 13 12 30 02
-6.30171298E-01 2021 03 13 12 35 02
-6.64818794E-01 2021 03 13 12 40 02
-6.55055721E-01 2021 03 13 12 45 02
-6.19240208E-01 2021 03 13 12 50 02
-7.64352027E-01 2021 03 13 12 55 02
-1.78890103E+00 2021 03 13 13 00 02
-1.03194966E+00 2021 03 13 13 05 02
-6.62823562E-01 2021 03 13 13 10 02
-5.32525431E-01 2021 03 13 13 15 02
-3.93865315E-01 2021 03 13 13 20 03
-1.94378732E-01 2021 03 13 13 25 02
-3.93183962E-01 2021 03 13 13 30 02
-5.73469198E-01 2021 03 13 13 35 02
-5.73777890E-01 2021 03 13 13 40 02
-5.66558301E-01 2021 03 13 13 45 02
-7.63698066E-01 2021 03 13 13 50 02
-6.49955320E-01 2021 03 13 13 55 02
-4.25861593E-01 2021 03 13 14 00 02
-5.12344705E-01 2021 03 13 14 05 02
-5.75168808E-01 2021 03 13 14 10 03
-5.01464132E-01 2021 03 13 14 15 02
-5.27475239E-01 2021 03 13 14 20 02
-5.68977738E-01 2021 03 13 14 25 02
-9.39775124E-01 2021 03 13 14 30 02
-1.04128817E+00 2021 03 13 14 35 03
-8.99734244E-01 2021 03 13 14 40 02
-7.45519696E-01 2021 03 13 14 45 02
-7.18757558E-01 2021 03 13 14 50 02
-6.33250310E-01 2021 03 13 14 55 02
-4.52757257E-01 2021 03 13 15 00 03
-4.14565195E-01 2021 03 13 15 05 02
-3.71069687E-01 2021 03 13 15 10 02
-4.47586099E-01 2021 03 13 15 15 02
-4.90733905E-01 2021 03 13 15 20 02
-5.59576332E-01 2021 03 13 15 25 02
-5.73785932E-01 2021 03 13 15 30 02
-6.20004358E-01 2021 03 13 15 35 02
-5.52499880E-01 2021 03 13 15 40 02
-4.62470162E-01 2021 03 13 15 45 02
-4.18034801E-01 2021 03 13 15 50 02
-3.76884264E-01 2021 03 13 15 55 02
-3.63945702E-01 2021 03 13 16 00 02
-3.66079557E-01 2021 03 13 16 05 02
-5.66994825E-01 2021 03 13 16 10 02
-5.04971305E-01 2021 03 13 16 15 02
-5.71783375E-01 2021 03 13 16 20 02
-6.88379253E-01 2021 03 13 16 25 03
-7.31596941E-01 2021 03 13 16 30 02
-6.04040449E-01 2021 03 13 16 35 02
-5.62781878E-01 2021 03 13 16 40 02
-4.98650765E-01 2021 03 13 16 45 02
-5.54136294E-01 2021 03 13 16 50 03
-5.38700430E-01 2021 03 13 16 55 02
-4.61539473E-01 2021 03 13 17 00 02
-3.06800633E-01 2021 03 13 17 05 02
-4.44185976E-01 2021 03 13 17 10 02
-4.75430526E-01 2021 03 13 17 15 03
-2.73726349E-01 2021 03 13 17 20 02
-5.73638605E-01 2021 03 13 17 25 02
-4.03642236E-01 2021 03 13 17 30 02
-3.98279077E-01 2021 03 13 17 35 02
-3.23642288E-01 2021 03 13 17 40 02
-3.24080501E-01 2021 03 13 17 45 02
-3.03545823E-01 2021 03 13 17 50 02
-3.30909359E-01 2021 03 13 17 55 02
-3.18823362E-01 2021 03 13 18 00 02
-3.48670966E-01 2021 03 13 18 05 02
-3.00712098E-01 2021 03 13 18 10 02
-2.62894124E-01 2021 03 13 18 15 02
-2.21675608E-01 2021 03 13 18 20 02
-9.39656975E-02 2021 03 13 18 25 02
-1.47517231E-01 2021 03 13 18 30 02
-7.72470593E-02 2021 03 13 18 35 02
-2.01837389E-01 2021 03 13 18 40 03
-2.12071549E-01 2021 03 13 18 45 02
-3.16761884E-01 2021 03 13 18 50 02
-4.33896951E-01 2021 03 13 18 55 02
-3.19228652E-01 2021 03 13 19 00 02
-2.93862940E-01 2021 03 13 19 05 03
-2.72780109E-01 2021 03 13 19 10 02
-1.72118045E-01 2021 03 13 19 15 02
-7.51209312E-02 2021 03 13 19 20 02
+9.74451234E-02 2021 03 13 19 25 02
+9.87749522E-02 2021 03 13 19 30 02
+1.30016660E-01 2021 03 13 19 35 02
+1.58118792E-01 2021 03 13 19 40 02
+1.04362192E-01 2021 03 13 19 45 02
+1.49408223E-01 2021 03 13 19 50 02
+1.04222379E-01 2021 03 13 19 55 02
-1.39197839E-02 2021 03 13 20 00 02
+8.88809556E-02 2021 03 13 20 05 02
-7.05406725E-02 2021 03 13 20 10 02
-7.97127025E-02 2021 03 13 20 15 02
-9.82582598E-02 2021 03 13 20 20 02
-2.15429899E-01 2021 03 13 20 25 02
-1.72672333E-01 2021 03 13 20 30 03
-1.34798189E-01 2021 03 13 20 35 02
-3.00438519E-01 2021 03 13 20 40 02
-3.72589282E-01 2021 03 13 20 45 02
-3.71700501E-01 2021 03 13 20 50 02
-3.99119222E-01 2021 03 13 20 55 03
-3.84905518E-01 2021 03 13 21 00 02
-4.55534362E-01 2021 03 13 21 05 02
-4.32337051E-01 2021 03 13 21 10 02
-4.39472156E-01 2021 03 13 21 15 02
-5.06073905E-01 2021 03 13 21 20 02
-4.58795738E-01 2021 03 13 21 25 02
-3.83690304E-01 2021 03 13 21 30 02
-5.27543037E-01 2021 03 13 21 35 02
-5.40732193E-01 2021 03 13 21 40 02
-5.63657909E-01 2021 03 13 21 45 02
-6.60413503E-01 2021 03 13 21 50 02
-6.05321074E-01 2021 03 13 21 55 02
-5.73529074E-01 2021 03 13 22 00 02
-6.04574117E-01 2021 03 13 22 05 02
-7.76416188E-01 2021 03 13 22 10 02
-8.86606036E-01 2021 03 13 22 15 02
-9.22500472E-01 2021 03 13 22 20 03
-9.10748828E-01 2021 03 13 22 25 02
-7.61733625E-01 2021 03 13 22 30 02
-8.60413385E-01 2021 03 13 22 35 02
-8.22628067E-01 2021 03 13 22 40 02
-8.03204596E-01 2021 03 13 22 45 03
-8.81986784E-01 2021 03 13 22 50 02
-8.40433773E-01 2021 03 13 22 55 02
-8.74599383E-01 2021 03 13 23 00 02
-9.21064339E-01 2021 03 13 23 05 02
-9.50716660E-01 2021 03 13 23 10 03
-9.11761998E-01 2021 03 13 23 15 02
-9.05536697E-01 2021 03 13 23 20 02
-1.02438122E+00 2021 03 13 23 25 02
-1.01225821E+00 2021 03 13 23 30 02
-1.11238453E+00 2021 03 13 23 35 03
-1.26403163E+00 2021 03 13 23 40 02
-1.37767407E+00 2021 03 13 23 45 02
-1.14554013E+00 2021 03 13 23 50 02
-1.20690890E+00 2021 03 13 23 55 02
