-1.09090236E+00 2021 03 12 00 00 02
-1.13232734E+00 2021 03 12 00 05 03
-1.01960607E+00 2021 03 12 00 10 02
-1.05501910E+00 2021 03 12 00 15 02
-1.11253100E+00 2021 03 12 00 20 02
-1.10696091E+00 2021 03 12 00 25 02
-1.09536744E+00 2021 03 12 00 30 03
-1.10216968E+00 2021 03 12 00 35 02
-1.05051637E+00 2021 03 12 00 40 02
-1.00748040E+00 2021 03 12 00 45 02
-1.00017294E+00 2021 03 12 00 50 02
-1.00765828E+00 2021 03 12 00 55 03
-1.01132922E+00 2021 03 12 01 00 02
-9.12351557E-01 2021 03 12 01 05 02
-9.60633340E-01 2021 03 12 01 10 02
-9.48498142E-01 2021 03 12 01 15 02
-9.77329826E-01 2021 03 12 01 20 02
-8.28001007E-01 2021 03 12 01 25 02
-8.32884867E-01 2021 03 12 01 30 02
-7.94839781E-01 2021 03 12 01 35 02
-8.14598611E-01 2021 03 12 01 40 02
-7.96865013E-01 2021 03 12 01 45 02
-7.34151986E-01 2021 03 12 01 50 02
-7.45811682E-01 2021 03 12 01 55 02
-7.00031739E-01 2021 03 12 02 00 02
-6.81402674E-01 2021 03 12 02 05 02
-6.73271504E-01 2021 03 12 02 10 02
-6.46878688E-01 2021 03 12 02 15 02
-6.34986066E-01 2021 03 12 02 20 03
-6.23814766E-01 2021 03 12 02 25 02
-5.59624936E-01 2021 03 12 02 30 02
-5.22162512E-01 2021 03 12 02 35 02
-5.23605706E-01 2021 03 12 02 40 02
-5.58139891E-01 2021 03 12 02 45 03
-4.69885120E-01 2021 03 12 02 50 02
-4.61350294E-01 2021 03 12 02 55 02
-4.56992028E-01 2021 03 12 03 00 02
-4.43526030E-01 2021 03 12 03 05 02
-4.45867928E-01 2021 03 12 03 10 03
-3.99512210E-01 2021 03 12 03 15 02
-3.59708431E-01 2021 03 12 03 20 02
-3.13846211E-01 2021 03 12 03 25 02
-2.97692827E-01 2021 03 12 03 30 02
-2.45698117E-01 2021 03 12 03 35 02
-2.02754304E-01 2021 03 12 03 40 02
-2.47849488E-01 2021 03 12 03 45 02
-2.28939526E-01 2021 03 12 03 50 02
-2.21013372E-01 2021 03 12 03 55 02
-2.16373283E-01 2021 03 12 04 00 02
-1.81958200E-01 2021 03 12 04 05 02
-1.17373310E-01 2021 03 12 04 10 02
-4.21007534E-02 2021 03 12 04 15 02
-5.76589706E-02 2021 03 12 04 20 02
+5.46840825E-02 2021 03 12 04 25 02
+5.91152473E-02 2021 03 12 04 30 02
+1.75515801E-02 2021 03 12 04 35 02
-7.63625953E-02 2021 03 12 04 40 02
-1.02899541E-01 2021 03 12 04 45 02
+4.64269620E-03 2021 03 12 04 50 02
-2.22556254E-02 2021 03 12 04 55 02
+3.19711637E-03 2021 03 12 05 00 03
+2.88546845E-02 2021 03 12 05 05 02
+6.92422688E-02 2021 03 12 05 10 02
+1.09340324E-01 2021 03 12 05 15 02
+1.01329577E-01 2021 03 12 05 20 02
+6.77211313E-02 2021 03 12 05 25 03
+3.76822887E-02 2021 03 12 05 30 02
+6.41344624E-02 2021 03 12 05 35 02
+8.85263102E-02 2021 03 12 05 40 02
+4.66037891E-02 2021 03 12 05 45 02
-9.76498403E-03 2021 03 12 05 50 03
+2.15540316E-02 2021 03 12 05 55 02
+4.91953744E-02 2021 03 12 06 00 02
+2.11589341E-01 2021 03 12 06 05 02
+1.32834812E-01 2021 03 12 06 10 02
+8.46663484E-02 2021 03 12 06 15 03
+9.96677710E-02 2021 03 12 06 20 02
+2.67106607E-01 2021 03 12 06 25 02
+1.81145943E-01 2021 03 12 06 30 02
+2.52245456E-02 2021 03 12 06 35 02
+4.18021981E-02 2021 03 12 06 40 02
+1.31442629E-01 2021 03 12 06 45 02
+1.10094609E-01 2021 03 12 06 50 02
+3.45649136E-02 2021 03 12 06 55 02
+2.54151514E-01 2021 03 12 07 00 02
-1.14575287E-01 2021 03 12 07 05 02
+1.72971380E-01 2021 03 12 07 10 02
+7.70989359E-02 2021 03 12 07 15 02
+9.42415205E-02 2021 03 12 07 20 02
+1.60332081E-01 2021 03 12 07 25 02
+2.05056034E-02 2021 03 12 07 30 02
-5.74428151E-02 2021 03 12 07 35 02
-5.90416174E-02 2021 03 12 07 40 03
-2.11330257E-01 2021 03 12 07 45 02
-3.52436295E-01 2021 03 12 07 50 02
-1.87923908E-01 2021 03 12 07 55 02
-2.94449916E-01 2021 03 12 08 00 02
-3.54721491E-01 2021 03 12 08 05 03
-3.82783871E-01 2021 03 12 08 10 02
-3.49190011E-01 2021 03 12 08 15 02
-4.38882365E-01 2021 03 12 08 20 02
-4.09874291E-01 2021 03 12 08 25 02
-4.12930056E-01 2021 03 12 08 30 02
-4.37685409E-01 2021 03 12 08 35 02
-4.37104493E-01 2021 03 12 08 40 02
-3.66825722E-01 2021 03 12 08 45 02
-4.23011703E-01 2021 03 12 08 50 02
-4.57544963E-01 2021 03 12 08 55 02
-5.79431268E-01 2021 03 12 09 00 02
-5.53546873E-01 2021 03 12 09 05 02
-5.48547931E-01 2021 03 12 09 10 02
-6.03228910E-01 2021 03 12 09 15 02
-6.36089270E-01 2021 03 12 09 20 02
-7.42226788E-01 2021 03 12 09 25 02
-6.64159879E-01 2021 03 12 09 30 03
-6.67701255E-01 2021 03 12 09 35 02
-7.05281619E-01 2021 03 12 09 40 02
-7.52980990E-01 2021 03 12 09 45 02
-7.63750768E-01 2021 03 12 09 50 02
-7.90285376E-01 2021 03 12 09 55 03
-8.41000153E-01 2021 03 12 10 00 02
-8.05181442E-01 2021 03 12 10 05 02
-9.01195570E-01 2021 03 12 10 10 02
-8.47787317E-01 2021 03 12 10 15 02
-7.33660502E-01 2021 03 12 10 20 02
-8.24594667E-01 2021 03 12 10 25 02
-5.22803421E-01 2021 03 12 10 30 02
-8.03082575E-01 2021 03 12 10 35 02
-8.11108973E-01 2021 03 12 10 40 02
-9.32765089E-01 2021 03 12 10 45 02
-6.24992930E-01 2021 03 12 10 50 02
-7.22244417E-01 2021 03 12 10 55 02
-7.06081168E-01 2021 03 12 11 00 02
-7.66614061E-01 2021 03 12 11 05 02
-8.83647277E-01 2021 03 12 11 10 02
-7.86530984E-01 2021 03 12 11 15 02
-8.25128504E-01 2021 03 12 11 20 03
-7.89995994E-01 2021 03 12 11 25 02
-8.41797209E-01 2021 03 12 11 30 02
-8.52353654E-01 2021 03 12 11 35 02
-7.38671084E-01 2021 03 12 11 40 02
-8.18705889E-01 2021 03 12 11 45 03
-7.86263775E-01 2021 03 12 11 50 02
-7.05309813E-01 2021 03 12 11 55 02
-7.64865492E-01 2021 03 12 12 00 02
-7.24759875E-01 2021 03 12 12 05 02
-6.92185395E-01 2021 03 12 12 10 03
-7.42069055E-01 2021 03 12 12 15 02
-7.14019487E-01 2021 03 12 12 20 02
-6.70081360E-01 2021 03 12 12 25 02
-7.32527822E-01 2021 03 12 12 30 02
-6.95856810E-01 2021 03 12 12 35 03
-4.53459900E-01 2021 03 12 12 40 02
-5.11305992E-01 2021 03 12 12 45 02
-6.08317974E-01 2021 03 12 12 50 02
-6.40361540E-01 2021 03 12 12 55 02
-6.78327915E-01 2021 03 12 13 00 02
-6.71986585E-01 2021 03 12 13 05 02
-7.03980758E-01 2021 03 12 13 10 02
-7.35533492E-01 2021 03 12 13 15 02
-6.37575898E-01 2021 03 12 13 20 02
-7.35309927E-01 2021 03 12 13 25 02
-8.15096190E-01 2021 03 12 13 30 02
-5.50197664E-01 2021 03 12 13 35 02
-6.16144605E-01 2021 03 12 13 40 02
-5.77294686E-01 2021 03 12 13 45 02
-6.10014439E-01 2021 03 12 13 50 02
-2.28755391E-01 2021 03 12 13 55 02
-5.29378908E-01 2021 03 12 14 00 02
-6.41745507E-01 2021 03 12 14 05 02
-5.53181080E-01 2021 03 12 14 10 02
-5.66728706E-01 2021 03 12 14 15 02
-5.17580852E-01 2021 03 12 14 20 02
-4.65760363E-01 2021 03 12 14 25 03
-4.41279453E-01 2021 03 12 14 30 02
-5.20195584E-01 2021 03 12 14 35 02
-5.99067034E-01 2021 03 12 14 40 02
-4.59291170E-01 2021 03 12 14 45 02
-6.84182770E-01 2021 03 12 14 50 02
-2.80235514E-01 2021 03 12 14 55 02
-6.84257399E-01 2021 03 12 15 00 02
-4.60567659E-01 2021 03 12 15 05 02
-4.16302793E-01 2021 03 12 15 10 02
-6.16124941E-01 2021 03 12 15 15 02
-5.30891722E-01 2021 03 12 15 20 02
-5.53753764E-01 2021 03 12 15 25 02
-4.77752863E-01 2021 03 12 15 30 02
-5.97620259E-01 2021 03 12 15 35 02
-4.20586135E-01 2021 03 12 15 40 02
-3.91521779E-01 2021 03 12 15 45 02
-5.40492960E-01 2021 03 12 15 50 02
-5.84609586E-01 2021 03 12 15 55 02
-5.38910188E-01 2021 03 12 16 00 02
-5.08078231E-01 2021 03 12 16 05 02
-5.84373937E-01 2021 03 12 16 10 02
-4.59974162E-01 2021 03 12 16 15 03
-3.98734265E-01 2021 03 12 16 20 02
-4.21715111E-01 2021 03 12 16 25 02
-4.92458419E-01 2021 03 12 16 30 02
-2.75603585E-01 2021 03 12 16 35 02
-3.39891965E-01 2021 03 12 16 40 02
-4.58189147E-01 2021 03 12 16 45 02
-5.11052351E-01 2021 03 12 16 50 02
-4.25316497E-01 2021 03 12 16 55 02
-4.42730584E-01 2021 03 12 17 00 02
-3.47939706E-01 2021 03 12 17 05 02
-3.58145015E-01 2021 03 12 17 10 02
-3.48828931E-01 2021 03 12 17 15 02
-4.47729122E-01 2021 03 12 17 20 02
-4.10267532E-01 2021 03 12 17 25 02
-3.30129709E-01 2021 03 12 17 30 02
-2.93907175E-01 2021 03 12 17 35 02
-1.92539898E-01 2021 03 12 17 40 02
-1.43743368E-01 2021 03 12 17 45 02
-1.58808029E-01 2021 03 12 17 50 02
-7.64316600E-03 2021 03 12 17 55 02
-2.28235846E-02 2021 03 12 18 00 02
-5.36500838E-03 2021 03 12 18 05 03
-3.04579483E-02 2021 03 12 18 10 02
-1.07444419E-01 2021 03 12 18 15 02
-1.01979952E-01 2021 03 12 18 20 02
-8.93691246E-02 2021 03 12 18 25 02
-7.68023473E-02 2021 03 12 18 30 03
+1.53992798E-02 2021 03 12 18 35 02
-7.21487554E-02 2021 03 12 18 40 02
-1.74350294E-01 2021 03 12 18 45 02
-1.27673892E-01 2021 03 12 18 50 02
-1.36508048E-01 2021 03 12 18 55 02
-1.26094888E-01 2021 03 12 19 00 02
-7.23194992E-02 2021 03 12 19 05 02
-2.11898074E-01 2021 03 12 19 10 02
-1.66128725E-01 2021 03 12 19 15 02
-1.69362256E-01 2021 03 12 19 20 02
-9.83788527E-02 2021 03 12 19 25 02
-2.62003562E-01 2021 03 12 19 30 02
-2.39724382E-01 2021 03 12 19 35 02
-2.82135649E-01 2021 03 12 19 40 02
-2.67217430E-01 2021 03 12 19 45 02
-2.58146040E-01 2021 03 12 19 50 02
-2.59025572E-01 2021 03 12 19 55 02
-2.74758154E-01 2021 03 12 20 00 02
-2.87154313E-01 2021 03 12 20 05 02
-3.84465174E-01 2021 03 12 20 10 02
-8.33301056E-02 2021 03 12 20 15 02
-8.55929983E-02 2021 03 12 20 20 03
-1.13272079E-01 2021 03 12 20 25 02
-6.65662687E-02 2021 03 12 20 30 02
-2.65512130E-02 2021 03 12 20 35 02
-8.47190156E-02 2021 03 12 20 40 02
-1.95941793E-01 2021 03 12 20 45 03
-1.91824718E-01 2021 03 12 20 50 02
-2.89271055E-01 2021 03 12 20 55 02
-3.12224156E-01 2021 03 12 21 00 02
-3.67494605E-01 2021 03 12 21 05 02
-2.89732052E-01 2021 03 12 21 10 03
-4.12044055E-01 2021 03 12 21 15 02
-3.54775640E-01 2021 03 12 21 20 02
-3.41670297E-01 2021 03 12 21 25 02
-3.39216776E-01 2021 03 12 21 30 02
-3.87732539E-01 2021 03 12 21 35 03
-4.87553361E-01 2021 03 12 21 40 02
-4.93662316E-01 2021 03 12 21 45 02
-4.65242784E-01 2021 03 12 21 50 02
-6.61073257E-01 2021 03 12 21 55 02
-7.35940264E-01 2021 03 12 22 00 02
-4.96625138E-01 2021 03 12 22 05 02
-5.22839142E-01 2021 03 12 22 10 02
-5.10008176E-01 2021 03 12 22 15 02
-6.89358288E-01 2021 03 12 22 20 02
-8.28030072E-01 2021 03 12 22 25 02
-8.18306275E-01 2021 03 12 22 30 02
-8.69685884E-01 2021 03 12 22 35 02
-8.31232320E-01 2021 03 12 22 40 02
-8.35225363E-01 2021 03 12 22 45 02
-8.71401456E-01 2021 03 12 22 50 02
-9.25619589E-01 2021 03 12 22 55 02
-9.42739280E-01 2021 03 12 23 00 02
-9.02601171E-01 2021 03 12 23 05 02
-9.08831299E-01 2021 03 12 23 10 02
-8.21243229E-01 2021 03 12 23 15 02
-9.09466904E-01 2021 03 12 23 20 02
-7.63933979E-01 2021 03 12 23 25 03
-8.90448360E-01 2021 03 12 23 30 02
-9.07339032E-01 2021 03 12 23 35 02
-8.61862678E-01 2021 03 12 23 40 02
-8.01372977E-01 2021 03 12 23 45 02
-7.60415375E-01 2021 03 12 23 50 03
-8.53594531E-01 2021 03 12 23 55 02
