-9.70042153E-01 2021 03 02 00 00 02
-1.00423539E+00 2021 03 02 00 05 02
-1.04064923E+00 2021 03 02 00 10 02
-9.89486724E-01 2021 03 02 00 15 02
-9.62131561E-01 2021 03 02 00 20 02
-9.62600954E-01 2021 03 02 00 25 02
-8.42520483E-01 2021 03 02 00 30 02
-9.37974816E-01 2021 03 02 00 35 02
-7.78908554E-01 2021 03 02 00 40 03
-7.20896865E-01 2021 03 02 00 45 02
-8.01982035E-01 2021 03 02 00 50 02
-9.33038382E-01 2021 03 02 00 55 02
-1.01083159E+00 2021 03 02 01 00 02
-1.16312283E+00 2021 03 02 01 05 03
-1.17536779E+00 2021 03 02 01 10 02
-1.21946514E+00 2021 03 02 01 15 02
-1.25442253E+00 2021 03 02 01 20 02
-1.24930427E+00 2021 03 02 01 25 02
-1.26138453E+00 2021 03 02 01 30 02
-1.26824663E+00 2021 03 02 01 35 02
-1.25027572E+00 2021 03 02 01 40 02
-1.21031355E+00 2021 03 02 01 45 02
-1.27031761E+00 2021 03 02 01 50 02
-1.27887076E+00 2021 03 02 01 55 02
-1.23611690E+00 2021 03 02 02 00 02
-1.18344031E+00 2021 03 02 02 05 03
-1.28994377E+00 2021 03 02 02 10 02
-1.23642486E+00 2021 03 02 02 15 02
-1.23590603E+00 2021 03 02 02 20 02
-1.29723463E+00 2021 03 02 02 25 02
-1.26725156E+00 2021 03 02 02 30 02
-1.24784695E+00 2021 03 02 02 35 02
-1.28260608E+00 2021 03 02 02 40 02
-1.29738176E+00 2021 03 02 02 45 02
-1.29829856E+00 2021 03 02 02 50 02
-1.26754185E+00 2021 03 02 02 55 02
-1.33653791E+00 2021 03 02 03 00 02
-1.31559630E+00 2021 03 02 03 05 03
-1.30467962E+00 2021 03 02 03 10 02
-1.20028716E+00 2021 03 02 03 15 02
-1.08794402E+00 2021 03 02 03 20 02
-1.13613668E+00 2021 03 02 03 25 02
-1.08455868E+00 2021 03 02 03 30 03
-1.04589913E+00 2021 03 02 03 35 02
-9.43529946E-01 2021 03 02 03 40 02
-8.85109968E-01 2021 03 02 03 45 02
-8.35463944E-01 2021 03 02 03 50 02
-8.67418688E-01 2021 03 02 03 55 02
-8.95143613E-01 2021 03 02 04 00 02
-8.00561329E-01 2021 03 02 04 05 02
-8.72153192E-01 2021 03 02 04 10 02
-8.66351551E-01 2021 03 02 04 15 02
-8.91503493E-01 2021 03 02 04 20 02
-8.44659850E-01 2021 03 02 04 25 02
-8.41755443E-01 2021 03 02 04 30 03
-7.71398285E-01 2021 03 02 04 35 02
-6.12246099E-01 2021 03 02 04 40 02
-5.46149331E-01 2021 03 02 04 45 02
-4.61723515E-01 2021 03 02 04 50 02
-5.50549385E-01 2021 03 02 04 55 02
-4.83004174E-01 2021 03 02 05 00 02
-4.41037432E-01 2021 03 02 05 05 02
-4.01687683E-01 2021 03 02 05 10 02
-3.08194110E-01 2021 03 02 05 15 02
-2.02898422E-01 2021 03 02 05 20 02
-1.43723984E-01 2021 03 02 05 25 02
-8.84105503E-02 2021 03 02 05 30 02
-7.83435321E-02 2021 03 02 05 35 02
-1.28810166E-02 2021 03 02 05 40 02
-8.18941651E-02 2021 03 02 05 45 02
-5.31450497E-02 2021 03 02 05 50 02
-1.64383237E-01 2021 03 02 05 55 03
-8.98964446E-02 2021 03 02 06 00 02
-2.15149585E-02 2021 03 02 06 05 02
-6.74650568E-02 2021 03 02 06 10 02
-9.17711990E-02 2021 03 02 06 15 02
-5.75110526E-02 2021 03 02 06 20 02
-3.51620103E-02 2021 03 02 06 25 02
+1.15393661E-02 2021 03 02 06 30 02
+8.11246376E-02 2021 03 02 06 35 02
+5.03800482E-02 2021 03 02 06 40 02
+1.98984008E-01 2021 03 02 06 45 02
+3.15113611E-01 2021 03 02 06 50 02
+3.38811184E-01 2021 03 02 06 55 03
+2.80539056E-01 2021 03 02 07 00 02
+2.42635137E-01 2021 03 02 07 05 02
+3.91177957E-01 2021 03 02 07 10 02
+4.22830955E-01 2021 03 02 07 15 02
+4.16499791E-01 2021 03 02 07 20 03
+4.95092947E-01 2021 03 02 07 25 02
+4.22205735E-01 2021 03 02 07 30 02
+4.80214625E-01 2021 03 02 07 35 02
+4.12088304E-01 2021 03 02 07 40 02
+4.49482896E-01 2021 03 02 07 45 02
+4.37280170E-01 2021 03 02 07 50 02
+3.92649328E-01 2021 03 02 07 55 02
+3.88935158E-01 2021 03 02 08 00 02
+3.60887988E-01 2021 03 02 08 05 02
+3.70968512E-01 2021 03 02 08 10 02
+4.34225698E-01 2021 03 02 08 15 02
+4.00832336E-01 2021 03 02 08 20 03
+4.42722063E-01 2021 03 02 08 25 02
+4.24946959E-01 2021 03 02 08 30 02
+3.50447798E-01 2021 03 02 08 35 02
+4.05089910E-01 2021 03 02 08 40 02
+2.71948944E-01 2021 03 02 08 45 02
+3.74750219E-01 2021 03 02 08 50 02
+2.95908296E-01 2021 03 02 08 55 02
+3.16102038E-01 2021 03 02 09 00 02
+2.79761943E-01 2021 03 02 09 05 02
+2.88357681E-01 2021 03 02 09 10 02
+3.33599878E-01 2021 03 02 09 15 02
+2.45396643E-01 2021 03 02 09 20 03
+2.68520224E-01 2021 03 02 09 25 02
+2.43623645E-01 2021 03 02 09 30 02
+2.13434459E-01 2021 03 02 09 35 02
+1.99007138E-01 2021 03 02 09 40 02
+1.65318939E-01 2021 03 02 09 45 03
+1.64821834E-01 2021 03 02 09 50 02
+1.53809451E-01 2021 03 02 09 55 02
+2.91047311E-02 2021 03 02 10 00 02
+8.41050136E-02 2021 03 02 10 05 02
+2.26341967E-03 2021 03 02 10 10 03
+7.07982460E-02 2021 03 02 10 15 02
-1.22334652E-01 2021 03 02 10 20 02
-5.11119963E-02 2021 03 02 10 25 02
-1.44306426E-01 2021 03 02 10 30 02
-6.44906988E-02 2021 03 02 10 35 02
-1.03221344E-01 2021 03 02 10 40 02
-1.67550344E-01 2021 03 02 10 45 02
-1.43047046E-01 2021 03 02 10 50 02
-1.00257090E-01 2021 03 02 10 55 02
-1.11385994E-01 2021 03 02 11 00 02
-1.39860825E-01 2021 03 02 11 05 02
-2.11529147E-01 2021 03 02 11 10 02
-1.51241102E-01 2021 03 02 11 15 02
-1.21682689E-01 2021 03 02 11 20 02
-1.67630329E-01 2021 03 02 11 25 02
-2.45009974E-01 2021 03 02 11 30 02
-1.84939027E-01 2021 03 02 11 35 03
-1.87226018E-01 2021 03 02 11 40 02
-4.01585812E-01 2021 03 02 11 45 02
-2.87025518E-01 2021 03 02 11 50 02
-4.07434461E-01 2021 03 02 11 55 02
-3.71535471E-01 2021 03 02 12 00 03
-5.02180346E-01 2021 03 02 12 05 02
-2.56345565E-01 2021 03 02 12 10 02
-3.44180171E-01 2021 03 02 12 15 02
-3.42822780E-01 2021 03 02 12 20 02
-4.05839322E-01 2021 03 02 12 25 02
-5.09765296E-01 2021 03 02 12 30 02
-4.75033230E-01 2021 03 02 12 35 03
-4.75671617E-01 2021 03 02 12 40 02
-3.78227401E-01 2021 03 02 12 45 02
-2.54194497E-01 2021 03 02 12 50 02
-3.88827787E-01 2021 03 02 12 55 02
-3.93770234E-01 2021 03 02 13 00 03
-4.90805659E-01 2021 03 02 13 05 02
-4.82154743E-01 2021 03 02 13 10 02
-5.87523318E-01 2021 03 02 13 15 02
-6.83902492E-01 2021 03 02 13 20 02
-6.45352620E-01 2021 03 02 13 25 02
-7.64066542E-01 2021 03 02 13 30 02
-5.79667224E-01 2021 03 02 13 35 02
-7.27514234E-01 2021 03 02 13 40 02
-6.26840461E-01 2021 03 02 13 45 02
-6.68207298E-01 2021 03 02 13 50 02
-6.90370085E-01 2021 03 02 13 55 02
-6.17831813E-01 2021 03 02 14 00 02
-6.64868721E-01 2021 03 02 14 05 02
-5.90068275E-01 2021 03 02 14 10 02
-6.74897784E-01 2021 03 02 14 15 02
-6.34909676E-01 2021 03 02 14 20 02
-6.56431925E-01 2021 03 02 14 25 03
-7.00756660E-01 2021 03 02 14 30 02
-6.45122072E-01 2021 03 02 14 35 02
-7.48552268E-01 2021 03 02 14 40 02
-7.99779868E-01 2021 03 02 14 45 02
-7.20636321E-01 2021 03 02 14 50 02
-7.87737069E-01 2021 03 02 14 55 02
-7.22635357E-01 2021 03 02 15 00 02
-4.87099157E-01 2021 03 02 15 05 02
-6.74963454E-01 2021 03 02 15 10 02
-5.69996895E-01 2021 03 02 15 15 02
-5.18998690E-01 2021 03 02 15 20 02
-5.24948655E-01 2021 03 02 15 25 03
-4.98251914E-01 2021 03 02 15 30 02
-4.64830381E-01 2021 03 02 15 35 02
-5.32893345E-01 2021 03 02 15 40 02
-4.44760179E-01 2021 03 02 15 45 02
-5.95833111E-01 2021 03 02 15 50 03
-5.85917678E-01 2021 03 02 15 55 02
-5.68632936E-01 2021 03 02 16 00 02
-6.55464370E-01 2021 03 02 16 05 02
-4.43989707E-01 2021 03 02 16 10 02
-5.81448124E-01 2021 03 02 16 15 02
-6.11777835E-01 2021 03 02 16 20 02
-5.70839582E-01 2021 03 02 16 25 03
-4.35445264E-01 2021 03 02 16 30 02
-5.07938739E-01 2021 03 02 16 35 02
-3.36377648E-01 2021 03 02 16 40 02
-2.30592736E-01 2021 03 02 16 45 02
-5.00231707E-01 2021 03 02 16 50 03
-3.50540863E-01 2021 03 02 16 55 02
-6.54975158E-01 2021 03 02 17 00 02
-4.01673699E-01 2021 03 02 17 05 02
-8.21249518E-01 2021 03 02 17 10 02
-6.18339698E-01 2021 03 02 17 15 02
-4.39928052E-01 2021 03 02 17 20 02
-4.15311392E-01 2021 03 02 17 25 02
-2.78429513E-01 2021 03 02 17 30 02
-3.85858373E-01 2021 03 02 17 35 02
-3.65473015E-01 2021 03 02 17 40 02
-2.45963414E-01 2021 03 02 17 45 02
-1.25777259E-01 2021 03 02 17 50 02
-9.35698534E-02 2021 03 02 17 55 02
-4.38234233E-02 2021 03 02 18 00 02
-5.06051641E-02 2021 03 02 18 05 02
-7.64450962E-02 2021 03 02 18 10 02
-1.14197162E-01 2021 03 02 18 15 03
-1.02748913E-02 2021 03 02 18 20 02
+8.35089250E-02 2021 03 02 18 25 02
+1.67219860E-01 2021 03 02 18 30 02
+2.09799218E-01 2021 03 02 18 35 02
+2.50943357E-01 2021 03 02 18 40 02
+1.29111762E-01 2021 03 02 18 45 02
+1.92890711E-01 2021 03 02 18 50 02
+2.62316168E-01 2021 03 02 18 55 02
+2.15393013E-01 2021 03 02 19 00 02
+2.63215689E-01 2021 03 02 19 05 02
+2.49607683E-01 2021 03 02 19 10 02
+1.85251971E-01 2021 03 02 19 15 03
+2.31269150E-01 2021 03 02 19 20 02
+3.63575012E-01 2021 03 02 19 25 02
+3.69912282E-01 2021 03 02 19 30 02
+2.61766160E-01 2021 03 02 19 35 02
+4.98643817E-01 2021 03 02 19 40 03
+3.78166225E-01 2021 03 02 19 45 02
+4.74594090E-01 2021 03 02 19 50 02
+4.35060604E-01 2021 03 02 19 55 02
+4.18434043E-01 2021 03 02 20 00 02
+3.17538677E-01 2021 03 02 20 05 03
+3.05996452E-01 2021 03 02 20 10 02
+2.73496751E-01 2021 03 02 20 15 02
+3.31129815E-01 2021 03 02 20 20 02
+4.75641331E-01 2021 03 02 20 25 02
+6.28107156E-01 2021 03 02 20 30 02
+5.63481123E-01 2021 03 02 20 35 02
+2.71381760E-01 2021 03 02 20 40 02
+3.19310534E-01 2021 03 02 20 45 02
+3.37526955E-01 2021 03 02 20 50 02
+2.10603081E-01 2021 03 02 20 55 02
+1.89068527E-01 2021 03 02 21 00 02
+2.87668700E-01 2021 03 02 21 05 03
+2.51471627E-01 2021 03 02 21 10 02
+3.98596619E-01 2021 03 02 21 15 02
+2.76689854E-01 2021 03 02 21 20 02
+5.44724871E-01 2021 03 02 21 25 02
+1.84669771E-01 2021 03 02 21 30 03
+1.97450119E-01 2021 03 02 21 35 02
+1.23314291E-01 2021 03 02 21 40 02
+2.66267050E-02 2021 03 02 21 45 02
+6.42809433E-02 2021 03 02 21 50 02
+7.66079733E-02 2021 03 02 21 55 02
+1.44866109E-01 2021 03 02 22 00 02
+1.98315352E-01 2021 03 02 22 05 02
+2.51259400E-01 2021 03 02 22 10 02
+4.87703816E-01 2021 03 02 22 15 02
+3.49500527E-01 2021 03 02 22 20 02
+1.35421557E-01 2021 03 02 22 25 02
+4.95725862E-02 2021 03 02 22 30 03
+7.86385859E-02 2021 03 02 22 35 02
+2.56167687E-01 2021 03 02 22 40 02
+2.22892386E-01 2021 03 02 22 45 02
-1.39693816E-02 2021 03 02 22 50 02
+2.07795170E-02 2021 03 02 22 55 03
+6.92669708E-02 2021 03 02 23 00 02
+8.00304396E-02 2021 03 02 23 05 02
+1.41590891E-02 2021 03 02 23 10 02
-1.64059648E-01 2021 03 02 23 15 02
-1.19118498E-01 2021 03 02 23 20 02
-3.99744845E-01 2021 03 02 23 25 02
-4.59323853E-01 2021 03 02 23 30 02
-4.07389896E-01 2021 03 02 23 35 02
-3.70502630E-01 2021 03 02 23 40 02
-3.91540063E-01 2021 03 02 23 45 02
-4.85770401E-01 2021 03 02 23 50 02
-5.71301341E-01 2021 03 02 23 55 03
