-2.72659273E-01 2021 03 08 00 00 02
-4.10526825E-01 2021 03 08 00 05 02
-2.63735629E-01 2021 03 08 00 10 03
-2.80574023E-01 2021 03 08 00 15 02
-1.69186975E-01 2021 03 08 00 20 02
-2.78640883E-01 2021 03 08 00 25 02
-2.70172150E-01 2021 03 08 00 30 02
-3.11590953E-01 2021 03 08 00 35 03
-2.76192655E-01 2021 03 08 00 40 02
-2.17315865E-01 2021 03 08 00 45 02
-2.06816493E-01 2021 03 08 00 50 02
-1.46983718E-01 2021 03 08 00 55 02
-2.18432415E-01 2021 03 08 01 00 03
-1.76604992E-01 2021 03 08 01 05 02
-3.04921695E-01 2021 03 08 01 10 02
-3.24127560E-01 2021 03 08 01 15 02
-2.56093985E-01 2021 03 08 01 20 02
-2.37304270E-01 2021 03 08 01 25 02
-2.33158531E-01 2021 03 08 01 30 02
-1.75024634E-01 2021 03 08 01 35 02
-5.07281130E-03 2021 03 08 01 40 02
-1.07678640E-01 2021 03 08 01 45 02
-1.70869583E-01 2021 03 08 01 50 02
-3.45755609E-01 2021 03 08 01 55 02
-4.61676333E-01 2021 03 08 02 00 02
-4.49367302E-01 2021 03 08 02 05 02
+1.77934120E-01 2021 03 08 02 10 02
+2.59975756E-01 2021 03 08 02 15 02
+2.24642274E-01 2021 03 08 02 20 02
+1.68808243E-01 2021 03 08 02 25 02
+6.18915408E-02 2021 03 08 02 30 02
-4.27378642E-02 2021 03 08 02 35 02
-1.63176152E-01 2021 03 08 02 40 02
-1.49728953E-01 2021 03 08 02 45 02
-1.65274206E-01 2021 03 08 02 50 03
-1.96536865E-01 2021 03 08 02 55 02
-1.73739695E-01 2021 03 08 03 00 02
-2.21640986E-01 2021 03 08 03 05 02
-2.53742507E-01 2021 03 08 03 10 02
-2.83595141E-01 2021 03 08 03 15 03
-2.89851711E-01 2021 03 08 03 20 02
-2.31012058E-01 2021 03 08 03 25 02
-2.22546807E-01 2021 03 08 03 30 02
-2.06132181E-01 2021 03 08 03 35 02
-2.34873111E-01 2021 03 08 03 40 02
-2.05014590E-01 2021 03 08 03 45 02
-1.94830559E-01 2021 03 08 03 50 02
-1.48541544E-01 2021 03 08 03 55 02
-1.45954759E-01 2021 03 08 04 00 02
-1.18349970E-01 2021 03 08 04 05 02
-8.30438270E-02 2021 03 08 04 10 02
-7.44700966E-02 2021 03 08 04 15 02
-6.99062330E-02 2021 03 08 04 20 02
-7.49166810E-02 2021 03 08 04 25 02
-9.78037509E-02 2021 03 08 04 30 02
-9.41585414E-02 2021 03 08 04 35 02
-1.13046686E-01 2021 03 08 04 40 02
-9.87315702E-02 2021 03 08 04 45 02
-9.74805572E-02 2021 03 08 04 50 02
-1.13268045E-01 2021 03 08 04 55 02
-1.17115498E-01 2021 03 08 05 00 02
-1.23747724E-01 2021 03 08 05 05 02
-1.42267098E-01 2021 03 08 05 10 02
-1.44934067E-01 2021 03 08 05 15 02
-1.73375345E-01 2021 03 08 05 20 02
-1.13753803E-01 2021 03 08 05 25 02
-1.05011522E-01 2021 03 08 05 30 02
-8.25731374E-02 2021 03 08 05 35 02
-9.38756450E-02 2021 03 08 05 40 03
-9.74601717E-02 2021 03 08 05 45 02
-1.33391173E-01 2021 03 08 05 50 02
-1.42645061E-01 2021 03 08 05 55 02
-2.12502689E-01 2021 03 08 06 00 02
-2.28819376E-01 2021 03 08 06 05 03
-2.72765052E-01 2021 03 08 06 10 02
-2.08485357E-01 2021 03 08 06 15 02
-2.41112365E-01 2021 03 08 06 20 02
-3.13652538E-01 2021 03 08 06 25 02
-3.70792759E-01 2021 03 08 06 30 02
-3.32489374E-01 2021 03 08 06 35 02
-4.02615098E-01 2021 03 08 06 40 02
-4.93944797E-01 2021 03 08 06 45 02
-3.84937909E-01 2021 03 08 06 50 02
-3.91513744E-01 2021 03 08 06 55 02
-4.18046125E-01 2021 03 08 07 00 02
-1.98076867E-01 2021 03 08 07 05 02
-2.50228966E-01 2021 03 08 07 10 02
-2.50538857E-01 2021 03 08 07 15 02
-3.90055128E-01 2021 03 08 07 20 02
-4.89592879E-01 2021 03 08 07 25 02
-4.99877296E-01 2021 03 08 07 30 03
-5.54455205E-01 2021 03 08 07 35 02
-6.85140821E-01 2021 03 08 07 40 02
-6.95916967E-01 2021 03 08 07 45 02
-7.76251871E-01 2021 03 08 07 50 02
-8.02250568E-01 2021 03 08 07 55 03
-8.13908098E-01 2021 03 08 08 00 02
-8.48983703E-01 2021 03 08 08 05 02
-8.52842844E-01 2021 03 08 08 10 02
-8.74850710E-01 2021 03 08 08 15 02
-8.89859149E-01 2021 03 08 08 20 02
-7.96619179E-01 2021 03 08 08 25 02
-8.81700020E-01 2021 03 08 08 30 02
-8.64060113E-01 2021 03 08 08 35 02
-9.20806203E-01 2021 03 08 08 40 02
-8.24572852E-01 2021 03 08 08 45 02
-8.45235616E-01 2021 03 08 08 50 02
-8.10898176E-01 2021 03 08 08 55 03
-8.47769232E-01 2021 03 08 09 00 02
-8.37286860E-01 2021 03 08 09 05 02
-9.11610127E-01 2021 03 08 09 10 02
-9.51251711E-01 2021 03 08 09 15 02
-9.70168315E-01 2021 03 08 09 20 03
-9.88877797E-01 2021 03 08 09 25 02
-9.57593365E-01 2021 03 08 09 30 02
-9.49873960E-01 2021 03 08 09 35 02
-9.51706777E-01 2021 03 08 09 40 02
-9.43676240E-01 2021 03 08 09 45 03
-9.39023917E-01 2021 03 08 09 50 02
-9.53381854E-01 2021 03 08 09 55 02
-1.06391917E+00 2021 03 08 10 00 02
-9.54591736E-01 2021 03 08 10 05 02
-9.73848540E-01 2021 03 08 10 10 02
-1.00024329E+00 2021 03 08 10 15 02
-1.00095180E+00 2021 03 08 10 20 02
-9.96061161E-01 2021 03 08 10 25 02
-9.52014828E-01 2021 03 08 10 30 02
-1.01674328E+00 2021 03 08 10 35 02
-9.92576040E-01 2021 03 08 10 40 02
-1.02301528E+00 2021 03 08 10 45 02
-9.26358719E-01 2021 03 08 10 50 02
-9.49997750E-01 2021 03 08 10 55 02
-9.38787152E-01 2021 03 08 11 00 02
-9.52359176E-01 2021 03 08 11 05 02
-9.62208610E-01 2021 03 08 11 10 03
-8.79528082E-01 2021 03 08 11 15 02
-9.45343010E-01 2021 03 08 11 20 02
-8.39641703E-01 2021 03 08 11 25 02
-8.23276297E-01 2021 03 08 11 30 02
-7.35959216E-01 2021 03 08 11 35 03
-6.60600249E-01 2021 03 08 11 40 02
-7.58113545E-01 2021 03 08 11 45 02
-8.15215596E-01 2021 03 08 11 50 02
-7.55514561E-01 2021 03 08 11 55 02
-7.66070338E-01 2021 03 08 12 00 02
-7.33311845E-01 2021 03 08 12 05 02
-6.52808367E-01 2021 03 08 12 10 02
-6.05753568E-01 2021 03 08 12 15 02
-6.09593534E-01 2021 03 08 12 20 02
-5.44942278E-01 2021 03 08 12 25 02
-6.30488051E-01 2021 03 08 12 30 02
-3.84886690E-01 2021 03 08 12 35 02
-4.50567828E-01 2021 03 08 12 40 02
-4.46930673E-01 2021 03 08 12 45 02
-4.18934906E-01 2021 03 08 12 50 02
-3.87763801E-01 2021 03 08 12 55 02
-4.13265294E-01 2021 03 08 13 00 02
-3.51339375E-01 2021 03 08 13 05 02
-3.01196416E-01 2021 03 08 13 10 02
-3.21798656E-01 2021 03 08 13 15 02
-3.05528651E-01 2021 03 08 13 20 02
-2.95363480E-01 2021 03 08 13 25 02
-2.01791395E-01 2021 03 08 13 30 02
-2.59133896E-01 2021 03 08 13 35 02
-2.88479266E-01 2021 03 08 13 40 02
-2.15168629E-01 2021 03 08 13 45 02
-3.19463649E-01 2021 03 08 13 50 03
-2.69977241E-01 2021 03 08 13 55 02
-2.56597498E-01 2021 03 08 14 00 02
-3.43098691E-01 2021 03 08 14 05 02
-3.72923063E-01 2021 03 08 14 10 02
-2.67749612E-01 2021 03 08 14 15 03
-2.48702274E-01 2021 03 08 14 20 02
-1.89245655E-01 2021 03 08 14 25 02
-2.20506503E-01 2021 03 08 14 30 02
-3.22776473E-01 2021 03 08 14 35 02
-2.58070882E-01 2021 03 08 14 40 02
-2.85524292E-01 2021 03 08 14 45 02
-3.03279178E-01 2021 03 08 14 50 02
-2.38380052E-01 2021 03 08 14 55 02
-2.70858007E-01 2021 03 08 15 00 02
-2.56583890E-01 2021 03 08 15 05 02
-2.65009460E-01 2021 03 08 15 10 02
-3.39523501E-01 2021 03 08 15 15 02
-3.73573108E-01 2021 03 08 15 20 02
-2.27687746E-01 2021 03 08 15 25 02
-2.50868332E-01 2021 03 08 15 30 02
-2.84496020E-01 2021 03 08 15 35 02
-3.38445449E-01 2021 03 08 15 40 03
-3.43355373E-01 2021 03 08 15 45 02
-2.80686971E-01 2021 03 08 15 50 02
-3.57013006E-01 2021 03 08 15 55 02
-4.66596749E-01 2021 03 08 16 00 02
-3.68737152E-01 2021 03 08 16 05 03
-4.12184160E-01 2021 03 08 16 10 02
-4.16316179E-01 2021 03 08 16 15 02
-4.40032027E-01 2021 03 08 16 20 02
-4.27660673E-01 2021 03 08 16 25 02
-4.74571507E-01 2021 03 08 16 30 02
-4.66021069E-01 2021 03 08 16 35 02
-4.96147337E-01 2021 03 08 16 40 02
-4.91905541E-01 2021 03 08 16 45 02
-4.85712556E-01 2021 03 08 16 50 02
-5.13987459E-01 2021 03 08 16 55 02
-6.13083026E-01 2021 03 08 17 00 02
-5.41371498E-01 2021 03 08 17 05 02
-5.40274338E-01 2021 03 08 17 10 02
-6.36665794E-01 2021 03 08 17 15 02
-6.74319169E-01 2021 03 08 17 20 02
-5.96003124E-01 2021 03 08 17 25 02
-5.91312142E-01 2021 03 08 17 30 03
-6.00062852E-01 2021 03 08 17 35 02
-6.46887065E-01 2021 03 08 17 40 02
-5.43444386E-01 2021 03 08 17 45 02
-5.81291075E-01 2021 03 08 17 50 02
-5.43641259E-01 2021 03 08 17 55 03
-7.07734128E-01 2021 03 08 18 00 02
-6.24262005E-01 2021 03 08 18 05 02
-6.79128144E-01 2021 03 08 18 10 02
-5.77152953E-01 2021 03 08 18 15 02
-6.13708003E-01 2021 03 08 18 20 02
-6.89740723E-01 2021 03 08 18 25 02
-6.38947920E-01 2021 03 08 18 30 02
-5.73887854E-01 2021 03 08 18 35 02
-6.38997200E-01 2021 03 08 18 40 02
-5.99193922E-01 2021 03 08 18 45 02
-6.27134233E-01 2021 03 08 18 50 02
-7.11044924E-01 2021 03 08 18 55 02
-7.06981565E-01 2021 03 08 19 00 02
-7.04509880E-01 2021 03 08 19 05 02
-7.41317470E-01 2021 03 08 19 10 02
-7.72387334E-01 2021 03 08 19 15 02
-7.68193410E-01 2021 03 08 19 20 03
-6.57314587E-01 2021 03 08 19 25 02
-6.97143200E-01 2021 03 08 19 30 02
-6.58670998E-01 2021 03 08 19 35 02
-6.83148227E-01 2021 03 08 19 40 02
-7.13260540E-01 2021 03 08 19 45 02
-7.65292650E-01 2021 03 08 19 50 02
-7.66860602E-01 2021 03 08 19 55 02
-7.45311241E-01 2021 03 08 20 00 02
-6.46320452E-01 2021 03 08 20 05 02
-6.37408124E-01 2021 03 08 20 10 02
-6.72796138E-01 2021 03 08 20 15 02
-6.74675343E-01 2021 03 08 20 20 03
-7.27762976E-01 2021 03 08 20 25 02
-6.93510087E-01 2021 03 08 20 30 02
-6.07510252E-01 2021 03 08 20 35 02
-6.36448166E-01 2021 03 08 20 40 02
-7.21096198E-01 2021 03 08 20 45 03
-7.35720786E-01 2021 03 08 20 50 02
-7.63992576E-01 2021 03 08 20 55 02
-7.18799324E-01 2021 03 08 21 00 02
-8.18988454E-01 2021 03 08 21 05 02
-7.98948176E-01 2021 03 08 21 10 03
-6.66994630E-01 2021 03 08 21 15 02
-6.82630274E-01 2021 03 08 21 20 02
-7.42269778E-01 2021 03 08 21 25 02
-7.28785444E-01 2021 03 08 21 30 02
-7.75760726E-01 2021 03 08 21 35 03
-7.67115889E-01 2021 03 08 21 40 02
-9.48637022E-01 2021 03 08 21 45 02
-8.73577725E-01 2021 03 08 21 50 02
-6.08181051E-01 2021 03 08 21 55 02
-7.79179434E-01 2021 03 08 22 00 02
-6.74904656E-01 2021 03 08 22 05 02
-6.00250285E-01 2021 03 08 22 10 02
-7.12728859E-01 2021 03 08 22 15 02
-5.99636460E-01 2021 03 08 22 20 02
-6.73283980E-01 2021 03 08 22 25 02
-5.32114003E-01 2021 03 08 22 30 02
-5.55838487E-01 2021 03 08 22 35 02
-5.13087862E-01 2021 03 08 22 40 02
-4.84790950E-01 2021 03 08 22 45 02
-4.63054731E-01 2021 03 08 22 50 02
-5.42223056E-01 2021 03 08 22 55 02
-5.12793331E-01 2021 03 08 23 00 02
-4.91764015E-01 2021 03 08 23 05 02
-5.37434228E-01 2021 03 08 23 10 02
-5.10868535E-01 2021 03 08 23 15 02
-5.13049250E-01 2021 03 08 23 20 02
-4.11075550E-01 2021 03 08 23 25 03
-5.04262786E-01 2021 03 08 23 30 02
-4.68153176E-01 2021 03 08 23 35 02
-4.04840292E-01 2021 03 08 23 40 02
-3.83680364E-01 2021 03 08 23 45 02
-3.73759864E-01 2021 03 08 23 50 03
-4.64027054E-01 2021 03 08 23 55 02
