-3.93081487E-02 2021 03 04 00 00 02
+8.17297566E-02 2021 03 04 00 05 02
+1.70416541E-01 2021 03 04 00 10 02
-6.86624783E-02 2021 03 04 00 15 02
-3.58549209E-01 2021 03 04 00 20 02
-2.33304492E-01 2021 03 04 00 25 02
-2.98588265E-01 2021 03 04 00 30 03
-4.06209466E-01 2021 03 04 00 35 02
-3.86287566E-01 2021 03 04 00 40 02
-4.53699307E-01 2021 03 04 00 45 02
-5.05948668E-01 2021 03 04 00 50 02
-5.45731561E-01 2021 03 04 00 55 03
-6.19629789E-01 2021 03 04 01 00 02
-5.30851687E-01 2021 03 04 01 05 02
-4.51519305E-01 2021 03 04 01 10 02
-5.23289393E-01 2021 03 04 01 15 02
-6.30842584E-01 2021 03 04 01 20 02
-7.01931896E-01 2021 03 04 01 25 02
-8.12985307E-01 2021 03 04 01 30 02
-7.72050765E-01 2021 03 04 01 35 02
-7.85262267E-01 2021 03 04 01 40 02
-7.90170289E-01 2021 03 04 01 45 02
-8.47384506E-01 2021 03 04 01 50 02
-8.41723165E-01 2021 03 04 01 55 03
-8.97149437E-01 2021 03 04 02 00 02
-8.91896837E-01 2021 03 04 02 05 02
-8.35733665E-01 2021 03 04 02 10 02
-8.60872505E-01 2021 03 04 02 15 02
-8.78083067E-01 2021 03 04 02 20 02
-8.83788557E-01 2021 03 04 02 25 02
-8.94305395E-01 2021 03 04 02 30 02
-9.10020627E-01 2021 03 04 02 35 02
-9.22867267E-01 2021 03 04 02 40 02
-8.77233080E-01 2021 03 04 02 45 02
-9.04442917E-01 2021 03 04 02 50 02
-9.05012422E-01 2021 03 04 02 55 02
-8.76132881E-01 2021 03 04 03 00 02
-9.62152362E-01 2021 03 04 03 05 02
-9.90940246E-01 2021 03 04 03 10 02
-9.68461520E-01 2021 03 04 03 15 02
-9.48208531E-01 2021 03 04 03 20 02
-8.45884904E-01 2021 03 04 03 25 02
-9.28214647E-01 2021 03 04 03 30 02
-9.54386677E-01 2021 03 04 03 35 02
-9.52354195E-01 2021 03 04 03 40 02
-9.38285856E-01 2021 03 04 03 45 02
-9.70138086E-01 2021 03 04 03 50 02
-9.94352816E-01 2021 03 04 03 55 02
-8.92148030E-01 2021 03 04 04 00 02
-9.32190069E-01 2021 03 04 04 05 02
-9.94770256E-01 2021 03 04 04 10 02
-1.17843813E+00 2021 03 04 04 15 02
-1.00591851E+00 2021 03 04 04 20 03
-8.67973788E-01 2021 03 04 04 25 02
-9.86717463E-01 2021 03 04 04 30 02
-9.61302729E-01 2021 03 04 04 35 02
-9.36241818E-01 2021 03 04 04 40 02
-9.54133997E-01 2021 03 04 04 45 03
-8.47589604E-01 2021 03 04 04 50 02
-8.01281929E-01 2021 03 04 04 55 02
-8.50204414E-01 2021 03 04 05 00 02
-9.66655321E-01 2021 03 04 05 05 02
-9.79074962E-01 2021 03 04 05 10 02
-8.54912403E-01 2021 03 04 05 15 02
-8.53594739E-01 2021 03 04 05 20 02
-7.28434658E-01 2021 03 04 05 25 02
-7.99391128E-01 2021 03 04 05 30 02
-7.12162372E-01 2021 03 04 05 35 02
-6.72753903E-01 2021 03 04 05 40 02
-7.37558143E-01 2021 03 04 05 45 02
-7.85223515E-01 2021 03 04 05 50 02
-6.92377063E-01 2021 03 04 05 55 02
-8.45684446E-01 2021 03 04 06 00 02
-6.32695348E-01 2021 03 04 06 05 02
-5.96056373E-01 2021 03 04 06 10 02
-5.29935036E-01 2021 03 04 06 15 02
-4.31449481E-01 2021 03 04 06 20 02
-3.64501605E-01 2021 03 04 06 25 02
-4.16934856E-01 2021 03 04 06 30 02
-4.19145491E-01 2021 03 04 06 35 03
-4.71794809E-01 2021 03 04 06 40 02
-5.08371312E-01 2021 03 04 06 45 02
-5.13224145E-01 2021 03 04 06 50 02
-2.97979375E-01 2021 03 04 06 55 02
-2.01385687E-01 2021 03 04 07 00 02
-3.78996389E-01 2021 03 04 07 05 02
-2.92885712E-01 2021 03 04 07 10 02
-2.51676039E-01 2021 03 04 07 15 02
-4.04000395E-01 2021 03 04 07 20 02
-2.09398103E-01 2021 03 04 07 25 02
-3.08111272E-01 2021 03 04 07 30 02
-3.28627044E-01 2021 03 04 07 35 03
-3.34899751E-01 2021 03 04 07 40 02
-3.34981517E-01 2021 03 04 07 45 02
-4.17871744E-01 2021 03 04 07 50 02
-2.72651136E-01 2021 03 04 07 55 02
-3.28730976E-01 2021 03 04 08 00 03
-3.01871006E-01 2021 03 04 08 05 02
-1.95211033E-01 2021 03 04 08 10 02
-2.56991350E-01 2021 03 04 08 15 02
-2.44867290E-01 2021 03 04 08 20 02
-1.05998387E-01 2021 03 04 08 25 02
-2.24430998E-01 2021 03 04 08 30 02
-3.56726717E-01 2021 03 04 08 35 02
-2.83183040E-01 2021 03 04 08 40 02
-2.65278010E-01 2021 03 04 08 45 02
-3.51463946E-01 2021 03 04 08 50 02
-4.32474126E-01 2021 03 04 08 55 02
-3.33464551E-01 2021 03 04 09 00 02
-2.21900786E-01 2021 03 04 09 05 02
-2.47612264E-01 2021 03 04 09 10 02
-3.31694582E-01 2021 03 04 09 15 02
-1.71182316E-01 2021 03 04 09 20 02
-1.89156341E-01 2021 03 04 09 25 02
-1.82698826E-01 2021 03 04 09 30 02
-2.43386363E-01 2021 03 04 09 35 02
-2.14741118E-01 2021 03 04 09 40 02
-3.23624058E-01 2021 03 04 09 45 02
-2.66108959E-01 2021 03 04 09 50 03
-1.57338156E-01 2021 03 04 09 55 02
-2.13483422E-01 2021 03 04 10 00 02
-1.93656089E-01 2021 03 04 10 05 02
-3.04640389E-01 2021 03 04 10 10 02
-2.96422229E-01 2021 03 04 10 15 02
-2.59588098E-01 2021 03 04 10 20 02
-2.06133816E-01 2021 03 04 10 25 02
-1.84999586E-01 2021 03 04 10 30 02
-2.09950972E-01 2021 03 04 10 35 02
-1.55691390E-01 2021 03 04 10 40 02
-2.68901919E-01 2021 03 04 10 45 02
-9.77973277E-02 2021 03 04 10 50 03
-2.36494369E-01 2021 03 04 10 55 02
-3.30947516E-01 2021 03 04 11 00 02
-2.97861153E-01 2021 03 04 11 05 02
-4.33775752E-01 2021 03 04 11 10 02
-3.43865187E-01 2021 03 04 11 15 03
-3.85955847E-01 2021 03 04 11 20 02
-3.80146187E-01 2021 03 04 11 25 02
-3.40449357E-01 2021 03 04 11 30 02
-3.77535733E-01 2021 03 04 11 35 02
-3.49134174E-01 2021 03 04 11 40 02
-5.27403048E-01 2021 03 04 11 45 02
-4.76314034E-01 2021 03 04 11 50 02
-4.98806465E-01 2021 03 04 11 55 02
-4.24013290E-01 2021 03 04 12 00 02
-5.12355903E-01 2021 03 04 12 05 02
-4.38523399E-01 2021 03 04 12 10 02
-4.59489101E-01 2021 03 04 12 15 03
-4.26580767E-01 2021 03 04 12 20 02
-5.05243783E-01 2021 03 04 12 25 02
-5.84194802E-01 2021 03 04 12 30 02
-6.01848305E-01 2021 03 04 12 35 02
-6.06235728E-01 2021 03 04 12 40 03
-5.56308456E-01 2021 03 04 12 45 02
-5.73191570E-01 2021 03 04 12 50 02
-6.23525090E-01 2021 03 04 12 55 02
-6.64309165E-01 2021 03 04 13 00 02
-7.13217766E-01 2021 03 04 13 05 03
-5.70552635E-01 2021 03 04 13 10 02
-4.94207347E-01 2021 03 04 13 15 02
-6.29861416E-01 2021 03 04 13 20 02
-5.36957673E-01 2021 03 04 13 25 02
-6.26553808E-01 2021 03 04 13 30 02
-6.13818995E-01 2021 03 04 13 35 02
-5.88840002E-01 2021 03 04 13 40 03
-4.07412632E-01 2021 03 04 13 45 02
-6.21854593E-01 2021 03 04 13 50 02
-6.95059088E-01 2021 03 04 13 55 02
-6.66830100E-01 2021 03 04 14 00 02
-7.86535060E-01 2021 03 04 14 05 03
-7.57389783E-01 2021 03 04 14 10 02
-6.73401841E-01 2021 03 04 14 15 02
-6.38550602E-01 2021 03 04 14 20 02
-8.47818970E-01 2021 03 04 14 25 02
-8.74758283E-01 2021 03 04 14 30 02
-9.13403636E-01 2021 03 04 14 35 02
-1.04255180E+00 2021 03 04 14 40 02
-1.05436655E+00 2021 03 04 14 45 02
-9.35113828E-01 2021 03 04 14 50 02
-9.41414469E-01 2021 03 04 14 55 02
-1.01936459E+00 2021 03 04 15 00 02
-1.04843398E+00 2021 03 04 15 05 03
-1.02388559E+00 2021 03 04 15 10 02
-1.09626613E+00 2021 03 04 15 15 02
-1.05865722E+00 2021 03 04 15 20 02
-1.09730359E+00 2021 03 04 15 25 02
-1.01755984E+00 2021 03 04 15 30 02
-1.10852968E+00 2021 03 04 15 35 02
-1.14184809E+00 2021 03 04 15 40 02
-1.05256051E+00 2021 03 04 15 45 02
-1.16464544E+00 2021 03 04 15 50 02
-1.13287610E+00 2021 03 04 15 55 02
-1.09544086E+00 2021 03 04 16 00 02
-1.05682638E+00 2021 03 04 16 05 02
-1.13365415E+00 2021 03 04 16 10 02
-1.16251672E+00 2021 03 04 16 15 02
-1.09244647E+00 2021 03 04 16 20 02
-1.22304684E+00 2021 03 04 16 25 02
-1.15437558E+00 2021 03 04 16 30 03
-1.23312942E+00 2021 03 04 16 35 02
-1.18377957E+00 2021 03 04 16 40 02
-1.04194717E+00 2021 03 04 16 45 02
-1.02747049E+00 2021 03 04 16 50 02
-1.18585680E+00 2021 03 04 16 55 03
-1.29149635E+00 2021 03 04 17 00 02
-1.20672002E+00 2021 03 04 17 05 02
-1.12843626E+00 2021 03 04 17 10 02
-1.03766665E+00 2021 03 04 17 15 02
-1.08535977E+00 2021 03 04 17 20 02
-1.01147561E+00 2021 03 04 17 25 02
-9.66326747E-01 2021 03 04 17 30 02
-1.02152132E+00 2021 03 04 17 35 02
-9.24561412E-01 2021 03 04 17 40 02
-8.45676277E-01 2021 03 04 17 45 02
-9.16863960E-01 2021 03 04 17 50 02
-8.36574178E-01 2021 03 04 17 55 03
-8.14816899E-01 2021 03 04 18 00 02
-8.63667323E-01 2021 03 04 18 05 02
-8.31618192E-01 2021 03 04 18 10 02
-7.64740284E-01 2021 03 04 18 15 02
-7.50047115E-01 2021 03 04 18 20 02
-6.92121412E-01 2021 03 04 18 25 02
-7.10707965E-01 2021 03 04 18 30 02
-6.85459505E-01 2021 03 04 18 35 02
-6.09140215E-01 2021 03 04 18 40 02
-5.93673927E-01 2021 03 04 18 45 02
-5.70295199E-01 2021 03 04 18 50 02
-5.43234960E-01 2021 03 04 18 55 02
-5.01617145E-01 2021 03 04 19 00 02
-5.79545915E-01 2021 03 04 19 05 02
-4.43990479E-01 2021 03 04 19 10 02
-4.32788275E-01 2021 03 04 19 15 02
-4.24597568E-01 2021 03 04 19 20 02
-2.87625943E-01 2021 03 04 19 25 02
-3.31005939E-01 2021 03 04 19 30 02
-4.64752912E-01 2021 03 04 19 35 02
-6.03416395E-01 2021 03 04 19 40 02
-4.00644164E-01 2021 03 04 19 45 02
-3.72904278E-01 2021 03 04 19 50 02
-2.02790000E-01 2021 03 04 19 55 02
-3.16974638E-01 2021 03 04 20 00 02
-2.56256733E-01 2021 03 04 20 05 02
-3.05988763E-01 2021 03 04 20 10 03
-2.20533544E-01 2021 03 04 20 15 02
-2.18133110E-01 2021 03 04 20 20 02
-2.04447962E-01 2021 03 04 20 25 02
-1.64903172E-01 2021 03 04 20 30 02
-1.34722075E-01 2021 03 04 20 35 03
-1.35294980E-01 2021 03 04 20 40 02
-1.08475108E-01 2021 03 04 20 45 02
-1.10324574E-01 2021 03 04 20 50 02
-5.25491453E-02 2021 03 04 20 55 02
-4.76022114E-02 2021 03 04 21 00 02
-7.37218700E-02 2021 03 04 21 05 02
+2.08063310E-02 2021 03 04 21 10 02
-5.63261009E-02 2021 03 04 21 15 02
-3.58000474E-02 2021 03 04 21 20 02
-1.97325661E-02 2021 03 04 21 25 02
-3.76336029E-02 2021 03 04 21 30 02
-6.48730012E-02 2021 03 04 21 35 02
-1.01833972E-01 2021 03 04 21 40 02
-1.04765351E-01 2021 03 04 21 45 02
+1.02671922E-02 2021 03 04 21 50 02
-2.24597801E-02 2021 03 04 21 55 02
-3.55469173E-02 2021 03 04 22 00 03
+1.97882734E-05 2021 03 04 22 05 02
+7.51614183E-02 2021 03 04 22 10 02
-8.50462184E-02 2021 03 04 22 15 02
-7.83910845E-02 2021 03 04 22 20 02
-2.76997120E-02 2021 03 04 22 25 02
-1.44411381E-02 2021 03 04 22 30 02
-3.98759238E-02 2021 03 04 22 35 02
-4.48698422E-02 2021 03 04 22 40 02
-5.26145444E-02 2021 03 04 22 45 02
-7.93950244E-02 2021 03 04 22 50 02
-1.14826885E-01 2021 03 04 22 55 02
-1.63358280E-01 2021 03 04 23 00 03
-1.49455525E-01 2021 03 04 23 05 02
-1.57128097E-01 2021 03 04 23 10 02
-1.21110906E-01 2021 03 04 23 15 02
-1.53486976E-01 2021 03 04 23 20 02
-2.10559904E-01 2021 03 04 23 25 02
-2.91264260E-01 2021 03 04 23 30 02
-3.43631894E-01 2021 03 04 23 35 02
-3.83165625E-01 2021 03 04 23 40 02
-3.82046908E-01 2021 03 04 23 45 02
-2.43146119E-01 2021 03 04 23 50 02
-3.09029597E-01 2021 03 04 23 55 02
