-2.89566246E-01 2021 03 09 00 00 02
-3.84821862E-01 2021 03 09 00 05 02
-3.15541407E-01 2021 03 09 00 10 02
-4.23762548E-01 2021 03 09 00 15 02
-3.42597202E-01 2021 03 09 00 20 02
-3.53816408E-01 2021 03 09 00 25 02
-3.73976358E-01 2021 03 09 00 30 02
-3.42616912E-01 2021 03 09 00 35 02
-3.32720502E-01 2021 03 09 00 40 02
-2.72494790E-01 2021 03 09 00 45 02
-2.73399617E-01 2021 03 09 00 50 03
-2.45431599E-01 2021 03 09 00 55 02
-2.37969176E-01 2021 03 09 01 00 02
-2.22862692E-01 2021 03 09 01 05 02
-2.60128321E-01 2021 03 09 01 10 02
-2.47202229E-01 2021 03 09 01 15 03
-3.42082785E-01 2021 03 09 01 20 02
-1.55998028E-01 2021 03 09 01 25 02
-7.47538714E-02 2021 03 09 01 30 02
+8.89686675E-03 2021 03 09 01 35 02
-2.67941981E-02 2021 03 09 01 40 03
-1.88480947E-01 2021 03 09 01 45 02
-2.52636644E-01 2021 03 09 01 50 02
-2.85625836E-01 2021 03 09 01 55 02
-2.98156622E-01 2021 03 09 02 00 02
-3.09287711E-01 2021 03 09 02 05 03
-2.80833703E-01 2021 03 09 02 10 02
-2.31093293E-01 2021 03 09 02 15 02
-1.63386380E-01 2021 03 09 02 20 02
-1.43849077E-01 2021 03 09 02 25 02
-1.50521501E-01 2021 03 09 02 30 02
-5.08401330E-02 2021 03 09 02 35 02
-1.03885486E-01 2021 03 09 02 40 02
-1.03593163E-01 2021 03 09 02 45 02
-5.33795811E-02 2021 03 09 02 50 02
+1.08904629E-01 2021 03 09 02 55 02
+7.58029806E-02 2021 03 09 03 00 02
+7.53788471E-02 2021 03 09 03 05 02
+6.19591919E-02 2021 03 09 03 10 02
+1.67328124E-01 2021 03 09 03 15 02
+3.18104113E-01 2021 03 09 03 20 02
+4.21832635E-01 2021 03 09 03 25 02
+3.83831069E-01 2021 03 09 03 30 03
+3.43305364E-01 2021 03 09 03 35 02
+2.63698613E-01 2021 03 09 03 40 02
+1.19400881E-01 2021 03 09 03 45 02
+1.85363208E-02 2021 03 09 03 50 02
-9.49962423E-02 2021 03 09 03 55 03
-1.01916832E-01 2021 03 09 04 00 02
-1.16758992E-01 2021 03 09 04 05 02
-1.34185054E-01 2021 03 09 04 10 02
-2.04688657E-02 2021 03 09 04 15 02
-1.95232651E-02 2021 03 09 04 20 02
+4.56239566E-02 2021 03 09 04 25 02
+2.15360703E-02 2021 03 09 04 30 02
+5.26966891E-02 2021 03 09 04 35 02
+6.89307592E-02 2021 03 09 04 40 02
+9.51930002E-02 2021 03 09 04 45 02
+7.60565696E-02 2021 03 09 04 50 02
+5.39873474E-02 2021 03 09 04 55 02
+6.02785323E-02 2021 03 09 05 00 02
-3.10862666E-02 2021 03 09 05 05 02
-3.27201470E-02 2021 03 09 05 10 02
-5.09443128E-02 2021 03 09 05 15 02
-5.57408411E-02 2021 03 09 05 20 03
-7.30672210E-02 2021 03 09 05 25 02
-6.19457743E-02 2021 03 09 05 30 02
-7.14578066E-02 2021 03 09 05 35 02
-7.52787250E-02 2021 03 09 05 40 02
-1.06256568E-01 2021 03 09 05 45 03
-9.15690571E-02 2021 03 09 05 50 02
-8.39338208E-02 2021 03 09 05 55 02
-1.30041649E-01 2021 03 09 06 00 02
-9.96615460E-02 2021 03 09 06 05 02
-1.88218105E-01 2021 03 09 06 10 02
-9.29654405E-02 2021 03 09 06 15 02
-1.46808295E-01 2021 03 09 06 20 02
-1.53953280E-01 2021 03 09 06 25 02
-1.41186581E-01 2021 03 09 06 30 02
-7.22216119E-02 2021 03 09 06 35 02
-8.64217842E-02 2021 03 09 06 40 02
-2.29046976E-02 2021 03 09 06 45 02
-4.30940768E-03 2021 03 09 06 50 02
-1.31090407E-01 2021 03 09 06 55 02
-8.37352566E-02 2021 03 09 07 00 02
-1.75648001E-01 2021 03 09 07 05 02
-2.03330677E-01 2021 03 09 07 10 02
-1.88369419E-01 2021 03 09 07 15 02
-3.21123674E-01 2021 03 09 07 20 02
-2.55010822E-01 2021 03 09 07 25 02
-3.57110293E-01 2021 03 09 07 30 02
-3.46704741E-01 2021 03 09 07 35 03
-4.27643323E-01 2021 03 09 07 40 02
-4.83055315E-01 2021 03 09 07 45 02
-5.04085739E-01 2021 03 09 07 50 02
-4.52282852E-01 2021 03 09 07 55 02
-4.97987307E-01 2021 03 09 08 00 03
-6.10599700E-01 2021 03 09 08 05 02
-6.06573088E-01 2021 03 09 08 10 02
-6.14021681E-01 2021 03 09 08 15 02
-7.28936269E-01 2021 03 09 08 20 02
-8.13390988E-01 2021 03 09 08 25 03
-7.24439950E-01 2021 03 09 08 30 02
-8.30521877E-01 2021 03 09 08 35 02
-8.16733821E-01 2021 03 09 08 40 02
-8.81588029E-01 2021 03 09 08 45 02
-8.98890494E-01 2021 03 09 08 50 02
-9.52919007E-01 2021 03 09 08 55 02
-9.53154517E-01 2021 03 09 09 00 02
-9.83652589E-01 2021 03 09 09 05 02
-9.08083232E-01 2021 03 09 09 10 02
-1.07539655E+00 2021 03 09 09 15 02
-1.08006778E+00 2021 03 09 09 20 02
-1.00416190E+00 2021 03 09 09 25 02
-1.04431063E+00 2021 03 09 09 30 02
-1.04056414E+00 2021 03 09 09 35 02
-1.07126935E+00 2021 03 09 09 40 02
-1.14484968E+00 2021 03 09 09 45 02
-1.06084412E+00 2021 03 09 09 50 03
-1.08599249E+00 2021 03 09 09 55 02
-1.08036978E+00 2021 03 09 10 00 02
-1.09867012E+00 2021 03 09 10 05 02
-1.00228485E+00 2021 03 09 10 10 02
-1.02639814E+00 2021 03 09 10 15 03
-1.02146845E+00 2021 03 09 10 20 02
-9.87640696E-01 2021 03 09 10 25 02
-9.61721218E-01 2021 03 09 10 30 02
-1.01292642E+00 2021 03 09 10 35 02
-1.01219461E+00 2021 03 09 10 40 02
-9.37042425E-01 2021 03 09 10 45 02
-9.29405385E-01 2021 03 09 10 50 02
-8.91801521E-01 2021 03 09 10 55 02
-9.34534439E-01 2021 03 09 11 00 02
-8.54610256E-01 2021 03 09 11 05 02
-8.98968514E-01 2021 03 09 11 10 02
-8.67761529E-01 2021 03 09 11 15 02
-8.58917598E-01 2021 03 09 11 20 02
-7.32354590E-01 2021 03 09 11 25 02
-7.52867232E-01 2021 03 09 11 30 02
-8.18501942E-01 2021 03 09 11 35 02
-7.15114553E-01 2021 03 09 11 40 02
-8.08020951E-01 2021 03 09 11 45 02
-6.74467093E-01 2021 03 09 11 50 02
-6.41542859E-01 2021 03 09 11 55 02
-6.80780136E-01 2021 03 09 12 00 02
-7.13698574E-01 2021 03 09 12 05 03
-6.14325424E-01 2021 03 09 12 10 02
-5.72959756E-01 2021 03 09 12 15 02
-6.79827645E-01 2021 03 09 12 20 02
-5.74851171E-01 2021 03 09 12 25 02
-5.27978995E-01 2021 03 09 12 30 03
-4.67186410E-01 2021 03 09 12 35 02
-5.09559925E-01 2021 03 09 12 40 02
-5.00719037E-01 2021 03 09 12 45 02
-4.97747985E-01 2021 03 09 12 50 02
-4.77998097E-01 2021 03 09 12 55 02
-4.46055595E-01 2021 03 09 13 00 02
-5.07379495E-01 2021 03 09 13 05 02
-4.11788783E-01 2021 03 09 13 10 02
-4.69174924E-01 2021 03 09 13 15 02
-4.17379750E-01 2021 03 09 13 20 02
-3.70875467E-01 2021 03 09 13 25 02
-4.59063847E-01 2021 03 09 13 30 02
-3.61227696E-01 2021 03 09 13 35 02
-4.42213149E-01 2021 03 09 13 40 02
-4.20687527E-01 2021 03 09 13 45 02
-4.35089817E-01 2021 03 09 13 50 02
-4.35037454E-01 2021 03 09 13 55 03
-4.14670509E-01 2021 03 09 14 00 02
-4.81527193E-01 2021 03 09 14 05 02
-4.55811202E-01 2021 03 09 14 10 02
-4.12072125E-01 2021 03 09 14 15 02
-4.33225681E-01 2021 03 09 14 20 02
-4.08722213E-01 2021 03 09 14 25 02
-4.48779617E-01 2021 03 09 14 30 02
-4.61297546E-01 2021 03 09 14 35 02
-4.46776316E-01 2021 03 09 14 40 02
-4.19374696E-01 2021 03 09 14 45 02
-4.09145916E-01 2021 03 09 14 50 02
-4.10887336E-01 2021 03 09 14 55 02
-4.54742598E-01 2021 03 09 15 00 02
-4.48304941E-01 2021 03 09 15 05 02
-4.12353546E-01 2021 03 09 15 10 02
-5.33421029E-01 2021 03 09 15 15 02
-4.70613011E-01 2021 03 09 15 20 03
-4.54610897E-01 2021 03 09 15 25 02
-4.00974502E-01 2021 03 09 15 30 02
-3.61304344E-01 2021 03 09 15 35 02
-4.54096693E-01 2021 03 09 15 40 02
-3.91203014E-01 2021 03 09 15 45 03
-4.96662921E-01 2021 03 09 15 50 02
-4.80399222E-01 2021 03 09 15 55 02
-4.78847969E-01 2021 03 09 16 00 02
-4.81298626E-01 2021 03 09 16 05 02
-5.65263765E-01 2021 03 09 16 10 03
-5.43246970E-01 2021 03 09 16 15 02
-5.47321018E-01 2021 03 09 16 20 02
-5.89053579E-01 2021 03 09 16 25 02
-5.41493495E-01 2021 03 09 16 30 02
-5.29973638E-01 2021 03 09 16 35 03
-5.91108052E-01 2021 03 09 16 40 02
-5.42213021E-01 2021 03 09 16 45 02
-5.95904965E-01 2021 03 09 16 50 02
-5.72330546E-01 2021 03 09 16 55 02
-5.97943717E-01 2021 03 09 17 00 03
-5.85912567E-01 2021 03 09 17 05 02
-6.18509596E-01 2021 03 09 17 10 02
-5.86739946E-01 2021 03 09 17 15 02
-6.78518369E-01 2021 03 09 17 20 02
-6.34601326E-01 2021 03 09 17 25 03
-6.16505445E-01 2021 03 09 17 30 02
-6.91938913E-01 2021 03 09 17 35 02
-7.66836850E-01 2021 03 09 17 40 02
-6.41108244E-01 2021 03 09 17 45 02
-6.77678353E-01 2021 03 09 17 50 03
-7.83357312E-01 2021 03 09 17 55 02
-6.96402047E-01 2021 03 09 18 00 02
-6.61738169E-01 2021 03 09 18 05 02
-7.08178129E-01 2021 03 09 18 10 02
-6.04257176E-01 2021 03 09 18 15 03
-6.36565875E-01 2021 03 09 18 20 02
-6.35803553E-01 2021 03 09 18 25 02
-6.54708079E-01 2021 03 09 18 30 02
-6.57532827E-01 2021 03 09 18 35 02
-7.07016938E-01 2021 03 09 18 40 02
-7.29114178E-01 2021 03 09 18 45 02
-7.86821714E-01 2021 03 09 18 50 02
-7.10024223E-01 2021 03 09 18 55 02
-7.76901982E-01 2021 03 09 19 00 02
-6.97194154E-01 2021 03 09 19 05 02
-7.67140697E-01 2021 03 09 19 10 02
-7.98357949E-01 2021 03 09 19 15 02
-8.20985554E-01 2021 03 09 19 20 02
-7.61745876E-01 2021 03 09 19 25 02
-7.05250163E-01 2021 03 09 19 30 02
-7.17861184E-01 2021 03 09 19 35 02
-8.26606944E-01 2021 03 09 19 40 03
-8.05494218E-01 2021 03 09 19 45 02
-8.52258159E-01 2021 03 09 19 50 02
-8.31259344E-01 2021 03 09 19 55 02
-8.65966207E-01 2021 03 09 20 00 02
-7.88648639E-01 2021 03 09 20 05 03
-8.40704178E-01 2021 03 09 20 10 02
-8.48991960E-01 2021 03 09 20 15 02
-9.25388886E-01 2021 03 09 20 20 02
-9.28991653E-01 2021 03 09 20 25 02
-8.85199050E-01 2021 03 09 20 30 02
-9.32668543E-01 2021 03 09 20 35 02
-8.63552525E-01 2021 03 09 20 40 02
-8.80584438E-01 2021 03 09 20 45 02
-8.92677524E-01 2021 03 09 20 50 02
-9.03733031E-01 2021 03 09 20 55 02
-8.65643616E-01 2021 03 09 21 00 02
-9.41751517E-01 2021 03 09 21 05 02
-9.21167530E-01 2021 03 09 21 10 02
-9.36747331E-01 2021 03 09 21 15 02
-9.35749920E-01 2021 03 09 21 20 02
-9.29794048E-01 2021 03 09 21 25 02
-9.42459714E-01 2021 03 09 21 30 03
-9.59294229E-01 2021 03 09 21 35 02
-9.95695115E-01 2021 03 09 21 40 02
-9.93949371E-01 2021 03 09 21 45 02
-9.70478566E-01 2021 03 09 21 50 02
-9.88786979E-01 2021 03 09 21 55 03
-9.97343998E-01 2021 03 09 22 00 02
-9.59939106E-01 2021 03 09 22 05 02
-9.64548243E-01 2021 03 09 22 10 02
-9.05717429E-01 2021 03 09 22 15 02
-9.22768841E-01 2021 03 09 22 20 02
-9.10083381E-01 2021 03 09 22 25 02
-9.57684069E-01 2021 03 09 22 30 02
-1.00600614E+00 2021 03 09 22 35 02
-9.27065946E-01 2021 03 09 22 40 02
-9.95719899E-01 2021 03 09 22 45 02
-8.77805505E-01 2021 03 09 22 50 02
-9.15987595E-01 2021 03 09 22 55 02
-8.61721207E-01 2021 03 09 23 00 02
-8.77853160E-01 2021 03 09 23 05 02
-9.42082214E-01 2021 03 09 23 10 02
-8.58469485E-01 2021 03 09 23 15 02
-9.34550528E-01 2021 03 09 23 20 03
-9.11123516E-01 2021 03 09 23 25 02
-9.09926761E-01 2021 03 09 23 30 02
-8.83472432E-01 2021 03 09 23 35 02
-8.72788181E-01 2021 03 09 23 40 02
-8.06239109E-01 2021 03 09 23 45 03
-8.17283715E-01 2021 03 09 23 50 02
-7.80877075E-01 2021 03 09 23 55 02
