+3.81996783E-01 2021 03 07 00 00 02
+3.23013162E-01 2021 03 07 00 05 02
+3.81943849E-01 2021 03 07 00 10 02
+2.48721384E-01 2021 03 07 00 15 02
+3.99859646E-01 2021 03 07 00 20 02
+4.38300797E-01 2021 03 07 00 25 02
+3.04498969E-01 2021 03 07 00 30 02
+2.27609160E-01 2021 03 07 00 35 03
+2.39471990E-01 2021 03 07 00 40 02
+1.62462822E-01 2021 03 07 00 45 02
+1.32646949E-01 2021 03 07 00 50 02
+8.51357366E-02 2021 03 07 00 55 02
+1.61710372E-01 2021 03 07 01 00 03
+3.28398130E-01 2021 03 07 01 05 02
+2.97105607E-01 2021 03 07 01 10 02
+2.13377233E-01 2021 03 07 01 15 02
+1.85583030E-01 2021 03 07 01 20 02
+1.74904100E-01 2021 03 07 01 25 03
+1.34519591E-01 2021 03 07 01 30 02
+1.42230215E-01 2021 03 07 01 35 02
+1.93535964E-01 2021 03 07 01 40 02
+2.57034126E-01 2021 03 07 01 45 02
+3.34154586E-01 2021 03 07 01 50 02
+3.40090777E-01 2021 03 07 01 55 02
+4.00855566E-01 2021 03 07 02 00 02
+3.93203983E-01 2021 03 07 02 05 02
+2.94715327E-01 2021 03 07 02 10 02
+2.63187583E-01 2021 03 07 02 15 02
+2.77769388E-01 2021 03 07 02 20 02
+1.38978666E-01 2021 03 07 02 25 02
+1.99619608E-01 2021 03 07 02 30 02
+1.65314101E-01 2021 03 07 02 35 02
+1.28208964E-01 2021 03 07 02 40 02
+2.11931531E-01 2021 03 07 02 45 02
+1.87023868E-01 2021 03 07 02 50 03
+1.61712221E-01 2021 03 07 02 55 02
+2.59582439E-01 2021 03 07 03 00 02
+2.04746266E-01 2021 03 07 03 05 02
+1.75526970E-01 2021 03 07 03 10 02
+1.65141178E-01 2021 03 07 03 15 03
+2.34614001E-01 2021 03 07 03 20 02
+2.82999202E-01 2021 03 07 03 25 02
+2.42813717E-01 2021 03 07 03 30 02
+1.97953585E-01 2021 03 07 03 35 02
+2.24632963E-01 2021 03 07 03 40 02
+9.40989025E-02 2021 03 07 03 45 02
-5.28747428E-02 2021 03 07 03 50 02
-1.28125524E-01 2021 03 07 03 55 02
-1.76654313E-01 2021 03 07 04 00 02
-9.57917821E-02 2021 03 07 04 05 02
-1.09420248E-01 2021 03 07 04 10 02
-1.08820072E-01 2021 03 07 04 15 02
-7.92192865E-02 2021 03 07 04 20 02
-8.55254140E-02 2021 03 07 04 25 02
-5.15157968E-02 2021 03 07 04 30 02
-4.30180467E-02 2021 03 07 04 35 02
-2.89634801E-02 2021 03 07 04 40 03
-2.44498459E-02 2021 03 07 04 45 02
-4.13651215E-02 2021 03 07 04 50 02
-2.70597796E-03 2021 03 07 04 55 02
-5.33559898E-02 2021 03 07 05 00 02
-4.84430654E-02 2021 03 07 05 05 03
-6.12903899E-02 2021 03 07 05 10 02
-6.91054984E-02 2021 03 07 05 15 02
-1.55522154E-01 2021 03 07 05 20 02
-1.86035426E-01 2021 03 07 05 25 02
-2.20275944E-01 2021 03 07 05 30 03
-3.44328581E-01 2021 03 07 05 35 02
-2.25558649E-01 2021 03 07 05 40 02
-1.46448580E-01 2021 03 07 05 45 02
-1.76069253E-01 2021 03 07 05 50 02
-1.97031753E-01 2021 03 07 05 55 03
-1.19083999E-01 2021 03 07 06 00 02
-3.22362549E-02 2021 03 07 06 05 02
-1.10608533E-01 2021 03 07 06 10 02
-6.81933821E-02 2021 03 07 06 15 02
-1.94559366E-01 2021 03 07 06 20 02
-1.76517614E-01 2021 03 07 06 25 02
-1.71172542E-01 2021 03 07 06 30 02
-2.55827390E-01 2021 03 07 06 35 02
-3.71303366E-01 2021 03 07 06 40 02
-3.15233076E-01 2021 03 07 06 45 02
-2.57914520E-01 2021 03 07 06 50 02
-2.03476492E-01 2021 03 07 06 55 02
-2.49270744E-01 2021 03 07 07 00 02
-2.37582582E-01 2021 03 07 07 05 02
-2.02470369E-01 2021 03 07 07 10 02
-2.52095342E-01 2021 03 07 07 15 02
-2.38005061E-01 2021 03 07 07 20 03
-2.84303198E-01 2021 03 07 07 25 02
-3.30236705E-01 2021 03 07 07 30 02
-3.24400610E-01 2021 03 07 07 35 02
-2.69912830E-01 2021 03 07 07 40 02
-2.49005869E-01 2021 03 07 07 45 03
-3.11454353E-01 2021 03 07 07 50 02
-3.51218250E-01 2021 03 07 07 55 02
-3.42142772E-01 2021 03 07 08 00 02
-3.42205201E-01 2021 03 07 08 05 02
-4.76498947E-01 2021 03 07 08 10 03
-4.80130109E-01 2021 03 07 08 15 02
-4.98514243E-01 2021 03 07 08 20 02
-4.49469041E-01 2021 03 07 08 25 02
-4.38144975E-01 2021 03 07 08 30 02
-4.38623676E-01 2021 03 07 08 35 02
-4.02870242E-01 2021 03 07 08 40 02
-5.83985694E-01 2021 03 07 08 45 02
-4.81412687E-01 2021 03 07 08 50 02
-6.24199464E-01 2021 03 07 08 55 02
-5.68948027E-01 2021 03 07 09 00 02
-5.41802727E-01 2021 03 07 09 05 02
-5.22442936E-01 2021 03 07 09 10 02
-6.71222339E-01 2021 03 07 09 15 02
-7.28319982E-01 2021 03 07 09 20 02
-6.23629803E-01 2021 03 07 09 25 02
-6.49786558E-01 2021 03 07 09 30 02
-6.60040710E-01 2021 03 07 09 35 02
-7.09935478E-01 2021 03 07 09 40 02
-6.76713285E-01 2021 03 07 09 45 02
-6.63117367E-01 2021 03 07 09 50 02
-6.44539572E-01 2021 03 07 09 55 02
-8.44179739E-01 2021 03 07 10 00 03
-7.54016869E-01 2021 03 07 10 05 02
-8.41902591E-01 2021 03 07 10 10 02
-6.36324752E-01 2021 03 07 10 15 02
-4.78847641E-01 2021 03 07 10 20 02
-7.02744877E-01 2021 03 07 10 25 02
-6.39271493E-01 2021 03 07 10 30 02
-6.08709890E-01 2021 03 07 10 35 02
-6.23783749E-01 2021 03 07 10 40 02
-7.08468390E-01 2021 03 07 10 45 02
-6.86547534E-01 2021 03 07 10 50 02
-6.55002281E-01 2021 03 07 10 55 02
-7.26608647E-01 2021 03 07 11 00 02
-5.99531178E-01 2021 03 07 11 05 02
-5.74719813E-01 2021 03 07 11 10 02
-5.39120616E-01 2021 03 07 11 15 02
-5.47432483E-01 2021 03 07 11 20 02
-5.80827831E-01 2021 03 07 11 25 02
-5.83462668E-01 2021 03 07 11 30 02
-5.63112506E-01 2021 03 07 11 35 02
-3.86807802E-01 2021 03 07 11 40 02
-5.70206599E-01 2021 03 07 11 45 02
-4.00203743E-01 2021 03 07 11 50 03
-4.57401606E-01 2021 03 07 11 55 02
-5.08049966E-01 2021 03 07 12 00 02
-4.39721528E-01 2021 03 07 12 05 02
-5.10128016E-01 2021 03 07 12 10 02
-4.28027255E-01 2021 03 07 12 15 03
-3.95477018E-01 2021 03 07 12 20 02
-3.58302444E-01 2021 03 07 12 25 02
-2.83918470E-01 2021 03 07 12 30 02
-3.33286784E-01 2021 03 07 12 35 02
-3.30536006E-01 2021 03 07 12 40 02
-4.52620720E-01 2021 03 07 12 45 02
-4.29737747E-01 2021 03 07 12 50 02
-2.58588523E-01 2021 03 07 12 55 02
-1.79428475E-01 2021 03 07 13 00 02
-1.51236879E-01 2021 03 07 13 05 02
-3.53249459E-01 2021 03 07 13 10 02
-1.71065284E-01 2021 03 07 13 15 02
-4.43451231E-01 2021 03 07 13 20 02
-3.61002752E-01 2021 03 07 13 25 02
-5.05338174E-01 2021 03 07 13 30 02
-1.54905395E-01 2021 03 07 13 35 02
-2.31412466E-01 2021 03 07 13 40 03
-2.47235899E-01 2021 03 07 13 45 02
-2.44737052E-01 2021 03 07 13 50 02
-1.67256514E-01 2021 03 07 13 55 02
-3.03733043E-01 2021 03 07 14 00 02
-4.48796881E-01 2021 03 07 14 05 03
-3.46187142E-01 2021 03 07 14 10 02
-2.93809652E-01 2021 03 07 14 15 02
-2.81148913E-01 2021 03 07 14 20 02
-3.14488879E-01 2021 03 07 14 25 02
-2.71401694E-01 2021 03 07 14 30 03
-3.37526134E-01 2021 03 07 14 35 02
-3.04315874E-01 2021 03 07 14 40 02
-2.95620128E-01 2021 03 07 14 45 02
-3.25779034E-01 2021 03 07 14 50 02
-3.53714455E-01 2021 03 07 14 55 03
-3.80479848E-01 2021 03 07 15 00 02
-4.55409256E-01 2021 03 07 15 05 02
-4.27853934E-01 2021 03 07 15 10 02
-4.40823811E-01 2021 03 07 15 15 02
-3.93100666E-01 2021 03 07 15 20 02
-4.25828665E-01 2021 03 07 15 25 02
-4.22470481E-01 2021 03 07 15 30 02
-4.95379732E-01 2021 03 07 15 35 02
-5.38920442E-01 2021 03 07 15 40 02
-5.39844969E-01 2021 03 07 15 45 02
-5.06873073E-01 2021 03 07 15 50 02
-4.95898494E-01 2021 03 07 15 55 03
-5.26733037E-01 2021 03 07 16 00 02
-5.35773575E-01 2021 03 07 16 05 02
-5.15405982E-01 2021 03 07 16 10 02
-6.42484659E-01 2021 03 07 16 15 02
-5.90970256E-01 2021 03 07 16 20 03
-6.17471802E-01 2021 03 07 16 25 02
-6.15208276E-01 2021 03 07 16 30 02
-6.39217696E-01 2021 03 07 16 35 02
-6.40884643E-01 2021 03 07 16 40 02
-6.54379559E-01 2021 03 07 16 45 03
-7.06587345E-01 2021 03 07 16 50 02
-7.12965782E-01 2021 03 07 16 55 02
-7.02226788E-01 2021 03 07 17 00 02
-6.02076499E-01 2021 03 07 17 05 02
-6.49997041E-01 2021 03 07 17 10 03
-7.77130622E-01 2021 03 07 17 15 02
-9.22421013E-01 2021 03 07 17 20 02
-8.76897989E-01 2021 03 07 17 25 02
-8.31662839E-01 2021 03 07 17 30 02
-7.65872210E-01 2021 03 07 17 35 02
-7.39572339E-01 2021 03 07 17 40 02
-7.75087230E-01 2021 03 07 17 45 02
-7.94216161E-01 2021 03 07 17 50 02
-8.11403063E-01 2021 03 07 17 55 02
-8.92115282E-01 2021 03 07 18 00 02
-7.81413533E-01 2021 03 07 18 05 02
-8.64165674E-01 2021 03 07 18 10 02
-8.85680829E-01 2021 03 07 18 15 02
-8.65681616E-01 2021 03 07 18 20 02
-7.91347829E-01 2021 03 07 18 25 02
-8.15837820E-01 2021 03 07 18 30 02
-8.81853976E-01 2021 03 07 18 35 02
-8.45599457E-01 2021 03 07 18 40 02
-9.17782852E-01 2021 03 07 18 45 02
-9.68105917E-01 2021 03 07 18 50 02
-8.63370997E-01 2021 03 07 18 55 02
-8.27693840E-01 2021 03 07 19 00 02
-8.11133482E-01 2021 03 07 19 05 02
-7.84249815E-01 2021 03 07 19 10 02
-6.51591899E-01 2021 03 07 19 15 02
-6.75419195E-01 2021 03 07 19 20 02
-6.47574252E-01 2021 03 07 19 25 03
-6.27379699E-01 2021 03 07 19 30 02
-7.45543805E-01 2021 03 07 19 35 02
-6.24773782E-01 2021 03 07 19 40 02
-6.57494702E-01 2021 03 07 19 45 02
-6.16139332E-01 2021 03 07 19 50 03
-5.87217937E-01 2021 03 07 19 55 02
-5.95420391E-01 2021 03 07 20 00 02
-6.24969611E-01 2021 03 07 20 05 02
-7.03788239E-01 2021 03 07 20 10 02
-8.61520924E-01 2021 03 07 20 15 03
-8.52586792E-01 2021 03 07 20 20 02
-7.89524758E-01 2021 03 07 20 25 02
-7.18921946E-01 2021 03 07 20 30 02
-6.44679513E-01 2021 03 07 20 35 02
-6.26525629E-01 2021 03 07 20 40 02
-6.34920892E-01 2021 03 07 20 45 02
-5.58592614E-01 2021 03 07 20 50 02
-5.62429941E-01 2021 03 07 20 55 02
-5.86886425E-01 2021 03 07 21 00 02
-5.47404275E-01 2021 03 07 21 05 02
-6.34988069E-01 2021 03 07 21 10 02
-5.77353765E-01 2021 03 07 21 15 02
-6.16663312E-01 2021 03 07 21 20 02
-5.63349107E-01 2021 03 07 21 25 02
-5.16515696E-01 2021 03 07 21 30 02
-5.14102064E-01 2021 03 07 21 35 02
-4.93503793E-01 2021 03 07 21 40 03
-5.59389886E-01 2021 03 07 21 45 02
-4.98712413E-01 2021 03 07 21 50 02
-4.85278816E-01 2021 03 07 21 55 02
-4.58790105E-01 2021 03 07 22 00 02
-4.55444432E-01 2021 03 07 22 05 03
-4.68825231E-01 2021 03 07 22 10 02
-4.97949648E-01 2021 03 07 22 15 02
-4.87054817E-01 2021 03 07 22 20 02
-5.66879980E-01 2021 03 07 22 25 02
-5.75450299E-01 2021 03 07 22 30 03
-4.73189941E-01 2021 03 07 22 35 02
-4.57661378E-01 2021 03 07 22 40 02
-4.94540520E-01 2021 03 07 22 45 02
-4.29053757E-01 2021 03 07 22 50 02
-4.20420110E-01 2021 03 07 22 55 02
-3.54431039E-01 2021 03 07 23 00 02
-3.41995594E-01 2021 03 07 23 05 02
-2.79021901E-01 2021 03 07 23 10 02
-3.42095070E-01 2021 03 07 23 15 02
-4.15134595E-01 2021 03 07 23 20 02
-3.81066096E-01 2021 03 07 23 25 02
-4.12710853E-01 2021 03 07 23 30 02
-3.65877590E-01 2021 03 07 23 35 02
-3.63496870E-01 2021 03 07 23 40 02
-3.32740592E-01 2021 03 07 23 45 02
-2.54699233E-01 2021 03 07 23 50 02
-2.70856208E-01 2021 03 07 23 55 03
