-5.40401502E-01 2021 03 03 00 00 02
-4.95253541E-01 2021 03 03 00 05 02
-4.99172449E-01 2021 03 03 00 10 02
-2.91416589E-01 2021 03 03 00 15 02
-6.30619337E-01 2021 03 03 00 20 02
-4.12682560E-01 2021 03 03 00 25 02
-5.13391341E-01 2021 03 03 00 30 02
-6.65321330E-01 2021 03 03 00 35 02
-8.70001092E-01 2021 03 03 00 40 02
-8.57854704E-01 2021 03 03 00 45 02
-7.25451411E-01 2021 03 03 00 50 02
-4.97841185E-01 2021 03 03 00 55 02
-3.29503991E-01 2021 03 03 01 00 02
-3.82976527E-01 2021 03 03 01 05 02
-3.12243244E-01 2021 03 03 01 10 02
-1.76149438E-01 2021 03 03 01 15 02
-5.42523263E-02 2021 03 03 01 20 03
-2.74683758E-01 2021 03 03 01 25 02
-1.71860456E-01 2021 03 03 01 30 02
-5.44553858E-02 2021 03 03 01 35 02
-1.13865414E-01 2021 03 03 01 40 02
-2.01248460E-01 2021 03 03 01 45 03
-3.28166314E-01 2021 03 03 01 50 02
-4.91422185E-01 2021 03 03 01 55 02
-5.91089103E-01 2021 03 03 02 00 02
-8.33572174E-01 2021 03 03 02 05 02
-8.67214076E-01 2021 03 03 02 10 02
-1.11633852E+00 2021 03 03 02 15 02
-9.77675973E-01 2021 03 03 02 20 02
-1.19162032E+00 2021 03 03 02 25 02
-1.19923134E+00 2021 03 03 02 30 02
-1.32681802E+00 2021 03 03 02 35 02
-1.27269343E+00 2021 03 03 02 40 02
-1.24148190E+00 2021 03 03 02 45 02
-1.14254737E+00 2021 03 03 02 50 02
-1.17315495E+00 2021 03 03 02 55 02
-1.14394091E+00 2021 03 03 03 00 02
-9.79480550E-01 2021 03 03 03 05 02
-8.16470178E-01 2021 03 03 03 10 03
-8.81144529E-01 2021 03 03 03 15 02
-9.25246951E-01 2021 03 03 03 20 02
-7.97535728E-01 2021 03 03 03 25 02
-9.46703683E-01 2021 03 03 03 30 02
-8.24461558E-01 2021 03 03 03 35 03
-8.66220798E-01 2021 03 03 03 40 02
-9.11915399E-01 2021 03 03 03 45 02
-8.12214750E-01 2021 03 03 03 50 02
-7.77926980E-01 2021 03 03 03 55 02
-7.63707665E-01 2021 03 03 04 00 02
-4.83904975E-01 2021 03 03 04 05 02
-5.88417729E-01 2021 03 03 04 10 02
-7.86520913E-01 2021 03 03 04 15 02
-6.58313349E-01 2021 03 03 04 20 02
-6.45378657E-01 2021 03 03 04 25 02
-7.86281426E-01 2021 03 03 04 30 02
-7.13037117E-01 2021 03 03 04 35 03
-5.86190071E-01 2021 03 03 04 40 02
-4.45352395E-01 2021 03 03 04 45 02
-2.45798428E-01 2021 03 03 04 50 02
-2.82203513E-01 2021 03 03 04 55 02
-2.38751741E-01 2021 03 03 05 00 03
-2.23164001E-01 2021 03 03 05 05 02
-2.44468509E-01 2021 03 03 05 10 02
-2.01955554E-01 2021 03 03 05 15 02
-2.10982099E-01 2021 03 03 05 20 02
-2.53445865E-01 2021 03 03 05 25 03
-2.20922424E-01 2021 03 03 05 30 02
-1.59151590E-01 2021 03 03 05 35 02
-7.04434538E-02 2021 03 03 05 40 02
-5.97814304E-02 2021 03 03 05 45 02
-1.08146393E-01 2021 03 03 05 50 02
-5.80576099E-02 2021 03 03 05 55 02
+2.59099181E-03 2021 03 03 06 00 02
-8.88571879E-03 2021 03 03 06 05 02
+7.03028853E-02 2021 03 03 06 10 02
+3.05459032E-01 2021 03 03 06 15 02
+2.69067159E-01 2021 03 03 06 20 02
+8.95627596E-02 2021 03 03 06 25 02
+3.62093538E-01 2021 03 03 06 30 02
+4.41520053E-01 2021 03 03 06 35 02
+1.47438288E-01 2021 03 03 06 40 02
+1.37771279E-01 2021 03 03 06 45 02
+6.47710570E-02 2021 03 03 06 50 03
-3.68862036E-03 2021 03 03 06 55 02
+3.29838247E-03 2021 03 03 07 00 02
-1.12645161E-01 2021 03 03 07 05 02
-7.48575918E-02 2021 03 03 07 10 02
-9.10404262E-02 2021 03 03 07 15 03
-1.51447155E-01 2021 03 03 07 20 02
+3.10632887E-02 2021 03 03 07 25 02
-8.22096273E-03 2021 03 03 07 30 02
+3.25273187E-02 2021 03 03 07 35 02
-1.20931221E-01 2021 03 03 07 40 02
+1.14749405E-01 2021 03 03 07 45 02
-4.61840922E-02 2021 03 03 07 50 02
+1.95360115E-01 2021 03 03 07 55 02
+2.12033782E-01 2021 03 03 08 00 02
+1.73534227E-01 2021 03 03 08 05 02
+3.95092461E-01 2021 03 03 08 10 02
+2.89300237E-01 2021 03 03 08 15 03
+7.29136239E-04 2021 03 03 08 20 02
-2.17326861E-02 2021 03 03 08 25 02
+9.13828421E-05 2021 03 03 08 30 02
+1.66392996E-01 2021 03 03 08 35 02
-2.77225120E-02 2021 03 03 08 40 03
-5.16606231E-02 2021 03 03 08 45 02
+9.49550150E-02 2021 03 03 08 50 02
+1.90733319E-01 2021 03 03 08 55 02
+5.63427817E-02 2021 03 03 09 00 02
+9.63862836E-02 2021 03 03 09 05 02
+3.56126337E-02 2021 03 03 09 10 02
+2.58675720E-01 2021 03 03 09 15 02
+3.32166666E-01 2021 03 03 09 20 02
+1.87144374E-01 2021 03 03 09 25 02
+1.58897811E-02 2021 03 03 09 30 02
+9.61446060E-02 2021 03 03 09 35 02
+1.25275361E-01 2021 03 03 09 40 03
+1.38388370E-02 2021 03 03 09 45 02
+1.07560167E-01 2021 03 03 09 50 02
+1.17977343E-01 2021 03 03 09 55 02
+1.48978122E-01 2021 03 03 10 00 02
+1.64237746E-01 2021 03 03 10 05 03
-8.07711147E-02 2021 03 03 10 10 02
+2.71581981E-01 2021 03 03 10 15 02
+1.35850127E-01 2021 03 03 10 20 02
+6.02709268E-02 2021 03 03 10 25 02
-1.71287947E-01 2021 03 03 10 30 02
-3.70759022E-01 2021 03 03 10 35 02
-4.74495443E-01 2021 03 03 10 40 02
-4.90709712E-01 2021 03 03 10 45 02
-3.54531256E-01 2021 03 03 10 50 02
-5.06108300E-01 2021 03 03 10 55 02
-5.72617355E-01 2021 03 03 11 00 02
-4.67748486E-01 2021 03 03 11 05 03
-4.45454867E-01 2021 03 03 11 10 02
-4.64861241E-01 2021 03 03 11 15 02
-4.12243437E-01 2021 03 03 11 20 02
-3.15830784E-01 2021 03 03 11 25 02
-2.03846931E-01 2021 03 03 11 30 03
-4.50840434E-01 2021 03 03 11 35 02
-1.95301781E-01 2021 03 03 11 40 02
-2.24591637E-01 2021 03 03 11 45 02
-2.48994551E-01 2021 03 03 11 50 02
-1.75157598E-01 2021 03 03 11 55 02
-1.74706862E-01 2021 03 03 12 00 02
-3.50074827E-01 2021 03 03 12 05 02
-3.61180841E-01 2021 03 03 12 10 02
-4.33211525E-01 2021 03 03 12 15 02
-6.63177522E-01 2021 03 03 12 20 02
-5.36129883E-01 2021 03 03 12 25 02
-5.06656668E-01 2021 03 03 12 30 03
-5.41877477E-01 2021 03 03 12 35 02
-4.96048525E-01 2021 03 03 12 40 02
-5.31702842E-01 2021 03 03 12 45 02
-4.82397986E-01 2021 03 03 12 50 02
-6.13317730E-01 2021 03 03 12 55 02
-4.87922093E-01 2021 03 03 13 00 02
-4.23062123E-01 2021 03 03 13 05 02
-4.45216311E-01 2021 03 03 13 10 02
-5.33174306E-01 2021 03 03 13 15 02
-5.72391351E-01 2021 03 03 13 20 02
-7.12999724E-01 2021 03 03 13 25 02
-8.95873762E-01 2021 03 03 13 30 02
-8.50515707E-01 2021 03 03 13 35 02
-6.44281140E-01 2021 03 03 13 40 02
-4.39644606E-01 2021 03 03 13 45 02
-3.96697908E-01 2021 03 03 13 50 02
-5.08069579E-01 2021 03 03 13 55 03
-6.88447819E-01 2021 03 03 14 00 02
-8.71691381E-01 2021 03 03 14 05 02
-7.42001079E-01 2021 03 03 14 10 02
-6.53554054E-01 2021 03 03 14 15 02
-7.00839873E-01 2021 03 03 14 20 02
-7.99050123E-01 2021 03 03 14 25 02
-9.27393101E-01 2021 03 03 14 30 02
-9.39159628E-01 2021 03 03 14 35 02
-9.99263084E-01 2021 03 03 14 40 02
-9.41232340E-01 2021 03 03 14 45 02
-9.75437289E-01 2021 03 03 14 50 02
-8.88425252E-01 2021 03 03 14 55 03
-9.24286171E-01 2021 03 03 15 00 02
-8.54986757E-01 2021 03 03 15 05 02
-8.23646763E-01 2021 03 03 15 10 02
-8.99351068E-01 2021 03 03 15 15 02
-8.12352828E-01 2021 03 03 15 20 03
-7.44792913E-01 2021 03 03 15 25 02
-8.58190291E-01 2021 03 03 15 30 02
-8.80438822E-01 2021 03 03 15 35 02
-7.77899981E-01 2021 03 03 15 40 02
-7.80721438E-01 2021 03 03 15 45 02
-9.57788154E-01 2021 03 03 15 50 02
-1.10869836E+00 2021 03 03 15 55 02
-1.17813013E+00 2021 03 03 16 00 02
-1.15167368E+00 2021 03 03 16 05 02
-1.47784473E+00 2021 03 03 16 10 02
-1.38315421E+00 2021 03 03 16 15 02
-1.14280943E+00 2021 03 03 16 20 03
-1.10739677E+00 2021 03 03 16 25 02
-1.10066948E+00 2021 03 03 16 30 02
-9.82662340E-01 2021 03 03 16 35 02
-8.52753025E-01 2021 03 03 16 40 02
-6.83275005E-01 2021 03 03 16 45 02
-6.44104477E-01 2021 03 03 16 50 02
-5.79474802E-01 2021 03 03 16 55 02
-7.47342911E-01 2021 03 03 17 00 02
-4.88046528E-01 2021 03 03 17 05 02
-6.04352229E-01 2021 03 03 17 10 02
-5.31049119E-01 2021 03 03 17 15 02
-3.76059441E-01 2021 03 03 17 20 03
-7.79176126E-01 2021 03 03 17 25 02
-5.61118204E-01 2021 03 03 17 30 02
-6.64719866E-01 2021 03 03 17 35 02
-6.20459141E-01 2021 03 03 17 40 02
-5.04979204E-01 2021 03 03 17 45 03
-5.53641521E-01 2021 03 03 17 50 02
-5.33459159E-01 2021 03 03 17 55 02
-3.88423640E-01 2021 03 03 18 00 02
-2.68705491E-01 2021 03 03 18 05 02
-3.59352842E-01 2021 03 03 18 10 02
-4.73723039E-01 2021 03 03 18 15 02
-4.90965159E-01 2021 03 03 18 20 02
-5.70268951E-01 2021 03 03 18 25 02
-5.32707737E-01 2021 03 03 18 30 02
-3.43905861E-01 2021 03 03 18 35 02
-5.10279315E-01 2021 03 03 18 40 02
-4.09856644E-01 2021 03 03 18 45 02
-3.24413503E-01 2021 03 03 18 50 02
-2.25085534E-01 2021 03 03 18 55 02
-1.95171625E-01 2021 03 03 19 00 02
+2.44034556E-02 2021 03 03 19 05 02
+1.07228019E-01 2021 03 03 19 10 03
+1.31757759E-01 2021 03 03 19 15 02
+2.41598138E-01 2021 03 03 19 20 02
+4.44406804E-01 2021 03 03 19 25 02
+2.02776758E-01 2021 03 03 19 30 02
+2.43692351E-01 2021 03 03 19 35 02
+1.80042064E-01 2021 03 03 19 40 02
+2.07675391E-01 2021 03 03 19 45 02
+1.63303209E-01 2021 03 03 19 50 02
-1.85722867E-02 2021 03 03 19 55 02
+7.54338557E-02 2021 03 03 20 00 02
+1.94424035E-01 2021 03 03 20 05 02
+2.15424359E-01 2021 03 03 20 10 02
+9.03244389E-02 2021 03 03 20 15 02
+2.86038272E-01 2021 03 03 20 20 02
+2.28320239E-01 2021 03 03 20 25 02
+3.37228519E-01 2021 03 03 20 30 02
+2.99136397E-01 2021 03 03 20 35 02
+2.19022408E-01 2021 03 03 20 40 02
+1.75307748E-01 2021 03 03 20 45 02
+1.38187624E-01 2021 03 03 20 50 02
+1.04737680E-01 2021 03 03 20 55 02
+8.52489494E-02 2021 03 03 21 00 02
+1.73724478E-01 2021 03 03 21 05 02
+1.92876566E-01 2021 03 03 21 10 02
+3.89224390E-02 2021 03 03 21 15 02
+6.22610307E-02 2021 03 03 21 20 02
+2.09017706E-01 2021 03 03 21 25 03
+2.42250892E-01 2021 03 03 21 30 02
+2.18984251E-01 2021 03 03 21 35 02
+2.03889797E-01 2021 03 03 21 40 02
+4.46436061E-01 2021 03 03 21 45 02
+5.92881826E-01 2021 03 03 21 50 03
+5.29956394E-01 2021 03 03 21 55 02
+4.07914920E-01 2021 03 03 22 00 02
+2.77632409E-01 2021 03 03 22 05 02
+2.71817634E-01 2021 03 03 22 10 02
+5.43313269E-01 2021 03 03 22 15 03
+5.47828866E-01 2021 03 03 22 20 02
+3.30405403E-01 2021 03 03 22 25 02
+2.94725509E-01 2021 03 03 22 30 02
+2.61887267E-01 2021 03 03 22 35 02
+2.03821110E-01 2021 03 03 22 40 02
+3.03394098E-02 2021 03 03 22 45 02
+1.25126831E-01 2021 03 03 22 50 02
-3.23837542E-02 2021 03 03 22 55 02
-1.61659871E-01 2021 03 03 23 00 02
-1.24366407E-01 2021 03 03 23 05 02
-1.57047987E-01 2021 03 03 23 10 02
-2.89375331E-01 2021 03 03 23 15 03
-1.66527929E-01 2021 03 03 23 20 02
-2.58318892E-01 2021 03 03 23 25 02
-1.63241495E-01 2021 03 03 23 30 02
-2.15859734E-01 2021 03 03 23 35 02
-3.14806126E-01 2021 03 03 23 40 02
-4.09961873E-01 2021 03 03 23 45 02
-3.16962340E-01 2021 03 03 23 50 02
-2.99369520E-01 2021 03 03 23 55 02
