-6.32566919E-01 2021 03 10 00 00 02
-7.04451300E-01 2021 03 10 00 05 02
-7.11617398E-01 2021 03 10 00 10 02
-7.74965089E-01 2021 03 10 00 15 02
-6.95928501E-01 2021 03 10 00 20 03
-6.82387254E-01 2021 03 10 00 25 02
-6.88394629E-01 2021 03 10 00 30 02
-5.89780646E-01 2021 03 10 00 35 02
-6.00862525E-01 2021 03 10 00 40 02
-6.40605780E-01 2021 03 10 00 45 03
-6.21874647E-01 2021 03 10 00 50 02
-6.10126830E-01 2021 03 10 00 55 02
-6.11863707E-01 2021 03 10 01 00 02
-6.19999745E-01 2021 03 10 01 05 02
-5.83885148E-01 2021 03 10 01 10 03
-5.33738948E-01 2021 03 10 01 15 02
-4.70508129E-01 2021 03 10 01 20 02
-3.88220767E-01 2021 03 10 01 25 02
-4.73032937E-01 2021 03 10 01 30 02
-5.05690483E-01 2021 03 10 01 35 03
-5.23481673E-01 2021 03 10 01 40 02
-5.22628830E-01 2021 03 10 01 45 02
-4.77879085E-01 2021 03 10 01 50 02
-4.34868012E-01 2021 03 10 01 55 02
-3.83038405E-01 2021 03 10 02 00 03
-3.34573968E-01 2021 03 10 02 05 02
-3.26109930E-01 2021 03 10 02 10 02
-2.80376760E-01 2021 03 10 02 15 02
-2.51731607E-01 2021 03 10 02 20 02
-2.99573780E-01 2021 03 10 02 25 02
-2.52083526E-01 2021 03 10 02 30 02
-2.12441944E-01 2021 03 10 02 35 02
-1.31920682E-01 2021 03 10 02 40 02
-8.61589372E-02 2021 03 10 02 45 02
-1.08317029E-01 2021 03 10 02 50 02
-1.26258479E-01 2021 03 10 02 55 02
-1.59157058E-01 2021 03 10 03 00 02
-1.98398345E-01 2021 03 10 03 05 02
-2.17597927E-01 2021 03 10 03 10 02
-1.78225630E-01 2021 03 10 03 15 02
-1.59446303E-01 2021 03 10 03 20 02
-1.28550747E-01 2021 03 10 03 25 03
-1.26926670E-01 2021 03 10 03 30 02
-1.43364718E-01 2021 03 10 03 35 02
-1.01772715E-01 2021 03 10 03 40 02
-8.58459092E-02 2021 03 10 03 45 02
-8.23285408E-02 2021 03 10 03 50 03
-7.19633805E-02 2021 03 10 03 55 02
-6.65911606E-02 2021 03 10 04 00 02
-3.65244369E-02 2021 03 10 04 05 02
-2.58764706E-02 2021 03 10 04 10 02
-2.55301202E-02 2021 03 10 04 15 03
+1.45173855E-02 2021 03 10 04 20 02
+5.92070323E-02 2021 03 10 04 25 02
+3.38987206E-02 2021 03 10 04 30 02
+3.67556115E-02 2021 03 10 04 35 02
-4.68991772E-03 2021 03 10 04 40 02
-3.53305841E-02 2021 03 10 04 45 02
-1.98176181E-02 2021 03 10 04 50 02
-6.37002425E-03 2021 03 10 04 55 02
+3.19306980E-02 2021 03 10 05 00 02
+3.92240327E-02 2021 03 10 05 05 02
+3.61524492E-02 2021 03 10 05 10 02
+4.23758207E-02 2021 03 10 05 15 02
+3.37005477E-02 2021 03 10 05 20 02
+6.41214611E-02 2021 03 10 05 25 02
+7.10435046E-02 2021 03 10 05 30 02
+1.78283646E-01 2021 03 10 05 35 02
+8.00836062E-02 2021 03 10 05 40 03
+1.00527440E-01 2021 03 10 05 45 02
+5.26914856E-02 2021 03 10 05 50 02
+5.27549635E-02 2021 03 10 05 55 02
+4.14793974E-02 2021 03 10 06 00 02
-3.44416938E-02 2021 03 10 06 05 03
+7.86728249E-03 2021 03 10 06 10 02
+1.46372964E-02 2021 03 10 06 15 02
+1.02483435E-02 2021 03 10 06 20 02
+6.05633155E-02 2021 03 10 06 25 02
-4.52129406E-02 2021 03 10 06 30 02
-1.77977069E-02 2021 03 10 06 35 02
-6.31455740E-02 2021 03 10 06 40 02
-7.14754598E-02 2021 03 10 06 45 02
-1.07553441E-01 2021 03 10 06 50 02
-1.72934184E-01 2021 03 10 06 55 02
-1.71087271E-01 2021 03 10 07 00 02
-1.89148414E-01 2021 03 10 07 05 02
-2.56049924E-01 2021 03 10 07 10 02
-2.52459767E-01 2021 03 10 07 15 02
-2.55110777E-01 2021 03 10 07 20 02
-3.22420800E-01 2021 03 10 07 25 02
-4.00995881E-01 2021 03 10 07 30 03
-4.11548153E-01 2021 03 10 07 35 02
-5.08563973E-01 2021 03 10 07 40 02
-4.38056140E-01 2021 03 10 07 45 02
-5.09564568E-01 2021 03 10 07 50 02
-5.35580436E-01 2021 03 10 07 55 03
-5.46814091E-01 2021 03 10 08 00 02
-6.09122154E-01 2021 03 10 08 05 02
-6.35760578E-01 2021 03 10 08 10 02
-7.35399439E-01 2021 03 10 08 15 02
-7.58483361E-01 2021 03 10 08 20 02
-7.77693096E-01 2021 03 10 08 25 02
-7.65916689E-01 2021 03 10 08 30 02
-8.03001717E-01 2021 03 10 08 35 02
-8.54505067E-01 2021 03 10 08 40 02
-8.63380621E-01 2021 03 10 08 45 02
-8.04652739E-01 2021 03 10 08 50 02
-8.64957752E-01 2021 03 10 08 55 02
-7.93188764E-01 2021 03 10 09 00 02
-8.44782107E-01 2021 03 10 09 05 02
-8.57614669E-01 2021 03 10 09 10 02
-9.85601419E-01 2021 03 10 09 15 02
-9.39879895E-01 2021 03 10 09 20 03
-1.01503366E+00 2021 03 10 09 25 02
-9.78965790E-01 2021 03 10 09 30 02
-9.33025182E-01 2021 03 10 09 35 02
-9.40681275E-01 2021 03 10 09 40 02
-1.01847997E+00 2021 03 10 09 45 03
-1.00862138E+00 2021 03 10 09 50 02
-1.00095804E+00 2021 03 10 09 55 02
-1.00822723E+00 2021 03 10 10 00 02
-1.01534234E+00 2021 03 10 10 05 02
-9.67005737E-01 2021 03 10 10 10 03
-8.94957945E-01 2021 03 10 10 15 02
-1.02901434E+00 2021 03 10 10 20 02
-9.80278479E-01 2021 03 10 10 25 02
-9.45511903E-01 2021 03 10 10 30 02
-9.28034077E-01 2021 03 10 10 35 03
-8.95894923E-01 2021 03 10 10 40 02
-8.43942535E-01 2021 03 10 10 45 02
-7.31703285E-01 2021 03 10 10 50 02
-9.32496735E-01 2021 03 10 10 55 02
-8.17925725E-01 2021 03 10 11 00 02
-7.71544027E-01 2021 03 10 11 05 02
-7.74881006E-01 2021 03 10 11 10 02
-7.52871692E-01 2021 03 10 11 15 02
-6.95709864E-01 2021 03 10 11 20 02
-6.52093551E-01 2021 03 10 11 25 02
-6.97281634E-01 2021 03 10 11 30 02
-6.52513844E-01 2021 03 10 11 35 02
-6.29448750E-01 2021 03 10 11 40 02
-6.00497774E-01 2021 03 10 11 45 02
-6.14364436E-01 2021 03 10 11 50 02
-6.01018373E-01 2021 03 10 11 55 02
-5.17097503E-01 2021 03 10 12 00 02
-5.15984602E-01 2021 03 10 12 05 02
-5.78181114E-01 2021 03 10 12 10 02
-5.04514292E-01 2021 03 10 12 15 02
-6.06825141E-01 2021 03 10 12 20 02
-5.61252699E-01 2021 03 10 12 25 03
-4.79375958E-01 2021 03 10 12 30 02
-4.11257423E-01 2021 03 10 12 35 02
-4.63129969E-01 2021 03 10 12 40 02
-4.65847471E-01 2021 03 10 12 45 02
-3.93906605E-01 2021 03 10 12 50 03
-4.42187187E-01 2021 03 10 12 55 02
-3.74336415E-01 2021 03 10 13 00 02
-3.30135380E-01 2021 03 10 13 05 02
-2.55483896E-01 2021 03 10 13 10 02
-3.05204168E-01 2021 03 10 13 15 03
-2.45330523E-01 2021 03 10 13 20 02
-2.52892726E-01 2021 03 10 13 25 02
-3.16662509E-01 2021 03 10 13 30 02
-2.34160795E-01 2021 03 10 13 35 02
-2.58795058E-01 2021 03 10 13 40 02
-1.74259760E-01 2021 03 10 13 45 02
-2.03752041E-01 2021 03 10 13 50 02
-1.87806533E-01 2021 03 10 13 55 02
-2.03123304E-01 2021 03 10 14 00 02
-2.23312991E-01 2021 03 10 14 05 02
-1.71546673E-01 2021 03 10 14 10 02
-1.84227477E-01 2021 03 10 14 15 02
-1.29877827E-01 2021 03 10 14 20 02
-1.31020456E-01 2021 03 10 14 25 02
-8.99199473E-02 2021 03 10 14 30 02
-8.66039951E-02 2021 03 10 14 35 02
-1.26958643E-01 2021 03 10 14 40 03
-2.83029360E-01 2021 03 10 14 45 02
-2.21035113E-01 2021 03 10 14 50 02
-2.35513467E-01 2021 03 10 14 55 02
-2.18639439E-01 2021 03 10 15 00 02
-2.22617718E-01 2021 03 10 15 05 03
-1.44770283E-01 2021 03 10 15 10 02
-2.81598981E-01 2021 03 10 15 15 02
-1.62740762E-01 2021 03 10 15 20 02
-1.65872890E-01 2021 03 10 15 25 02
-1.04477774E-01 2021 03 10 15 30 02
-1.69878641E-01 2021 03 10 15 35 02
-1.63175994E-01 2021 03 10 15 40 02
-1.44756966E-01 2021 03 10 15 45 02
-2.39558720E-01 2021 03 10 15 50 02
-1.34143638E-01 2021 03 10 15 55 02
-1.88273187E-01 2021 03 10 16 00 02
-1.85629950E-01 2021 03 10 16 05 02
-1.97277025E-01 2021 03 10 16 10 02
-2.77735434E-01 2021 03 10 16 15 02
-2.99026065E-01 2021 03 10 16 20 02
-3.25638394E-01 2021 03 10 16 25 02
-2.27766172E-01 2021 03 10 16 30 02
-1.42737474E-01 2021 03 10 16 35 02
-2.25844486E-01 2021 03 10 16 40 02
-2.43439744E-01 2021 03 10 16 45 02
-2.99850405E-01 2021 03 10 16 50 02
-2.55588222E-01 2021 03 10 16 55 02
-2.85438919E-01 2021 03 10 17 00 02
-2.63307323E-01 2021 03 10 17 05 02
-3.18137340E-01 2021 03 10 17 10 02
-2.99095295E-01 2021 03 10 17 15 02
-3.02208424E-01 2021 03 10 17 20 03
-3.01421756E-01 2021 03 10 17 25 02
-2.93771902E-01 2021 03 10 17 30 02
-2.62254211E-01 2021 03 10 17 35 02
-2.65963699E-01 2021 03 10 17 40 02
-2.60457795E-01 2021 03 10 17 45 03
-1.68926035E-01 2021 03 10 17 50 02
-2.19212728E-01 2021 03 10 17 55 02
-1.69128764E-01 2021 03 10 18 00 02
-2.51149033E-01 2021 03 10 18 05 02
-1.32444823E-01 2021 03 10 18 10 03
-2.28707791E-01 2021 03 10 18 15 02
-2.45002623E-01 2021 03 10 18 20 02
-2.12605415E-01 2021 03 10 18 25 02
-2.49370784E-01 2021 03 10 18 30 02
-2.19435310E-01 2021 03 10 18 35 03
-3.57345445E-01 2021 03 10 18 40 02
-2.52570163E-01 2021 03 10 18 45 02
-2.66261830E-01 2021 03 10 18 50 02
-2.22217168E-01 2021 03 10 18 55 02
-2.56615701E-01 2021 03 10 19 00 02
-2.45713790E-01 2021 03 10 19 05 02
-3.60059399E-01 2021 03 10 19 10 02
-3.83151868E-01 2021 03 10 19 15 02
-3.80227489E-01 2021 03 10 19 20 02
-2.79287253E-01 2021 03 10 19 25 02
-3.38938056E-01 2021 03 10 19 30 02
-2.67207299E-01 2021 03 10 19 35 02
-4.31899293E-01 2021 03 10 19 40 02
-4.52003817E-01 2021 03 10 19 45 02
-4.09844777E-01 2021 03 10 19 50 02
-3.80768905E-01 2021 03 10 19 55 02
-3.91207930E-01 2021 03 10 20 00 03
-4.08991037E-01 2021 03 10 20 05 02
-4.32591148E-01 2021 03 10 20 10 02
-4.53739340E-01 2021 03 10 20 15 02
-4.77105008E-01 2021 03 10 20 20 02
-5.07746722E-01 2021 03 10 20 25 03
-5.52288176E-01 2021 03 10 20 30 02
-4.96166688E-01 2021 03 10 20 35 02
-5.67639490E-01 2021 03 10 20 40 02
-5.76044768E-01 2021 03 10 20 45 02
-5.51064891E-01 2021 03 10 20 50 02
-6.35506814E-01 2021 03 10 20 55 02
-6.18466008E-01 2021 03 10 21 00 02
-6.44116439E-01 2021 03 10 21 05 02
-6.71268576E-01 2021 03 10 21 10 02
-6.35410769E-01 2021 03 10 21 15 02
-6.65007900E-01 2021 03 10 21 20 02
-6.98278103E-01 2021 03 10 21 25 02
-7.01263968E-01 2021 03 10 21 30 02
-6.93586566E-01 2021 03 10 21 35 02
-6.77349725E-01 2021 03 10 21 40 02
-7.52469853E-01 2021 03 10 21 45 02
-7.33360911E-01 2021 03 10 21 50 02
-6.92881375E-01 2021 03 10 21 55 02
-7.58728948E-01 2021 03 10 22 00 02
-7.44648738E-01 2021 03 10 22 05 02
-7.28385347E-01 2021 03 10 22 10 02
-7.98174008E-01 2021 03 10 22 15 03
-8.08504027E-01 2021 03 10 22 20 02
-8.37512431E-01 2021 03 10 22 25 02
-7.90016203E-01 2021 03 10 22 30 02
-8.14504055E-01 2021 03 10 22 35 02
-7.19131027E-01 2021 03 10 22 40 03
-8.50969807E-01 2021 03 10 22 45 02
-7.76109923E-01 2021 03 10 22 50 02
-7.81267420E-01 2021 03 10 22 55 02
-8.12319948E-01 2021 03 10 23 00 02
-7.58938858E-01 2021 03 10 23 05 02
-7.87136154E-01 2021 03 10 23 10 02
-7.53015252E-01 2021 03 10 23 15 02
-7.75428628E-01 2021 03 10 23 20 02
-7.74640102E-01 2021 03 10 23 25 02
-7.88139623E-01 2021 03 10 23 30 02
-7.64909213E-01 2021 03 10 23 35 02
-7.70212595E-01 2021 03 10 23 40 03
-7.37631884E-01 2021 03 10 23 45 02
-7.61360235E-01 2021 03 10 23 50 02
-7.15469378E-01 2021 03 10 23 55 02
